612 Out of 768 Normal Mode Frequencies in 1/ps for a 4x4x4 Ar Lattice.
   10.972475   10.972475   10.972475   10.972475    5.000863    5.000863    5.000863    5.000863    5.000863    5.000863    5.000863    5.000863
   10.398888   10.398888   10.398888   10.398888    6.150638    6.150638    6.150638    6.150638    4.997970    4.997970    4.997970    4.997970
    9.359504    9.359504    9.359504    9.359504    7.676604    7.676604    7.676604    7.676604    4.995075    4.995075    4.995075    4.995075
   10.398888   10.398888   10.398888   10.398888    6.150638    6.150638    6.150638    6.150638    4.997970    4.997970    4.997970    4.997970
   10.398888   10.398888   10.398888   10.398888    6.150638    6.150638    6.150638    6.150638    4.997970    4.997970    4.997970    4.997970
   10.410881   10.410881    9.400851    9.400851    7.546743    7.546743    6.041386    6.041386    5.171875    5.171875    5.127392    5.127392
    9.631880    9.631880    8.958657    8.958657    8.367479    8.367479    6.474206    6.474206    6.117476    6.117476    4.714561    4.714561
   10.410881   10.410881    9.400851    9.400851    7.546743    7.546743    6.041386    6.041386    5.171875    5.171875    5.127392    5.127392
    9.359504    9.359504    9.359504    9.359504    7.676604    7.676604    7.676604    7.676604    4.995075    4.995075    4.995075    4.995075
    9.631880    9.631880    8.958657    8.958657    8.367479    8.367479    6.474206    6.474206    6.117476    6.117476    4.714561    4.714561
    9.436317    9.436317    9.436317    9.436317    7.485551    7.485551    7.431235    7.431235    5.334560    5.334560    5.334560    5.334560
    9.631880    9.631880    8.958657    8.958657    8.367479    8.367479    6.474206    6.474206    6.117476    6.117476    4.714561    4.714561
   10.398888   10.398888   10.398888   10.398888    6.150638    6.150638    6.150638    6.150638    4.997970    4.997970    4.997970    4.997970
   10.410881   10.410881    9.400851    9.400851    7.546743    7.546743    6.041386    6.041386    5.171875    5.171875    5.127392    5.127392
    9.631880    9.631880    8.958657    8.958657    8.367479    8.367479    6.474206    6.474206    6.117476    6.117476    4.714561    4.714561
   10.410881   10.410881    9.400851    9.400851    7.546743    7.546743    6.041386    6.041386    5.171875    5.171875    5.127392    5.127392
   10.398888   10.398888   10.398888   10.398888    6.150638    6.150638    6.150638    6.150638    4.997970    4.997970    4.997970    4.997970
   10.410881   10.410881    9.400851    9.400851    7.546743    7.546743    6.041386    6.041386    5.171875    5.171875    5.127392    5.127392
    9.631880    9.631880    8.958657    8.958657    8.367479    8.367479    6.474206    6.474206    6.117476    6.117476    4.714561    4.714561
   10.410881   10.410881    9.400851    9.400851    7.546743    7.546743    6.041386    6.041386    5.171875    5.171875    5.127392    5.127392
   10.410881   10.410881    9.400851    9.400851    7.546743    7.546743    6.041386    6.041386    5.171875    5.171875    5.127392    5.127392
   10.218624   10.218624   10.218624    7.613924    7.550396    7.550396    7.550396    6.387608    6.387608    6.387608    3.545398    3.545398
   10.122576    9.987626    9.987626    8.883266    7.598371    7.598371    6.826917    6.718223    6.718223    6.023455    4.116748    2.576701
   10.218624   10.218624   10.218624    7.613924    7.550396    7.550396    7.550396    6.387608    6.387608    6.387608    3.545398    3.545398
    9.631880    9.631880    8.958657    8.958657    8.367479    8.367479    6.474206    6.474206    6.117476    6.117476    4.714561    4.714561
   10.122576    9.987626    9.987626    8.883266    7.598371    7.598371    6.826917    6.718223    6.718223    6.023455    4.116748    2.576701
   10.562280   10.562280   10.055329    8.131600    8.131600    7.475066    7.475066    6.951742    6.951742    3.911453    2.897548    2.897548
   10.122576    9.987626    9.987626    8.883266    7.598371    7.598371    6.826917    6.718223    6.718223    6.023455    4.116748    2.576701
   10.410881   10.410881    9.400851    9.400851    7.546743    7.546743    6.041386    6.041386    5.171875    5.171875    5.127392    5.127392
   10.218624   10.218624   10.218624    7.613924    7.550396    7.550396    7.550396    6.387608    6.387608    6.387608    3.545398    3.545398
   10.122576    9.987626    9.987626    8.883266    7.598371    7.598371    6.826917    6.718223    6.718223    6.023455    4.116748    2.576701
   10.218624   10.218624   10.218624    7.613924    7.550396    7.550396    7.550396    6.387608    6.387608    6.387608    3.545398    3.545398
    9.359504    9.359504    9.359504    9.359504    7.676604    7.676604    7.676604    7.676604    4.995075    4.995075    4.995075    4.995075
    9.631880    9.631880    8.958657    8.958657    8.367479    8.367479    6.474206    6.474206    6.117476    6.117476    4.714561    4.714561
    9.436317    9.436317    9.436317    9.436317    7.485551    7.485551    7.431235    7.431235    5.334560    5.334560    5.334560    5.334560
    9.631880    9.631880    8.958657    8.958657    8.367479    8.367479    6.474206    6.474206    6.117476    6.117476    4.714561    4.714561
    9.631880    9.631880    8.958657    8.958657    8.367479    8.367479    6.474206    6.474206    6.117476    6.117476    4.714561    4.714561
   10.122576    9.987626    9.987626    8.883266    7.598371    7.598371    6.826917    6.718223    6.718223    6.023455    4.116748    2.576701
   10.562280   10.562280   10.055329    8.131600    8.131600    7.475066    7.475066    6.951742    6.951742    3.911453    2.897548    2.897548
   10.122576    9.987626    9.987626    8.883266    7.598371    7.598371    6.826917    6.718223    6.718223    6.023455    4.116748    2.576701
    9.436317    9.436317    9.436317    9.436317    7.485551    7.485551    7.431235    7.431235    5.334560    5.334560    5.334560    5.334560
   10.562280   10.562280   10.055329    8.131600    8.131600    7.475066    7.475066    6.951742    6.951742    3.911453    2.897548    2.897548
   10.988687   10.988687   10.988687    7.518640    7.518640    7.518640    7.518640    7.518640    7.518640    0.000000    0.000000    0.000000
    9.631880    9.631880    8.958657    8.958657    8.367479    8.367479    6.474206    6.474206    6.117476    6.117476    4.714561    4.714561
   10.398888   10.398888   10.398888   10.398888    6.150638    6.150638    6.150638    6.150638    4.997970    4.997970    4.997970    4.997970
   10.410881   10.410881    9.400851    9.400851    7.546743    7.546743    6.041386    6.041386    5.171875    5.171875    5.127392    5.127392
    9.631880    9.631880    8.958657    8.958657    8.367479    8.367479    6.474206    6.474206    6.117476    6.117476    4.714561    4.714561
   10.410881   10.410881    9.400851    9.400851    7.546743    7.546743    6.041386    6.041386    5.171875    5.171875    5.127392    5.127392
   10.410881   10.410881    9.400851    9.400851    7.546743    7.546743    6.041386    6.041386    5.171875    5.171875    5.127392    5.127392
    9.631880    9.631880    8.958657    8.958657    8.367479    8.367479    6.474206    6.474206    6.117476    6.117476    4.714561    4.714561
   10.410881   10.410881    9.400851    9.400851    7.546743    7.546743    6.041386    6.041386    5.171875    5.171875    5.127392    5.127392
