2048 4 12.448 12.448 12.448
1 2 0 0 0
2 2 0.77802 0.77802 0
3 1 0.77802 0 0.77802
4 1 0 0.77802 0.77802
5 2 0 0 1.556
6 1 0.77802 0.77802 1.556
7 1 0.77802 0 2.3341
8 1 0 0.77802 2.3341
9 1 0 0 3.1121
10 1 0.77802 0.77802 3.1121
11 1 0.77802 0 3.8901
12 1 0 0.77802 3.8901
13 1 0 0 4.6681
14 1 0.77802 0.77802 4.6681
15 1 0.77802 0 5.4461
16 1 0 0.77802 5.4461
17 1 0 0 6.2241
18 1 0.77802 0.77802 6.2241
19 1 0.77802 0 7.0022
20 1 0 0.77802 7.0022
21 1 0 0 7.7802
22 1 0.77802 0.77802 7.7802
23 1 0.77802 0 8.5582
24 1 0 0.77802 8.5582
25 2 0 0 9.3362
26 1 0.77802 0.77802 9.3362
27 1 0.77802 0 10.114
28 1 0 0.77802 10.114
29 1 0 0 10.892
30 2 0.77802 0.77802 10.892
31 1 0.77802 0 11.67
32 1 0 0.77802 11.67
33 1 0 1.556 0
34 1 0.77802 2.3341 0
35 2 0.77802 1.556 0.77802
36 1 0 2.3341 0.77802
37 1 0 1.556 1.556
38 2 0.77802 2.3341 1.556
39 2 0.77802 1.556 2.3341
40 1 0 2.3341 2.3341
41 1 0 1.556 3.1121
42 2 0.77802 2.3341 3.1121
43 1 0.77802 1.556 3.8901
44 2 0 2.3341 3.8901
45 2 0 1.556 4.6681
46 2 0.77802 2.3341 4.6681
47 1 0.77802 1.556 5.4461
48 2 0 2.3341 5.4461
49 1 0 1.556 6.2241
50 2 0.77802 2.3341 6.2241
51 1 0.77802 1.556 7.0022
52 1 0 2.3341 7.0022
53 1 0 1.556 7.7802
54 1 0.77802 2.3341 7.7802
55 1 0.77802 1.556 8.5582
56 1 0 2.3341 8.5582
57 2 0 1.556 9.3362
58 1 0.77802 2.3341 9.3362
59 1 0.77802 1.556 10.114
60 1 0 2.3341 10.114
61 1 0 1.556 10.892
62 2 0.77802 2.3341 10.892
63 1 0.77802 1.556 11.67
64 1 0 2.3341 11.67
65 1 0 3.1121 0
66 1 0.77802 3.8901 0
67 2 0.77802 3.1121 0.77802
68 1 0 3.8901 0.77802
69 1 0 3.1121 1.556
70 1 0.77802 3.8901 1.556
71 1 0.77802 3.1121 2.3341
72 1 0 3.8901 2.3341
73 1 0 3.1121 3.1121
74 1 0.77802 3.8901 3.1121
75 1 0.77802 3.1121 3.8901
76 1 0 3.8901 3.8901
77 1 0 3.1121 4.6681
78 1 0.77802 3.8901 4.6681
79 1 0.77802 3.1121 5.4461
80 1 0 3.8901 5.4461
81 1 0 3.1121 6.2241
82 1 0.77802 3.8901 6.2241
83 1 0.77802 3.1121 7.0022
84 1 0 3.8901 7.0022
85 1 0 3.1121 7.7802
86 1 0.77802 3.8901 7.7802
87 2 0.77802 3.1121 8.5582
88 1 0 3.8901 8.5582
89 1 0 3.1121 9.3362
90 1 0.77802 3.8901 9.3362
91 1 0.77802 3.1121 10.114
92 1 0 3.8901 10.114
93 1 0 3.1121 10.892
94 1 0.77802 3.8901 10.892
95 1 0.77802 3.1121 11.67
96 1 0 3.8901 11.67
97 1 0 4.6681 0
98 1 0.77802 5.4461 0
99 1 0.77802 4.6681 0.77802
100 2 0 5.4461 0.77802
101 1 0 4.6681 1.556
102 1 0.77802 5.4461 1.556
103 1 0.77802 4.6681 2.3341
104 1 0 5.4461 2.3341
105 1 0 4.6681 3.1121
106 1 0.77802 5.4461 3.1121
107 2 0.77802 4.6681 3.8901
108 1 0 5.4461 3.8901
109 1 0 4.6681 4.6681
110 1 0.77802 5.4461 4.6681
111 1 0.77802 4.6681 5.4461
112 1 0 5.4461 5.4461
113 1 0 4.6681 6.2241
114 1 0.77802 5.4461 6.2241
115 2 0.77802 4.6681 7.0022
116 2 0 5.4461 7.0022
117 1 0 4.6681 7.7802
118 1 0.77802 5.4461 7.7802
119 1 0.77802 4.6681 8.5582
120 1 0 5.4461 8.5582
121 1 0 4.6681 9.3362
122 1 0.77802 5.4461 9.3362
123 1 0.77802 4.6681 10.114
124 1 0 5.4461 10.114
125 1 0 4.6681 10.892
126 1 0.77802 5.4461 10.892
127 1 0.77802 4.6681 11.67
128 2 0 5.4461 11.67
129 1 0 6.2241 0
130 1 0.77802 7.0022 0
131 1 0.77802 6.2241 0.77802
132 1 0 7.0022 0.77802
133 1 0 6.2241 1.556
134 1 0.77802 7.0022 1.556
135 2 0.77802 6.2241 2.3341
136 2 0 7.0022 2.3341
137 2 0 6.2241 3.1121
138 2 0.77802 7.0022 3.1121
139 1 0.77802 6.2241 3.8901
140 1 0 7.0022 3.8901
141 1 0 6.2241 4.6681
142 1 0.77802 7.0022 4.6681
143 1 0.77802 6.2241 5.4461
144 2 0 7.0022 5.4461
145 1 0 6.2241 6.2241
146 2 0.77802 7.0022 6.2241
147 1 0.77802 6.2241 7.0022
148 1 0 7.0022 7.0022
149 1 0 6.2241 7.7802
150 1 0.77802 7.0022 7.7802
151 1 0.77802 6.2241 8.5582
152 2 0 7.0022 8.5582
153 1 0 6.2241 9.3362
154 1 0.77802 7.0022 9.3362
155 1 0.77802 6.2241 10.114
156 1 0 7.0022 10.114
157 1 0 6.2241 10.892
158 1 0.77802 7.0022 10.892
159 1 0.77802 6.2241 11.67
160 1 0 7.0022 11.67
161 1 0 7.7802 0
162 1 0.77802 8.5582 0
163 1 0.77802 7.7802 0.77802
164 1 0 8.5582 0.77802
165 2 0 7.7802 1.556
166 1 0.77802 8.5582 1.556
167 1 0.77802 7.7802 2.3341
168 1 0 8.5582 2.3341
169 1 0 7.7802 3.1121
170 1 0.77802 8.5582 3.1121
171 1 0.77802 7.7802 3.8901
172 1 0 8.5582 3.8901
173 1 0 7.7802 4.6681
174 1 0.77802 8.5582 4.6681
175 1 0.77802 7.7802 5.4461
176 1 0 8.5582 5.4461
177 1 0 7.7802 6.2241
178 1 0.77802 8.5582 6.2241
179 1 0.77802 7.7802 7.0022
180 2 0 8.5582 7.0022
181 1 0 7.7802 7.7802
182 1 0.77802 8.5582 7.7802
183 1 0.77802 7.7802 8.5582
184 1 0 8.5582 8.5582
185 1 0 7.7802 9.3362
186 1 0.77802 8.5582 9.3362
187 1 0.77802 7.7802 10.114
188 1 0 8.5582 10.114
189 1 0 7.7802 10.892
190 2 0.77802 8.5582 10.892
191 1 0.77802 7.7802 11.67
192 1 0 8.5582 11.67
193 1 0 9.3362 0
194 1 0.77802 10.114 0
195 2 0.77802 9.3362 0.77802
196 1 0 10.114 0.77802
197 1 0 9.3362 1.556
198 1 0.77802 10.114 1.556
199 1 0.77802 9.3362 2.3341
200 1 0 10.114 2.3341
201 2 0 9.3362 3.1121
202 2 0.77802 10.114 3.1121
203 1 0.77802 9.3362 3.8901
204 1 0 10.114 3.8901
205 1 0 9.3362 4.6681
206 1 0.77802 10.114 4.6681
207 1 0.77802 9.3362 5.4461
208 1 0 10.114 5.4461
209 2 0 9.3362 6.2241
210 1 0.77802 10.114 6.2241
211 1 0.77802 9.3362 7.0022
212 1 0 10.114 7.0022
213 1 0 9.3362 7.7802
214 1 0.77802 10.114 7.7802
215 1 0.77802 9.3362 8.5582
216 1 0 10.114 8.5582
217 1 0 9.3362 9.3362
218 1 0.77802 10.114 9.3362
219 1 0.77802 9.3362 10.114
220 1 0 10.114 10.114
221 1 0 9.3362 10.892
222 1 0.77802 10.114 10.892
223 1 0.77802 9.3362 11.67
224 2 0 10.114 11.67
225 1 0 10.892 0
226 1 0.77802 11.67 0
227 1 0.77802 10.892 0.77802
228 1 0 11.67 0.77802
229 1 0 10.892 1.556
230 1 0.77802 11.67 1.556
231 1 0.77802 10.892 2.3341
232 1 0 11.67 2.3341
233 2 0 10.892 3.1121
234 1 0.77802 11.67 3.1121
235 1 0.77802 10.892 3.8901
236 1 0 11.67 3.8901
237 1 0 10.892 4.6681
238 2 0.77802 11.67 4.6681
239 2 0.77802 10.892 5.4461
240 1 0 11.67 5.4461
241 1 0 10.892 6.2241
242 1 0.77802 11.67 6.2241
243 1 0.77802 10.892 7.0022
244 1 0 11.67 7.0022
245 2 0 10.892 7.7802
246 1 0.77802 11.67 7.7802
247 1 0.77802 10.892 8.5582
248 1 0 11.67 8.5582
249 1 0 10.892 9.3362
250 1 0.77802 11.67 9.3362
251 2 0.77802 10.892 10.114
252 1 0 11.67 10.114
253 1 0 10.892 10.892
254 1 0.77802 11.67 10.892
255 1 0.77802 10.892 11.67
256 2 0 11.67 11.67
257 1 1.556 0 0
258 1 2.3341 0.77802 0
259 1 2.3341 0 0.77802
260 1 1.556 0.77802 0.77802
261 1 1.556 0 1.556
262 1 2.3341 0.77802 1.556
263 1 2.3341 0 2.3341
264 1 1.556 0.77802 2.3341
265 2 1.556 0 3.1121
266 1 2.3341 0.77802 3.1121
267 1 2.3341 0 3.8901
268 2 1.556 0.77802 3.8901
269 2 1.556 0 4.6681
270 2 2.3341 0.77802 4.6681
271 1 2.3341 0 5.4461
272 1 1.556 0.77802 5.4461
273 1 1.556 0 6.2241
274 2 2.3341 0.77802 6.2241
275 1 2.3341 0 7.0022
276 2 1.556 0.77802 7.0022
277 1 1.556 0 7.7802
278 1 2.3341 0.77802 7.7802
279 1 2.3341 0 8.5582
280 1 1.556 0.77802 8.5582
281 1 1.556 0 9.3362
282 1 2.3341 0.77802 9.3362
283 1 2.3341 0 10.114
284 1 1.556 0.77802 10.114
285 1 1.556 0 10.892
286 1 2.3341 0.77802 10.892
287 1 2.3341 0 11.67
288 1 1.556 0.77802 11.67
289 1 1.556 1.556 0
290 1 2.3341 2.3341 0
291 2 2.3341 1.556 0.77802
292 1 1.556 2.3341 0.77802
293 2 1.556 1.556 1.556
294 1 2.3341 2.3341 1.556
295 1 2.3341 1.556 2.3341
296 1 1.556 2.3341 2.3341
297 1 1.556 1.556 3.1121
298 1 2.3341 2.3341 3.1121
299 1 2.3341 1.556 3.8901
300 1 1.556 2.3341 3.8901
301 1 1.556 1.556 4.6681
302 1 2.3341 2.3341 4.6681
303 1 2.3341 1.556 5.4461
304 1 1.556 2.3341 5.4461
305 1 1.556 1.556 6.2241
306 1 2.3341 2.3341 6.2241
307 1 2.3341 1.556 7.0022
308 1 1.556 2.3341 7.0022
309 1 1.556 1.556 7.7802
310 1 2.3341 2.3341 7.7802
311 1 2.3341 1.556 8.5582
312 2 1.556 2.3341 8.5582
313 1 1.556 1.556 9.3362
314 1 2.3341 2.3341 9.3362
315 1 2.3341 1.556 10.114
316 1 1.556 2.3341 10.114
317 1 1.556 1.556 10.892
318 2 2.3341 2.3341 10.892
319 1 2.3341 1.556 11.67
320 1 1.556 2.3341 11.67
321 1 1.556 3.1121 0
322 2 2.3341 3.8901 0
323 1 2.3341 3.1121 0.77802
324 1 1.556 3.8901 0.77802
325 1 1.556 3.1121 1.556
326 1 2.3341 3.8901 1.556
327 2 2.3341 3.1121 2.3341
328 1 1.556 3.8901 2.3341
329 1 1.556 3.1121 3.1121
330 1 2.3341 3.8901 3.1121
331 2 2.3341 3.1121 3.8901
332 1 1.556 3.8901 3.8901
333 1 1.556 3.1121 4.6681
334 1 2.3341 3.8901 4.6681
335 1 2.3341 3.1121 5.4461
336 2 1.556 3.8901 5.4461
337 1 1.556 3.1121 6.2241
338 1 2.3341 3.8901 6.2241
339 1 2.3341 3.1121 7.0022
340 1 1.556 3.8901 7.0022
341 1 1.556 3.1121 7.7802
342 2 2.3341 3.8901 7.7802
343 1 2.3341 3.1121 8.5582
344 1 1.556 3.8901 8.5582
345 1 1.556 3.1121 9.3362
346 1 2.3341 3.8901 9.3362
347 1 2.3341 3.1121 10.114
348 1 1.556 3.8901 10.114
349 1 1.556 3.1121 10.892
350 1 2.3341 3.8901 10.892
351 1 2.3341 3.1121 11.67
352 1 1.556 3.8901 11.67
353 2 1.556 4.6681 0
354 1 2.3341 5.4461 0
355 1 2.3341 4.6681 0.77802
356 2 1.556 5.4461 0.77802
357 1 1.556 4.6681 1.556
358 1 2.3341 5.4461 1.556
359 1 2.3341 4.6681 2.3341
360 1 1.556 5.4461 2.3341
361 1 1.556 4.6681 3.1121
362 1 2.3341 5.4461 3.1121
363 1 2.3341 4.6681 3.8901
364 1 1.556 5.4461 3.8901
365 1 1.556 4.6681 4.6681
366 1 2.3341 5.4461 4.6681
367 2 2.3341 4.6681 5.4461
368 1 1.556 5.4461 5.4461
369 1 1.556 4.6681 6.2241
370 1 2.3341 5.4461 6.2241
371 1 2.3341 4.6681 7.0022
372 1 1.556 5.4461 7.0022
373 1 1.556 4.6681 7.7802
374 1 2.3341 5.4461 7.7802
375 1 2.3341 4.6681 8.5582
376 1 1.556 5.4461 8.5582
377 1 1.556 4.6681 9.3362
378 1 2.3341 5.4461 9.3362
379 1 2.3341 4.6681 10.114
380 1 1.556 5.4461 10.114
381 1 1.556 4.6681 10.892
382 1 2.3341 5.4461 10.892
383 1 2.3341 4.6681 11.67
384 1 1.556 5.4461 11.67
385 2 1.556 6.2241 0
386 1 2.3341 7.0022 0
387 1 2.3341 6.2241 0.77802
388 1 1.556 7.0022 0.77802
389 1 1.556 6.2241 1.556
390 2 2.3341 7.0022 1.556
391 1 2.3341 6.2241 2.3341
392 1 1.556 7.0022 2.3341
393 1 1.556 6.2241 3.1121
394 1 2.3341 7.0022 3.1121
395 2 2.3341 6.2241 3.8901
396 1 1.556 7.0022 3.8901
397 2 1.556 6.2241 4.6681
398 1 2.3341 7.0022 4.6681
399 1 2.3341 6.2241 5.4461
400 1 1.556 7.0022 5.4461
401 1 1.556 6.2241 6.2241
402 1 2.3341 7.0022 6.2241
403 1 2.3341 6.2241 7.0022
404 1 1.556 7.0022 7.0022
405 1 1.556 6.2241 7.7802
406 1 2.3341 7.0022 7.7802
407 2 2.3341 6.2241 8.5582
408 1 1.556 7.0022 8.5582
409 1 1.556 6.2241 9.3362
410 1 2.3341 7.0022 9.3362
411 1 2.3341 6.2241 10.114
412 2 1.556 7.0022 10.114
413 1 1.556 6.2241 10.892
414 1 2.3341 7.0022 10.892
415 1 2.3341 6.2241 11.67
416 1 1.556 7.0022 11.67
417 2 1.556 7.7802 0
418 1 2.3341 8.5582 0
419 1 2.3341 7.7802 0.77802
420 1 1.556 8.5582 0.77802
421 1 1.556 7.7802 1.556
422 2 2.3341 8.5582 1.556
423 1 2.3341 7.7802 2.3341
424 1 1.556 8.5582 2.3341
425 1 1.556 7.7802 3.1121
426 1 2.3341 8.5582 3.1121
427 1 2.3341 7.7802 3.8901
428 1 1.556 8.5582 3.8901
429 1 1.556 7.7802 4.6681
430 1 2.3341 8.5582 4.6681
431 1 2.3341 7.7802 5.4461
432 1 1.556 8.5582 5.4461
433 1 1.556 7.7802 6.2241
434 1 2.3341 8.5582 6.2241
435 1 2.3341 7.7802 7.0022
436 1 1.556 8.5582 7.0022
437 1 1.556 7.7802 7.7802
438 1 2.3341 8.5582 7.7802
439 1 2.3341 7.7802 8.5582
440 1 1.556 8.5582 8.5582
441 1 1.556 7.7802 9.3362
442 1 2.3341 8.5582 9.3362
443 1 2.3341 7.7802 10.114
444 1 1.556 8.5582 10.114
445 1 1.556 7.7802 10.892
446 1 2.3341 8.5582 10.892
447 2 2.3341 7.7802 11.67
448 1 1.556 8.5582 11.67
449 1 1.556 9.3362 0
450 1 2.3341 10.114 0
451 1 2.3341 9.3362 0.77802
452 1 1.556 10.114 0.77802
453 1 1.556 9.3362 1.556
454 1 2.3341 10.114 1.556
455 1 2.3341 9.3362 2.3341
456 1 1.556 10.114 2.3341
457 1 1.556 9.3362 3.1121
458 1 2.3341 10.114 3.1121
459 1 2.3341 9.3362 3.8901
460 1 1.556 10.114 3.8901
461 1 1.556 9.3362 4.6681
462 1 2.3341 10.114 4.6681
463 1 2.3341 9.3362 5.4461
464 2 1.556 10.114 5.4461
465 1 1.556 9.3362 6.2241
466 1 2.3341 10.114 6.2241
467 1 2.3341 9.3362 7.0022
468 2 1.556 10.114 7.0022
469 1 1.556 9.3362 7.7802
470 1 2.3341 10.114 7.7802
471 1 2.3341 9.3362 8.5582
472 1 1.556 10.114 8.5582
473 1 1.556 9.3362 9.3362
474 1 2.3341 10.114 9.3362
475 1 2.3341 9.3362 10.114
476 2 1.556 10.114 10.114
477 1 1.556 9.3362 10.892
478 1 2.3341 10.114 10.892
479 1 2.3341 9.3362 11.67
480 2 1.556 10.114 11.67
481 1 1.556 10.892 0
482 1 2.3341 11.67 0
483 1 2.3341 10.892 0.77802
484 1 1.556 11.67 0.77802
485 1 1.556 10.892 1.556
486 1 2.3341 11.67 1.556
487 1 2.3341 10.892 2.3341
488 1 1.556 11.67 2.3341
489 1 1.556 10.892 3.1121
490 1 2.3341 11.67 3.1121
491 1 2.3341 10.892 3.8901
492 1 1.556 11.67 3.8901
493 1 1.556 10.892 4.6681
494 2 2.3341 11.67 4.6681
495 1 2.3341 10.892 5.4461
496 1 1.556 11.67 5.4461
497 1 1.556 10.892 6.2241
498 1 2.3341 11.67 6.2241
499 1 2.3341 10.892 7.0022
500 1 1.556 11.67 7.0022
501 1 1.556 10.892 7.7802
502 1 2.3341 11.67 7.7802
503 1 2.3341 10.892 8.5582
504 1 1.556 11.67 8.5582
505 1 1.556 10.892 9.3362
506 1 2.3341 11.67 9.3362
507 1 2.3341 10.892 10.114
508 2 1.556 11.67 10.114
509 2 1.556 10.892 10.892
510 1 2.3341 11.67 10.892
511 1 2.3341 10.892 11.67
512 1 1.556 11.67 11.67
513 1 3.1121 0 0
514 1 3.8901 0.77802 0
515 1 3.8901 0 0.77802
516 1 3.1121 0.77802 0.77802
517 1 3.1121 0 1.556
518 1 3.8901 0.77802 1.556
519 1 3.8901 0 2.3341
520 1 3.1121 0.77802 2.3341
521 1 3.1121 0 3.1121
522 1 3.8901 0.77802 3.1121
523 1 3.8901 0 3.8901
524 1 3.1121 0.77802 3.8901
525 1 3.1121 0 4.6681
526 1 3.8901 0.77802 4.6681
527 1 3.8901 0 5.4461
528 1 3.1121 0.77802 5.4461
529 1 3.1121 0 6.2241
530 2 3.8901 0.77802 6.2241
531 1 3.8901 0 7.0022
532 1 3.1121 0.77802 7.0022
533 1 3.1121 0 7.7802
534 1 3.8901 0.77802 7.7802
535 1 3.8901 0 8.5582
536 1 3.1121 0.77802 8.5582
537 2 3.1121 0 9.3362
538 1 3.8901 0.77802 9.3362
539 1 3.8901 0 10.114
540 2 3.1121 0.77802 10.114
541 1 3.1121 0 10.892
542 2 3.8901 0.77802 10.892
543 1 3.8901 0 11.67
544 1 3.1121 0.77802 11.67
545 1 3.1121 1.556 0
546 1 3.8901 2.3341 0
547 1 3.8901 1.556 0.77802
548 1 3.1121 2.3341 0.77802
549 2 3.1121 1.556 1.556
550 2 3.8901 2.3341 1.556
551 1 3.8901 1.556 2.3341
552 1 3.1121 2.3341 2.3341
553 1 3.1121 1.556 3.1121
554 1 3.8901 2.3341 3.1121
555 1 3.8901 1.556 3.8901
556 1 3.1121 2.3341 3.8901
557 1 3.1121 1.556 4.6681
558 1 3.8901 2.3341 4.6681
559 1 3.8901 1.556 5.4461
560 1 3.1121 2.3341 5.4461
561 1 3.1121 1.556 6.2241
562 2 3.8901 2.3341 6.2241
563 2 3.8901 1.556 7.0022
564 1 3.1121 2.3341 7.0022
565 1 3.1121 1.556 7.7802
566 1 3.8901 2.3341 7.7802
567 1 3.8901 1.556 8.5582
568 1 3.1121 2.3341 8.5582
569 1 3.1121 1.556 9.3362
570 1 3.8901 2.3341 9.3362
571 1 3.8901 1.556 10.114
572 1 3.1121 2.3341 10.114
573 1 3.1121 1.556 10.892
574 1 3.8901 2.3341 10.892
575 2 3.8901 1.556 11.67
576 2 3.1121 2.3341 11.67
577 1 3.1121 3.1121 0
578 1 3.8901 3.8901 0
579 2 3.8901 3.1121 0.77802
580 1 3.1121 3.8901 0.77802
581 1 3.1121 3.1121 1.556
582 1 3.8901 3.8901 1.556
583 1 3.8901 3.1121 2.3341
584 1 3.1121 3.8901 2.3341
585 1 3.1121 3.1121 3.1121
586 1 3.8901 3.8901 3.1121
587 1 3.8901 3.1121 3.8901
588 1 3.1121 3.8901 3.8901
589 1 3.1121 3.1121 4.6681
590 2 3.8901 3.8901 4.6681
591 1 3.8901 3.1121 5.4461
592 1 3.1121 3.8901 5.4461
593 1 3.1121 3.1121 6.2241
594 1 3.8901 3.8901 6.2241
595 1 3.8901 3.1121 7.0022
596 1 3.1121 3.8901 7.0022
597 1 3.1121 3.1121 7.7802
598 1 3.8901 3.8901 7.7802
599 1 3.8901 3.1121 8.5582
600 1 3.1121 3.8901 8.5582
601 1 3.1121 3.1121 9.3362
602 1 3.8901 3.8901 9.3362
603 1 3.8901 3.1121 10.114
604 1 3.1121 3.8901 10.114
605 1 3.1121 3.1121 10.892
606 1 3.8901 3.8901 10.892
607 1 3.8901 3.1121 11.67
608 1 3.1121 3.8901 11.67
609 2 3.1121 4.6681 0
610 1 3.8901 5.4461 0
611 1 3.8901 4.6681 0.77802
612 1 3.1121 5.4461 0.77802
613 1 3.1121 4.6681 1.556
614 1 3.8901 5.4461 1.556
615 1 3.8901 4.6681 2.3341
616 1 3.1121 5.4461 2.3341
617 1 3.1121 4.6681 3.1121
618 1 3.8901 5.4461 3.1121
619 1 3.8901 4.6681 3.8901
620 1 3.1121 5.4461 3.8901
621 1 3.1121 4.6681 4.6681
622 1 3.8901 5.4461 4.6681
623 1 3.8901 4.6681 5.4461
624 1 3.1121 5.4461 5.4461
625 1 3.1121 4.6681 6.2241
626 1 3.8901 5.4461 6.2241
627 1 3.8901 4.6681 7.0022
628 2 3.1121 5.4461 7.0022
629 1 3.1121 4.6681 7.7802
630 1 3.8901 5.4461 7.7802
631 1 3.8901 4.6681 8.5582
632 1 3.1121 5.4461 8.5582
633 2 3.1121 4.6681 9.3362
634 2 3.8901 5.4461 9.3362
635 2 3.8901 4.6681 10.114
636 2 3.1121 5.4461 10.114
637 1 3.1121 4.6681 10.892
638 1 3.8901 5.4461 10.892
639 1 3.8901 4.6681 11.67
640 1 3.1121 5.4461 11.67
641 1 3.1121 6.2241 0
642 1 3.8901 7.0022 0
643 1 3.8901 6.2241 0.77802
644 1 3.1121 7.0022 0.77802
645 1 3.1121 6.2241 1.556
646 1 3.8901 7.0022 1.556
647 1 3.8901 6.2241 2.3341
648 2 3.1121 7.0022 2.3341
649 1 3.1121 6.2241 3.1121
650 1 3.8901 7.0022 3.1121
651 1 3.8901 6.2241 3.8901
652 1 3.1121 7.0022 3.8901
653 1 3.1121 6.2241 4.6681
654 1 3.8901 7.0022 4.6681
655 1 3.8901 6.2241 5.4461
656 2 3.1121 7.0022 5.4461
657 1 3.1121 6.2241 6.2241
658 1 3.8901 7.0022 6.2241
659 1 3.8901 6.2241 7.0022
660 1 3.1121 7.0022 7.0022
661 1 3.1121 6.2241 7.7802
662 1 3.8901 7.0022 7.7802
663 1 3.8901 6.2241 8.5582
664 1 3.1121 7.0022 8.5582
665 1 3.1121 6.2241 9.3362
666 1 3.8901 7.0022 9.3362
667 2 3.8901 6.2241 10.114
668 1 3.1121 7.0022 10.114
669 1 3.1121 6.2241 10.892
670 1 3.8901 7.0022 10.892
671 1 3.8901 6.2241 11.67
672 1 3.1121 7.0022 11.67
673 1 3.1121 7.7802 0
674 1 3.8901 8.5582 0
675 1 3.8901 7.7802 0.77802
676 1 3.1121 8.5582 0.77802
677 1 3.1121 7.7802 1.556
678 1 3.8901 8.5582 1.556
679 1 3.8901 7.7802 2.3341
680 1 3.1121 8.5582 2.3341
681 1 3.1121 7.7802 3.1121
682 1 3.8901 8.5582 3.1121
683 2 3.8901 7.7802 3.8901
684 1 3.1121 8.5582 3.8901
685 2 3.1121 7.7802 4.6681
686 1 3.8901 8.5582 4.6681
687 1 3.8901 7.7802 5.4461
688 2 3.1121 8.5582 5.4461
689 1 3.1121 7.7802 6.2241
690 1 3.8901 8.5582 6.2241
691 2 3.8901 7.7802 7.0022
692 1 3.1121 8.5582 7.0022
693 2 3.1121 7.7802 7.7802
694 1 3.8901 8.5582 7.7802
695 1 3.8901 7.7802 8.5582
696 1 3.1121 8.5582 8.5582
697 1 3.1121 7.7802 9.3362
698 2 3.8901 8.5582 9.3362
699 2 3.8901 7.7802 10.114
700 1 3.1121 8.5582 10.114
701 1 3.1121 7.7802 10.892
702 1 3.8901 8.5582 10.892
703 1 3.8901 7.7802 11.67
704 1 3.1121 8.5582 11.67
705 1 3.1121 9.3362 0
706 1 3.8901 10.114 0
707 1 3.8901 9.3362 0.77802
708 1 3.1121 10.114 0.77802
709 1 3.1121 9.3362 1.556
710 1 3.8901 10.114 1.556
711 1 3.8901 9.3362 2.3341
712 1 3.1121 10.114 2.3341
713 1 3.1121 9.3362 3.1121
714 1 3.8901 10.114 3.1121
715 1 3.8901 9.3362 3.8901
716 1 3.1121 10.114 3.8901
717 1 3.1121 9.3362 4.6681
718 2 3.8901 10.114 4.6681
719 1 3.8901 9.3362 5.4461
720 1 3.1121 10.114 5.4461
721 1 3.1121 9.3362 6.2241
722 1 3.8901 10.114 6.2241
723 1 3.8901 9.3362 7.0022
724 1 3.1121 10.114 7.0022
725 1 3.1121 9.3362 7.7802
726 1 3.8901 10.114 7.7802
727 1 3.8901 9.3362 8.5582
728 1 3.1121 10.114 8.5582
729 1 3.1121 9.3362 9.3362
730 2 3.8901 10.114 9.3362
731 1 3.8901 9.3362 10.114
732 1 3.1121 10.114 10.114
733 1 3.1121 9.3362 10.892
734 1 3.8901 10.114 10.892
735 1 3.8901 9.3362 11.67
736 1 3.1121 10.114 11.67
737 1 3.1121 10.892 0
738 1 3.8901 11.67 0
739 1 3.8901 10.892 0.77802
740 1 3.1121 11.67 0.77802
741 1 3.1121 10.892 1.556
742 1 3.8901 11.67 1.556
743 1 3.8901 10.892 2.3341
744 1 3.1121 11.67 2.3341
745 2 3.1121 10.892 3.1121
746 1 3.8901 11.67 3.1121
747 2 3.8901 10.892 3.8901
748 1 3.1121 11.67 3.8901
749 1 3.1121 10.892 4.6681
750 1 3.8901 11.67 4.6681
751 2 3.8901 10.892 5.4461
752 1 3.1121 11.67 5.4461
753 1 3.1121 10.892 6.2241
754 1 3.8901 11.67 6.2241
755 1 3.8901 10.892 7.0022
756 1 3.1121 11.67 7.0022
757 1 3.1121 10.892 7.7802
758 2 3.8901 11.67 7.7802
759 1 3.8901 10.892 8.5582
760 1 3.1121 11.67 8.5582
761 1 3.1121 10.892 9.3362
762 1 3.8901 11.67 9.3362
763 2 3.8901 10.892 10.114
764 1 3.1121 11.67 10.114
765 1 3.1121 10.892 10.892
766 2 3.8901 11.67 10.892
767 1 3.8901 10.892 11.67
768 1 3.1121 11.67 11.67
769 1 4.6681 0 0
770 1 5.4461 0.77802 0
771 1 5.4461 0 0.77802
772 1 4.6681 0.77802 0.77802
773 1 4.6681 0 1.556
774 1 5.4461 0.77802 1.556
775 1 5.4461 0 2.3341
776 1 4.6681 0.77802 2.3341
777 2 4.6681 0 3.1121
778 1 5.4461 0.77802 3.1121
779 1 5.4461 0 3.8901
780 1 4.6681 0.77802 3.8901
781 1 4.6681 0 4.6681
782 1 5.4461 0.77802 4.6681
783 2 5.4461 0 5.4461
784 2 4.6681 0.77802 5.4461
785 1 4.6681 0 6.2241
786 1 5.4461 0.77802 6.2241
787 1 5.4461 0 7.0022
788 1 4.6681 0.77802 7.0022
789 1 4.6681 0 7.7802
790 1 5.4461 0.77802 7.7802
791 2 5.4461 0 8.5582
792 1 4.6681 0.77802 8.5582
793 1 4.6681 0 9.3362
794 1 5.4461 0.77802 9.3362
795 1 5.4461 0 10.114
796 1 4.6681 0.77802 10.114
797 1 4.6681 0 10.892
798 1 5.4461 0.77802 10.892
799 1 5.4461 0 11.67
800 1 4.6681 0.77802 11.67
801 1 4.6681 1.556 0
802 2 5.4461 2.3341 0
803 1 5.4461 1.556 0.77802
804 1 4.6681 2.3341 0.77802
805 1 4.6681 1.556 1.556
806 2 5.4461 2.3341 1.556
807 1 5.4461 1.556 2.3341
808 1 4.6681 2.3341 2.3341
809 1 4.6681 1.556 3.1121
810 2 5.4461 2.3341 3.1121
811 2 5.4461 1.556 3.8901
812 1 4.6681 2.3341 3.8901
813 1 4.6681 1.556 4.6681
814 1 5.4461 2.3341 4.6681
815 1 5.4461 1.556 5.4461
816 2 4.6681 2.3341 5.4461
817 1 4.6681 1.556 6.2241
818 2 5.4461 2.3341 6.2241
819 1 5.4461 1.556 7.0022
820 1 4.6681 2.3341 7.0022
821 1 4.6681 1.556 7.7802
822 1 5.4461 2.3341 7.7802
823 2 5.4461 1.556 8.5582
824 1 4.6681 2.3341 8.5582
825 2 4.6681 1.556 9.3362
826 1 5.4461 2.3341 9.3362
827 1 5.4461 1.556 10.114
828 2 4.6681 2.3341 10.114
829 1 4.6681 1.556 10.892
830 1 5.4461 2.3341 10.892
831 1 5.4461 1.556 11.67
832 1 4.6681 2.3341 11.67
833 1 4.6681 3.1121 0
834 1 5.4461 3.8901 0
835 1 5.4461 3.1121 0.77802
836 1 4.6681 3.8901 0.77802
837 1 4.6681 3.1121 1.556
838 1 5.4461 3.8901 1.556
839 1 5.4461 3.1121 2.3341
840 1 4.6681 3.8901 2.3341
841 2 4.6681 3.1121 3.1121
842 1 5.4461 3.8901 3.1121
843 1 5.4461 3.1121 3.8901
844 1 4.6681 3.8901 3.8901
845 1 4.6681 3.1121 4.6681
846 2 5.4461 3.8901 4.6681
847 1 5.4461 3.1121 5.4461
848 1 4.6681 3.8901 5.4461
849 1 4.6681 3.1121 6.2241
850 1 5.4461 3.8901 6.2241
851 1 5.4461 3.1121 7.0022
852 1 4.6681 3.8901 7.0022
853 1 4.6681 3.1121 7.7802
854 2 5.4461 3.8901 7.7802
855 1 5.4461 3.1121 8.5582
856 1 4.6681 3.8901 8.5582
857 1 4.6681 3.1121 9.3362
858 1 5.4461 3.8901 9.3362
859 1 5.4461 3.1121 10.114
860 1 4.6681 3.8901 10.114
861 2 4.6681 3.1121 10.892
862 1 5.4461 3.8901 10.892
863 1 5.4461 3.1121 11.67
864 1 4.6681 3.8901 11.67
865 1 4.6681 4.6681 0
866 1 5.4461 5.4461 0
867 1 5.4461 4.6681 0.77802
868 1 4.6681 5.4461 0.77802
869 1 4.6681 4.6681 1.556
870 1 5.4461 5.4461 1.556
871 1 5.4461 4.6681 2.3341
872 1 4.6681 5.4461 2.3341
873 1 4.6681 4.6681 3.1121
874 1 5.4461 5.4461 3.1121
875 1 5.4461 4.6681 3.8901
876 1 4.6681 5.4461 3.8901
877 1 4.6681 4.6681 4.6681
878 1 5.4461 5.4461 4.6681
879 1 5.4461 4.6681 5.4461
880 1 4.6681 5.4461 5.4461
881 1 4.6681 4.6681 6.2241
882 1 5.4461 5.4461 6.2241
883 1 5.4461 4.6681 7.0022
884 1 4.6681 5.4461 7.0022
885 2 4.6681 4.6681 7.7802
886 1 5.4461 5.4461 7.7802
887 1 5.4461 4.6681 8.5582
888 1 4.6681 5.4461 8.5582
889 1 4.6681 4.6681 9.3362
890 2 5.4461 5.4461 9.3362
891 1 5.4461 4.6681 10.114
892 1 4.6681 5.4461 10.114
893 1 4.6681 4.6681 10.892
894 2 5.4461 5.4461 10.892
895 1 5.4461 4.6681 11.67
896 1 4.6681 5.4461 11.67
897 1 4.6681 6.2241 0
898 1 5.4461 7.0022 0
899 1 5.4461 6.2241 0.77802
900 1 4.6681 7.0022 0.77802
901 1 4.6681 6.2241 1.556
902 1 5.4461 7.0022 1.556
903 1 5.4461 6.2241 2.3341
904 1 4.6681 7.0022 2.3341
905 1 4.6681 6.2241 3.1121
906 1 5.4461 7.0022 3.1121
907 1 5.4461 6.2241 3.8901
908 1 4.6681 7.0022 3.8901
909 1 4.6681 6.2241 4.6681
910 1 5.4461 7.0022 4.6681
911 2 5.4461 6.2241 5.4461
912 1 4.6681 7.0022 5.4461
913 1 4.6681 6.2241 6.2241
914 1 5.4461 7.0022 6.2241
915 1 5.4461 6.2241 7.0022
916 1 4.6681 7.0022 7.0022
917 1 4.6681 6.2241 7.7802
918 1 5.4461 7.0022 7.7802
919 1 5.4461 6.2241 8.5582
920 1 4.6681 7.0022 8.5582
921 1 4.6681 6.2241 9.3362
922 1 5.4461 7.0022 9.3362
923 1 5.4461 6.2241 10.114
924 2 4.6681 7.0022 10.114
925 1 4.6681 6.2241 10.892
926 1 5.4461 7.0022 10.892
927 2 5.4461 6.2241 11.67
928 1 4.6681 7.0022 11.67
929 1 4.6681 7.7802 0
930 1 5.4461 8.5582 0
931 1 5.4461 7.7802 0.77802
932 1 4.6681 8.5582 0.77802
933 1 4.6681 7.7802 1.556
934 1 5.4461 8.5582 1.556
935 1 5.4461 7.7802 2.3341
936 1 4.6681 8.5582 2.3341
937 1 4.6681 7.7802 3.1121
938 1 5.4461 8.5582 3.1121
939 1 5.4461 7.7802 3.8901
940 1 4.6681 8.5582 3.8901
941 1 4.6681 7.7802 4.6681
942 1 5.4461 8.5582 4.6681
943 1 5.4461 7.7802 5.4461
944 1 4.6681 8.5582 5.4461
945 1 4.6681 7.7802 6.2241
946 1 5.4461 8.5582 6.2241
947 1 5.4461 7.7802 7.0022
948 1 4.6681 8.5582 7.0022
949 1 4.6681 7.7802 7.7802
950 1 5.4461 8.5582 7.7802
951 1 5.4461 7.7802 8.5582
952 1 4.6681 8.5582 8.5582
953 1 4.6681 7.7802 9.3362
954 1 5.4461 8.5582 9.3362
955 1 5.4461 7.7802 10.114
956 1 4.6681 8.5582 10.114
957 1 4.6681 7.7802 10.892
958 2 5.4461 8.5582 10.892
959 2 5.4461 7.7802 11.67
960 1 4.6681 8.5582 11.67
961 1 4.6681 9.3362 0
962 1 5.4461 10.114 0
963 1 5.4461 9.3362 0.77802
964 1 4.6681 10.114 0.77802
965 1 4.6681 9.3362 1.556
966 1 5.4461 10.114 1.556
967 1 5.4461 9.3362 2.3341
968 2 4.6681 10.114 2.3341
969 1 4.6681 9.3362 3.1121
970 1 5.4461 10.114 3.1121
971 1 5.4461 9.3362 3.8901
972 2 4.6681 10.114 3.8901
973 1 4.6681 9.3362 4.6681
974 1 5.4461 10.114 4.6681
975 1 5.4461 9.3362 5.4461
976 1 4.6681 10.114 5.4461
977 2 4.6681 9.3362 6.2241
978 1 5.4461 10.114 6.2241
979 1 5.4461 9.3362 7.0022
980 1 4.6681 10.114 7.0022
981 1 4.6681 9.3362 7.7802
982 1 5.4461 10.114 7.7802
983 1 5.4461 9.3362 8.5582
984 1 4.6681 10.114 8.5582
985 1 4.6681 9.3362 9.3362
986 1 5.4461 10.114 9.3362
987 1 5.4461 9.3362 10.114
988 1 4.6681 10.114 10.114
989 1 4.6681 9.3362 10.892
990 1 5.4461 10.114 10.892
991 1 5.4461 9.3362 11.67
992 1 4.6681 10.114 11.67
993 1 4.6681 10.892 0
994 1 5.4461 11.67 0
995 1 5.4461 10.892 0.77802
996 2 4.6681 11.67 0.77802
997 1 4.6681 10.892 1.556
998 1 5.4461 11.67 1.556
999 1 5.4461 10.892 2.3341
1000 1 4.6681 11.67 2.3341
1001 1 4.6681 10.892 3.1121
1002 1 5.4461 11.67 3.1121
1003 1 5.4461 10.892 3.8901
1004 1 4.6681 11.67 3.8901
1005 1 4.6681 10.892 4.6681
1006 1 5.4461 11.67 4.6681
1007 1 5.4461 10.892 5.4461
1008 1 4.6681 11.67 5.4461
1009 1 4.6681 10.892 6.2241
1010 1 5.4461 11.67 6.2241
1011 1 5.4461 10.892 7.0022
1012 1 4.6681 11.67 7.0022
1013 1 4.6681 10.892 7.7802
1014 2 5.4461 11.67 7.7802
1015 1 5.4461 10.892 8.5582
1016 1 4.6681 11.67 8.5582
1017 1 4.6681 10.892 9.3362
1018 1 5.4461 11.67 9.3362
1019 1 5.4461 10.892 10.114
1020 1 4.6681 11.67 10.114
1021 1 4.6681 10.892 10.892
1022 1 5.4461 11.67 10.892
1023 1 5.4461 10.892 11.67
1024 1 4.6681 11.67 11.67
1025 1 6.2241 0 0
1026 2 7.0022 0.77802 0
1027 1 7.0022 0 0.77802
1028 1 6.2241 0.77802 0.77802
1029 1 6.2241 0 1.556
1030 1 7.0022 0.77802 1.556
1031 1 7.0022 0 2.3341
1032 1 6.2241 0.77802 2.3341
1033 1 6.2241 0 3.1121
1034 1 7.0022 0.77802 3.1121
1035 1 7.0022 0 3.8901
1036 2 6.2241 0.77802 3.8901
1037 1 6.2241 0 4.6681
1038 1 7.0022 0.77802 4.6681
1039 1 7.0022 0 5.4461
1040 1 6.2241 0.77802 5.4461
1041 1 6.2241 0 6.2241
1042 2 7.0022 0.77802 6.2241
1043 1 7.0022 0 7.0022
1044 1 6.2241 0.77802 7.0022
1045 1 6.2241 0 7.7802
1046 2 7.0022 0.77802 7.7802
1047 1 7.0022 0 8.5582
1048 1 6.2241 0.77802 8.5582
1049 1 6.2241 0 9.3362
1050 1 7.0022 0.77802 9.3362
1051 1 7.0022 0 10.114
1052 1 6.2241 0.77802 10.114
1053 1 6.2241 0 10.892
1054 1 7.0022 0.77802 10.892
1055 1 7.0022 0 11.67
1056 1 6.2241 0.77802 11.67
1057 2 6.2241 1.556 0
1058 1 7.0022 2.3341 0
1059 1 7.0022 1.556 0.77802
1060 1 6.2241 2.3341 0.77802
1061 1 6.2241 1.556 1.556
1062 1 7.0022 2.3341 1.556
1063 1 7.0022 1.556 2.3341
1064 2 6.2241 2.3341 2.3341
1065 1 6.2241 1.556 3.1121
1066 1 7.0022 2.3341 3.1121
1067 1 7.0022 1.556 3.8901
1068 1 6.2241 2.3341 3.8901
1069 1 6.2241 1.556 4.6681
1070 1 7.0022 2.3341 4.6681
1071 1 7.0022 1.556 5.4461
1072 2 6.2241 2.3341 5.4461
1073 2 6.2241 1.556 6.2241
1074 1 7.0022 2.3341 6.2241
1075 1 7.0022 1.556 7.0022
1076 1 6.2241 2.3341 7.0022
1077 1 6.2241 1.556 7.7802
1078 1 7.0022 2.3341 7.7802
1079 1 7.0022 1.556 8.5582
1080 1 6.2241 2.3341 8.5582
1081 1 6.2241 1.556 9.3362
1082 1 7.0022 2.3341 9.3362
1083 1 7.0022 1.556 10.114
1084 1 6.2241 2.3341 10.114
1085 1 6.2241 1.556 10.892
1086 2 7.0022 2.3341 10.892
1087 1 7.0022 1.556 11.67
1088 1 6.2241 2.3341 11.67
1089 1 6.2241 3.1121 0
1090 1 7.0022 3.8901 0
1091 2 7.0022 3.1121 0.77802
1092 1 6.2241 3.8901 0.77802
1093 2 6.2241 3.1121 1.556
1094 1 7.0022 3.8901 1.556
1095 1 7.0022 3.1121 2.3341
1096 1 6.2241 3.8901 2.3341
1097 1 6.2241 3.1121 3.1121
1098 1 7.0022 3.8901 3.1121
1099 1 7.0022 3.1121 3.8901
1100 2 6.2241 3.8901 3.8901
1101 1 6.2241 3.1121 4.6681
1102 1 7.0022 3.8901 4.6681
1103 1 7.0022 3.1121 5.4461
1104 1 6.2241 3.8901 5.4461
1105 1 6.2241 3.1121 6.2241
1106 1 7.0022 3.8901 6.2241
1107 2 7.0022 3.1121 7.0022
1108 1 6.2241 3.8901 7.0022
1109 2 6.2241 3.1121 7.7802
1110 1 7.0022 3.8901 7.7802
1111 1 7.0022 3.1121 8.5582
1112 1 6.2241 3.8901 8.5582
1113 1 6.2241 3.1121 9.3362
1114 1 7.0022 3.8901 9.3362
1115 2 7.0022 3.1121 10.114
1116 1 6.2241 3.8901 10.114
1117 2 6.2241 3.1121 10.892
1118 1 7.0022 3.8901 10.892
1119 1 7.0022 3.1121 11.67
1120 2 6.2241 3.8901 11.67
1121 1 6.2241 4.6681 0
1122 1 7.0022 5.4461 0
1123 1 7.0022 4.6681 0.77802
1124 1 6.2241 5.4461 0.77802
1125 1 6.2241 4.6681 1.556
1126 1 7.0022 5.4461 1.556
1127 1 7.0022 4.6681 2.3341
1128 2 6.2241 5.4461 2.3341
1129 1 6.2241 4.6681 3.1121
1130 2 7.0022 5.4461 3.1121
1131 2 7.0022 4.6681 3.8901
1132 2 6.2241 5.4461 3.8901
1133 1 6.2241 4.6681 4.6681
1134 1 7.0022 5.4461 4.6681
1135 1 7.0022 4.6681 5.4461
1136 1 6.2241 5.4461 5.4461
1137 1 6.2241 4.6681 6.2241
1138 2 7.0022 5.4461 6.2241
1139 1 7.0022 4.6681 7.0022
1140 2 6.2241 5.4461 7.0022
1141 1 6.2241 4.6681 7.7802
1142 1 7.0022 5.4461 7.7802
1143 2 7.0022 4.6681 8.5582
1144 1 6.2241 5.4461 8.5582
1145 2 6.2241 4.6681 9.3362
1146 1 7.0022 5.4461 9.3362
1147 1 7.0022 4.6681 10.114
1148 2 6.2241 5.4461 10.114
1149 1 6.2241 4.6681 10.892
1150 2 7.0022 5.4461 10.892
1151 1 7.0022 4.6681 11.67
1152 1 6.2241 5.4461 11.67
1153 2 6.2241 6.2241 0
1154 1 7.0022 7.0022 0
1155 1 7.0022 6.2241 0.77802
1156 1 6.2241 7.0022 0.77802
1157 2 6.2241 6.2241 1.556
1158 1 7.0022 7.0022 1.556
1159 2 7.0022 6.2241 2.3341
1160 1 6.2241 7.0022 2.3341
1161 1 6.2241 6.2241 3.1121
1162 1 7.0022 7.0022 3.1121
1163 1 7.0022 6.2241 3.8901
1164 1 6.2241 7.0022 3.8901
1165 2 6.2241 6.2241 4.6681
1166 2 7.0022 7.0022 4.6681
1167 2 7.0022 6.2241 5.4461
1168 1 6.2241 7.0022 5.4461
1169 1 6.2241 6.2241 6.2241
1170 1 7.0022 7.0022 6.2241
1171 2 7.0022 6.2241 7.0022
1172 1 6.2241 7.0022 7.0022
1173 1 6.2241 6.2241 7.7802
1174 1 7.0022 7.0022 7.7802
1175 1 7.0022 6.2241 8.5582
1176 1 6.2241 7.0022 8.5582
1177 1 6.2241 6.2241 9.3362
1178 1 7.0022 7.0022 9.3362
1179 1 7.0022 6.2241 10.114
1180 2 6.2241 7.0022 10.114
1181 1 6.2241 6.2241 10.892
1182 1 7.0022 7.0022 10.892
1183 1 7.0022 6.2241 11.67
1184 1 6.2241 7.0022 11.67
1185 1 6.2241 7.7802 0
1186 1 7.0022 8.5582 0
1187 1 7.0022 7.7802 0.77802
1188 1 6.2241 8.5582 0.77802
1189 1 6.2241 7.7802 1.556
1190 1 7.0022 8.5582 1.556
1191 1 7.0022 7.7802 2.3341
1192 1 6.2241 8.5582 2.3341
1193 1 6.2241 7.7802 3.1121
1194 2 7.0022 8.5582 3.1121
1195 1 7.0022 7.7802 3.8901
1196 1 6.2241 8.5582 3.8901
1197 1 6.2241 7.7802 4.6681
1198 1 7.0022 8.5582 4.6681
1199 1 7.0022 7.7802 5.4461
1200 1 6.2241 8.5582 5.4461
1201 1 6.2241 7.7802 6.2241
1202 1 7.0022 8.5582 6.2241
1203 1 7.0022 7.7802 7.0022
1204 1 6.2241 8.5582 7.0022
1205 1 6.2241 7.7802 7.7802
1206 1 7.0022 8.5582 7.7802
1207 2 7.0022 7.7802 8.5582
1208 1 6.2241 8.5582 8.5582
1209 2 6.2241 7.7802 9.3362
1210 1 7.0022 8.5582 9.3362
1211 1 7.0022 7.7802 10.114
1212 1 6.2241 8.5582 10.114
1213 1 6.2241 7.7802 10.892
1214 1 7.0022 8.5582 10.892
1215 1 7.0022 7.7802 11.67
1216 2 6.2241 8.5582 11.67
1217 1 6.2241 9.3362 0
1218 1 7.0022 10.114 0
1219 1 7.0022 9.3362 0.77802
1220 1 6.2241 10.114 0.77802
1221 1 6.2241 9.3362 1.556
1222 1 7.0022 10.114 1.556
1223 1 7.0022 9.3362 2.3341
1224 1 6.2241 10.114 2.3341
1225 2 6.2241 9.3362 3.1121
1226 1 7.0022 10.114 3.1121
1227 1 7.0022 9.3362 3.8901
1228 1 6.2241 10.114 3.8901
1229 1 6.2241 9.3362 4.6681
1230 1 7.0022 10.114 4.6681
1231 1 7.0022 9.3362 5.4461
1232 1 6.2241 10.114 5.4461
1233 1 6.2241 9.3362 6.2241
1234 1 7.0022 10.114 6.2241
1235 1 7.0022 9.3362 7.0022
1236 1 6.2241 10.114 7.0022
1237 2 6.2241 9.3362 7.7802
1238 2 7.0022 10.114 7.7802
1239 1 7.0022 9.3362 8.5582
1240 1 6.2241 10.114 8.5582
1241 1 6.2241 9.3362 9.3362
1242 1 7.0022 10.114 9.3362
1243 1 7.0022 9.3362 10.114
1244 1 6.2241 10.114 10.114
1245 1 6.2241 9.3362 10.892
1246 1 7.0022 10.114 10.892
1247 1 7.0022 9.3362 11.67
1248 1 6.2241 10.114 11.67
1249 1 6.2241 10.892 0
1250 1 7.0022 11.67 0
1251 2 7.0022 10.892 0.77802
1252 2 6.2241 11.67 0.77802
1253 1 6.2241 10.892 1.556
1254 2 7.0022 11.67 1.556
1255 1 7.0022 10.892 2.3341
1256 1 6.2241 11.67 2.3341
1257 1 6.2241 10.892 3.1121
1258 2 7.0022 11.67 3.1121
1259 1 7.0022 10.892 3.8901
1260 2 6.2241 11.67 3.8901
1261 1 6.2241 10.892 4.6681
1262 1 7.0022 11.67 4.6681
1263 1 7.0022 10.892 5.4461
1264 1 6.2241 11.67 5.4461
1265 1 6.2241 10.892 6.2241
1266 1 7.0022 11.67 6.2241
1267 1 7.0022 10.892 7.0022
1268 1 6.2241 11.67 7.0022
1269 1 6.2241 10.892 7.7802
1270 2 7.0022 11.67 7.7802
1271 1 7.0022 10.892 8.5582
1272 1 6.2241 11.67 8.5582
1273 1 6.2241 10.892 9.3362
1274 2 7.0022 11.67 9.3362
1275 1 7.0022 10.892 10.114
1276 1 6.2241 11.67 10.114
1277 1 6.2241 10.892 10.892
1278 1 7.0022 11.67 10.892
1279 1 7.0022 10.892 11.67
1280 1 6.2241 11.67 11.67
1281 1 7.7802 0 0
1282 1 8.5582 0.77802 0
1283 1 8.5582 0 0.77802
1284 1 7.7802 0.77802 0.77802
1285 1 7.7802 0 1.556
1286 1 8.5582 0.77802 1.556
1287 1 8.5582 0 2.3341
1288 1 7.7802 0.77802 2.3341
1289 1 7.7802 0 3.1121
1290 1 8.5582 0.77802 3.1121
1291 1 8.5582 0 3.8901
1292 1 7.7802 0.77802 3.8901
1293 1 7.7802 0 4.6681
1294 1 8.5582 0.77802 4.6681
1295 2 8.5582 0 5.4461
1296 1 7.7802 0.77802 5.4461
1297 1 7.7802 0 6.2241
1298 1 8.5582 0.77802 6.2241
1299 2 8.5582 0 7.0022
1300 1 7.7802 0.77802 7.0022
1301 1 7.7802 0 7.7802
1302 1 8.5582 0.77802 7.7802
1303 1 8.5582 0 8.5582
1304 1 7.7802 0.77802 8.5582
1305 1 7.7802 0 9.3362
1306 1 8.5582 0.77802 9.3362
1307 1 8.5582 0 10.114
1308 1 7.7802 0.77802 10.114
1309 1 7.7802 0 10.892
1310 1 8.5582 0.77802 10.892
1311 1 8.5582 0 11.67
1312 1 7.7802 0.77802 11.67
1313 1 7.7802 1.556 0
1314 1 8.5582 2.3341 0
1315 1 8.5582 1.556 0.77802
1316 1 7.7802 2.3341 0.77802
1317 1 7.7802 1.556 1.556
1318 1 8.5582 2.3341 1.556
1319 1 8.5582 1.556 2.3341
1320 1 7.7802 2.3341 2.3341
1321 1 7.7802 1.556 3.1121
1322 1 8.5582 2.3341 3.1121
1323 1 8.5582 1.556 3.8901
1324 1 7.7802 2.3341 3.8901
1325 1 7.7802 1.556 4.6681
1326 1 8.5582 2.3341 4.6681
1327 1 8.5582 1.556 5.4461
1328 1 7.7802 2.3341 5.4461
1329 1 7.7802 1.556 6.2241
1330 1 8.5582 2.3341 6.2241
1331 1 8.5582 1.556 7.0022
1332 1 7.7802 2.3341 7.0022
1333 1 7.7802 1.556 7.7802
1334 1 8.5582 2.3341 7.7802
1335 1 8.5582 1.556 8.5582
1336 2 7.7802 2.3341 8.5582
1337 2 7.7802 1.556 9.3362
1338 2 8.5582 2.3341 9.3362
1339 1 8.5582 1.556 10.114
1340 1 7.7802 2.3341 10.114
1341 1 7.7802 1.556 10.892
1342 1 8.5582 2.3341 10.892
1343 1 8.5582 1.556 11.67
1344 1 7.7802 2.3341 11.67
1345 1 7.7802 3.1121 0
1346 1 8.5582 3.8901 0
1347 2 8.5582 3.1121 0.77802
1348 1 7.7802 3.8901 0.77802
1349 1 7.7802 3.1121 1.556
1350 2 8.5582 3.8901 1.556
1351 2 8.5582 3.1121 2.3341
1352 1 7.7802 3.8901 2.3341
1353 1 7.7802 3.1121 3.1121
1354 1 8.5582 3.8901 3.1121
1355 1 8.5582 3.1121 3.8901
1356 1 7.7802 3.8901 3.8901
1357 1 7.7802 3.1121 4.6681
1358 1 8.5582 3.8901 4.6681
1359 1 8.5582 3.1121 5.4461
1360 1 7.7802 3.8901 5.4461
1361 1 7.7802 3.1121 6.2241
1362 1 8.5582 3.8901 6.2241
1363 1 8.5582 3.1121 7.0022
1364 1 7.7802 3.8901 7.0022
1365 2 7.7802 3.1121 7.7802
1366 1 8.5582 3.8901 7.7802
1367 1 8.5582 3.1121 8.5582
1368 2 7.7802 3.8901 8.5582
1369 2 7.7802 3.1121 9.3362
1370 1 8.5582 3.8901 9.3362
1371 1 8.5582 3.1121 10.114
1372 1 7.7802 3.8901 10.114
1373 1 7.7802 3.1121 10.892
1374 1 8.5582 3.8901 10.892
1375 1 8.5582 3.1121 11.67
1376 1 7.7802 3.8901 11.67
1377 1 7.7802 4.6681 0
1378 1 8.5582 5.4461 0
1379 1 8.5582 4.6681 0.77802
1380 1 7.7802 5.4461 0.77802
1381 1 7.7802 4.6681 1.556
1382 1 8.5582 5.4461 1.556
1383 1 8.5582 4.6681 2.3341
1384 1 7.7802 5.4461 2.3341
1385 2 7.7802 4.6681 3.1121
1386 1 8.5582 5.4461 3.1121
1387 1 8.5582 4.6681 3.8901
1388 2 7.7802 5.4461 3.8901
1389 1 7.7802 4.6681 4.6681
1390 1 8.5582 5.4461 4.6681
1391 2 8.5582 4.6681 5.4461
1392 1 7.7802 5.4461 5.4461
1393 1 7.7802 4.6681 6.2241
1394 1 8.5582 5.4461 6.2241
1395 1 8.5582 4.6681 7.0022
1396 1 7.7802 5.4461 7.0022
1397 2 7.7802 4.6681 7.7802
1398 1 8.5582 5.4461 7.7802
1399 1 8.5582 4.6681 8.5582
1400 2 7.7802 5.4461 8.5582
1401 1 7.7802 4.6681 9.3362
1402 2 8.5582 5.4461 9.3362
1403 1 8.5582 4.6681 10.114
1404 1 7.7802 5.4461 10.114
1405 1 7.7802 4.6681 10.892
1406 1 8.5582 5.4461 10.892
1407 2 8.5582 4.6681 11.67
1408 1 7.7802 5.4461 11.67
1409 1 7.7802 6.2241 0
1410 1 8.5582 7.0022 0
1411 1 8.5582 6.2241 0.77802
1412 2 7.7802 7.0022 0.77802
1413 1 7.7802 6.2241 1.556
1414 1 8.5582 7.0022 1.556
1415 1 8.5582 6.2241 2.3341
1416 2 7.7802 7.0022 2.3341
1417 1 7.7802 6.2241 3.1121
1418 1 8.5582 7.0022 3.1121
1419 2 8.5582 6.2241 3.8901
1420 1 7.7802 7.0022 3.8901
1421 1 7.7802 6.2241 4.6681
1422 1 8.5582 7.0022 4.6681
1423 1 8.5582 6.2241 5.4461
1424 1 7.7802 7.0022 5.4461
1425 1 7.7802 6.2241 6.2241
1426 1 8.5582 7.0022 6.2241
1427 1 8.5582 6.2241 7.0022
1428 1 7.7802 7.0022 7.0022
1429 1 7.7802 6.2241 7.7802
1430 1 8.5582 7.0022 7.7802
1431 1 8.5582 6.2241 8.5582
1432 1 7.7802 7.0022 8.5582
1433 1 7.7802 6.2241 9.3362
1434 1 8.5582 7.0022 9.3362
1435 1 8.5582 6.2241 10.114
1436 1 7.7802 7.0022 10.114
1437 1 7.7802 6.2241 10.892
1438 1 8.5582 7.0022 10.892
1439 1 8.5582 6.2241 11.67
1440 1 7.7802 7.0022 11.67
1441 2 7.7802 7.7802 0
1442 2 8.5582 8.5582 0
1443 1 8.5582 7.7802 0.77802
1444 1 7.7802 8.5582 0.77802
1445 1 7.7802 7.7802 1.556
1446 1 8.5582 8.5582 1.556
1447 1 8.5582 7.7802 2.3341
1448 1 7.7802 8.5582 2.3341
1449 1 7.7802 7.7802 3.1121
1450 1 8.5582 8.5582 3.1121
1451 1 8.5582 7.7802 3.8901
1452 2 7.7802 8.5582 3.8901
1453 1 7.7802 7.7802 4.6681
1454 1 8.5582 8.5582 4.6681
1455 1 8.5582 7.7802 5.4461
1456 1 7.7802 8.5582 5.4461
1457 1 7.7802 7.7802 6.2241
1458 1 8.5582 8.5582 6.2241
1459 1 8.5582 7.7802 7.0022
1460 1 7.7802 8.5582 7.0022
1461 1 7.7802 7.7802 7.7802
1462 2 8.5582 8.5582 7.7802
1463 1 8.5582 7.7802 8.5582
1464 1 7.7802 8.5582 8.5582
1465 1 7.7802 7.7802 9.3362
1466 1 8.5582 8.5582 9.3362
1467 1 8.5582 7.7802 10.114
1468 1 7.7802 8.5582 10.114
1469 1 7.7802 7.7802 10.892
1470 1 8.5582 8.5582 10.892
1471 1 8.5582 7.7802 11.67
1472 1 7.7802 8.5582 11.67
1473 1 7.7802 9.3362 0
1474 2 8.5582 10.114 0
1475 1 8.5582 9.3362 0.77802
1476 1 7.7802 10.114 0.77802
1477 2 7.7802 9.3362 1.556
1478 1 8.5582 10.114 1.556
1479 1 8.5582 9.3362 2.3341
1480 1 7.7802 10.114 2.3341
1481 1 7.7802 9.3362 3.1121
1482 1 8.5582 10.114 3.1121
1483 1 8.5582 9.3362 3.8901
1484 1 7.7802 10.114 3.8901
1485 1 7.7802 9.3362 4.6681
1486 1 8.5582 10.114 4.6681
1487 1 8.5582 9.3362 5.4461
1488 1 7.7802 10.114 5.4461
1489 2 7.7802 9.3362 6.2241
1490 1 8.5582 10.114 6.2241
1491 1 8.5582 9.3362 7.0022
1492 2 7.7802 10.114 7.0022
1493 1 7.7802 9.3362 7.7802
1494 1 8.5582 10.114 7.7802
1495 1 8.5582 9.3362 8.5582
1496 1 7.7802 10.114 8.5582
1497 2 7.7802 9.3362 9.3362
1498 1 8.5582 10.114 9.3362
1499 2 8.5582 9.3362 10.114
1500 1 7.7802 10.114 10.114
1501 1 7.7802 9.3362 10.892
1502 1 8.5582 10.114 10.892
1503 2 8.5582 9.3362 11.67
1504 2 7.7802 10.114 11.67
1505 1 7.7802 10.892 0
1506 1 8.5582 11.67 0
1507 1 8.5582 10.892 0.77802
1508 1 7.7802 11.67 0.77802
1509 2 7.7802 10.892 1.556
1510 2 8.5582 11.67 1.556
1511 1 8.5582 10.892 2.3341
1512 1 7.7802 11.67 2.3341
1513 1 7.7802 10.892 3.1121
1514 1 8.5582 11.67 3.1121
1515 1 8.5582 10.892 3.8901
1516 2 7.7802 11.67 3.8901
1517 1 7.7802 10.892 4.6681
1518 1 8.5582 11.67 4.6681
1519 2 8.5582 10.892 5.4461
1520 1 7.7802 11.67 5.4461
1521 1 7.7802 10.892 6.2241
1522 1 8.5582 11.67 6.2241
1523 2 8.5582 10.892 7.0022
1524 2 7.7802 11.67 7.0022
1525 1 7.7802 10.892 7.7802
1526 1 8.5582 11.67 7.7802
1527 1 8.5582 10.892 8.5582
1528 1 7.7802 11.67 8.5582
1529 1 7.7802 10.892 9.3362
1530 1 8.5582 11.67 9.3362
1531 1 8.5582 10.892 10.114
1532 1 7.7802 11.67 10.114
1533 1 7.7802 10.892 10.892
1534 1 8.5582 11.67 10.892
1535 1 8.5582 10.892 11.67
1536 1 7.7802 11.67 11.67
1537 1 9.3362 0 0
1538 1 10.114 0.77802 0
1539 1 10.114 0 0.77802
1540 1 9.3362 0.77802 0.77802
1541 1 9.3362 0 1.556
1542 1 10.114 0.77802 1.556
1543 1 10.114 0 2.3341
1544 1 9.3362 0.77802 2.3341
1545 1 9.3362 0 3.1121
1546 1 10.114 0.77802 3.1121
1547 1 10.114 0 3.8901
1548 1 9.3362 0.77802 3.8901
1549 1 9.3362 0 4.6681
1550 1 10.114 0.77802 4.6681
1551 1 10.114 0 5.4461
1552 1 9.3362 0.77802 5.4461
1553 1 9.3362 0 6.2241
1554 1 10.114 0.77802 6.2241
1555 2 10.114 0 7.0022
1556 1 9.3362 0.77802 7.0022
1557 1 9.3362 0 7.7802
1558 2 10.114 0.77802 7.7802
1559 1 10.114 0 8.5582
1560 1 9.3362 0.77802 8.5582
1561 1 9.3362 0 9.3362
1562 1 10.114 0.77802 9.3362
1563 1 10.114 0 10.114
1564 1 9.3362 0.77802 10.114
1565 1 9.3362 0 10.892
1566 1 10.114 0.77802 10.892
1567 1 10.114 0 11.67
1568 1 9.3362 0.77802 11.67
1569 1 9.3362 1.556 0
1570 1 10.114 2.3341 0
1571 1 10.114 1.556 0.77802
1572 1 9.3362 2.3341 0.77802
1573 1 9.3362 1.556 1.556
1574 1 10.114 2.3341 1.556
1575 1 10.114 1.556 2.3341
1576 1 9.3362 2.3341 2.3341
1577 1 9.3362 1.556 3.1121
1578 1 10.114 2.3341 3.1121
1579 1 10.114 1.556 3.8901
1580 1 9.3362 2.3341 3.8901
1581 1 9.3362 1.556 4.6681
1582 1 10.114 2.3341 4.6681
1583 1 10.114 1.556 5.4461
1584 2 9.3362 2.3341 5.4461
1585 1 9.3362 1.556 6.2241
1586 1 10.114 2.3341 6.2241
1587 2 10.114 1.556 7.0022
1588 1 9.3362 2.3341 7.0022
1589 1 9.3362 1.556 7.7802
1590 1 10.114 2.3341 7.7802
1591 1 10.114 1.556 8.5582
1592 1 9.3362 2.3341 8.5582
1593 1 9.3362 1.556 9.3362
1594 1 10.114 2.3341 9.3362
1595 1 10.114 1.556 10.114
1596 1 9.3362 2.3341 10.114
1597 1 9.3362 1.556 10.892
1598 1 10.114 2.3341 10.892
1599 2 10.114 1.556 11.67
1600 2 9.3362 2.3341 11.67
1601 1 9.3362 3.1121 0
1602 1 10.114 3.8901 0
1603 1 10.114 3.1121 0.77802
1604 1 9.3362 3.8901 0.77802
1605 1 9.3362 3.1121 1.556
1606 1 10.114 3.8901 1.556
1607 1 10.114 3.1121 2.3341
1608 1 9.3362 3.8901 2.3341
1609 2 9.3362 3.1121 3.1121
1610 1 10.114 3.8901 3.1121
1611 2 10.114 3.1121 3.8901
1612 1 9.3362 3.8901 3.8901
1613 1 9.3362 3.1121 4.6681
1614 1 10.114 3.8901 4.6681
1615 2 10.114 3.1121 5.4461
1616 1 9.3362 3.8901 5.4461
1617 1 9.3362 3.1121 6.2241
1618 1 10.114 3.8901 6.2241
1619 1 10.114 3.1121 7.0022
1620 1 9.3362 3.8901 7.0022
1621 1 9.3362 3.1121 7.7802
1622 2 10.114 3.8901 7.7802
1623 1 10.114 3.1121 8.5582
1624 1 9.3362 3.8901 8.5582
1625 1 9.3362 3.1121 9.3362
1626 1 10.114 3.8901 9.3362
1627 2 10.114 3.1121 10.114
1628 1 9.3362 3.8901 10.114
1629 2 9.3362 3.1121 10.892
1630 1 10.114 3.8901 10.892
1631 2 10.114 3.1121 11.67
1632 1 9.3362 3.8901 11.67
1633 1 9.3362 4.6681 0
1634 1 10.114 5.4461 0
1635 1 10.114 4.6681 0.77802
1636 1 9.3362 5.4461 0.77802
1637 1 9.3362 4.6681 1.556
1638 2 10.114 5.4461 1.556
1639 1 10.114 4.6681 2.3341
1640 1 9.3362 5.4461 2.3341
1641 1 9.3362 4.6681 3.1121
1642 2 10.114 5.4461 3.1121
1643 1 10.114 4.6681 3.8901
1644 1 9.3362 5.4461 3.8901
1645 1 9.3362 4.6681 4.6681
1646 1 10.114 5.4461 4.6681
1647 1 10.114 4.6681 5.4461
1648 1 9.3362 5.4461 5.4461
1649 1 9.3362 4.6681 6.2241
1650 1 10.114 5.4461 6.2241
1651 1 10.114 4.6681 7.0022
1652 1 9.3362 5.4461 7.0022
1653 1 9.3362 4.6681 7.7802
1654 1 10.114 5.4461 7.7802
1655 1 10.114 4.6681 8.5582
1656 1 9.3362 5.4461 8.5582
1657 1 9.3362 4.6681 9.3362
1658 1 10.114 5.4461 9.3362
1659 1 10.114 4.6681 10.114
1660 1 9.3362 5.4461 10.114
1661 1 9.3362 4.6681 10.892
1662 1 10.114 5.4461 10.892
1663 1 10.114 4.6681 11.67
1664 1 9.3362 5.4461 11.67
1665 1 9.3362 6.2241 0
1666 1 10.114 7.0022 0
1667 1 10.114 6.2241 0.77802
1668 2 9.3362 7.0022 0.77802
1669 1 9.3362 6.2241 1.556
1670 1 10.114 7.0022 1.556
1671 1 10.114 6.2241 2.3341
1672 1 9.3362 7.0022 2.3341
1673 2 9.3362 6.2241 3.1121
1674 2 10.114 7.0022 3.1121
1675 1 10.114 6.2241 3.8901
1676 1 9.3362 7.0022 3.8901
1677 1 9.3362 6.2241 4.6681
1678 1 10.114 7.0022 4.6681
1679 2 10.114 6.2241 5.4461
1680 1 9.3362 7.0022 5.4461
1681 1 9.3362 6.2241 6.2241
1682 1 10.114 7.0022 6.2241
1683 1 10.114 6.2241 7.0022
1684 1 9.3362 7.0022 7.0022
1685 1 9.3362 6.2241 7.7802
1686 1 10.114 7.0022 7.7802
1687 1 10.114 6.2241 8.5582
1688 2 9.3362 7.0022 8.5582
1689 1 9.3362 6.2241 9.3362
1690 1 10.114 7.0022 9.3362
1691 1 10.114 6.2241 10.114
1692 1 9.3362 7.0022 10.114
1693 1 9.3362 6.2241 10.892
1694 1 10.114 7.0022 10.892
1695 1 10.114 6.2241 11.67
1696 1 9.3362 7.0022 11.67
1697 1 9.3362 7.7802 0
1698 1 10.114 8.5582 0
1699 2 10.114 7.7802 0.77802
1700 1 9.3362 8.5582 0.77802
1701 1 9.3362 7.7802 1.556
1702 1 10.114 8.5582 1.556
1703 1 10.114 7.7802 2.3341
1704 1 9.3362 8.5582 2.3341
1705 1 9.3362 7.7802 3.1121
1706 2 10.114 8.5582 3.1121
1707 1 10.114 7.7802 3.8901
1708 1 9.3362 8.5582 3.8901
1709 1 9.3362 7.7802 4.6681
1710 1 10.114 8.5582 4.6681
1711 1 10.114 7.7802 5.4461
1712 1 9.3362 8.5582 5.4461
1713 1 9.3362 7.7802 6.2241
1714 1 10.114 8.5582 6.2241
1715 1 10.114 7.7802 7.0022
1716 1 9.3362 8.5582 7.0022
1717 1 9.3362 7.7802 7.7802
1718 1 10.114 8.5582 7.7802
1719 1 10.114 7.7802 8.5582
1720 1 9.3362 8.5582 8.5582
1721 2 9.3362 7.7802 9.3362
1722 1 10.114 8.5582 9.3362
1723 1 10.114 7.7802 10.114
1724 1 9.3362 8.5582 10.114
1725 1 9.3362 7.7802 10.892
1726 1 10.114 8.5582 10.892
1727 1 10.114 7.7802 11.67
1728 1 9.3362 8.5582 11.67
1729 1 9.3362 9.3362 0
1730 2 10.114 10.114 0
1731 1 10.114 9.3362 0.77802
1732 1 9.3362 10.114 0.77802
1733 1 9.3362 9.3362 1.556
1734 1 10.114 10.114 1.556
1735 2 10.114 9.3362 2.3341
1736 1 9.3362 10.114 2.3341
1737 1 9.3362 9.3362 3.1121
1738 1 10.114 10.114 3.1121
1739 1 10.114 9.3362 3.8901
1740 1 9.3362 10.114 3.8901
1741 1 9.3362 9.3362 4.6681
1742 1 10.114 10.114 4.6681
1743 1 10.114 9.3362 5.4461
1744 1 9.3362 10.114 5.4461
1745 2 9.3362 9.3362 6.2241
1746 1 10.114 10.114 6.2241
1747 1 10.114 9.3362 7.0022
1748 1 9.3362 10.114 7.0022
1749 2 9.3362 9.3362 7.7802
1750 1 10.114 10.114 7.7802
1751 1 10.114 9.3362 8.5582
1752 1 9.3362 10.114 8.5582
1753 1 9.3362 9.3362 9.3362
1754 1 10.114 10.114 9.3362
1755 1 10.114 9.3362 10.114
1756 1 9.3362 10.114 10.114
1757 1 9.3362 9.3362 10.892
1758 1 10.114 10.114 10.892
1759 1 10.114 9.3362 11.67
1760 1 9.3362 10.114 11.67
1761 1 9.3362 10.892 0
1762 1 10.114 11.67 0
1763 1 10.114 10.892 0.77802
1764 1 9.3362 11.67 0.77802
1765 1 9.3362 10.892 1.556
1766 1 10.114 11.67 1.556
1767 1 10.114 10.892 2.3341
1768 1 9.3362 11.67 2.3341
1769 1 9.3362 10.892 3.1121
1770 1 10.114 11.67 3.1121
1771 2 10.114 10.892 3.8901
1772 1 9.3362 11.67 3.8901
1773 1 9.3362 10.892 4.6681
1774 1 10.114 11.67 4.6681
1775 2 10.114 10.892 5.4461
1776 1 9.3362 11.67 5.4461
1777 1 9.3362 10.892 6.2241
1778 1 10.114 11.67 6.2241
1779 2 10.114 10.892 7.0022
1780 2 9.3362 11.67 7.0022
1781 1 9.3362 10.892 7.7802
1782 1 10.114 11.67 7.7802
1783 2 10.114 10.892 8.5582
1784 1 9.3362 11.67 8.5582
1785 1 9.3362 10.892 9.3362
1786 1 10.114 11.67 9.3362
1787 2 10.114 10.892 10.114
1788 1 9.3362 11.67 10.114
1789 1 9.3362 10.892 10.892
1790 1 10.114 11.67 10.892
1791 2 10.114 10.892 11.67
1792 1 9.3362 11.67 11.67
1793 1 10.892 0 0
1794 1 11.67 0.77802 0
1795 2 11.67 0 0.77802
1796 1 10.892 0.77802 0.77802
1797 1 10.892 0 1.556
1798 1 11.67 0.77802 1.556
1799 1 11.67 0 2.3341
1800 1 10.892 0.77802 2.3341
1801 1 10.892 0 3.1121
1802 1 11.67 0.77802 3.1121
1803 1 11.67 0 3.8901
1804 1 10.892 0.77802 3.8901
1805 1 10.892 0 4.6681
1806 1 11.67 0.77802 4.6681
1807 2 11.67 0 5.4461
1808 1 10.892 0.77802 5.4461
1809 2 10.892 0 6.2241
1810 1 11.67 0.77802 6.2241
1811 1 11.67 0 7.0022
1812 1 10.892 0.77802 7.0022
1813 1 10.892 0 7.7802
1814 1 11.67 0.77802 7.7802
1815 2 11.67 0 8.5582
1816 1 10.892 0.77802 8.5582
1817 1 10.892 0 9.3362
1818 1 11.67 0.77802 9.3362
1819 1 11.67 0 10.114
1820 1 10.892 0.77802 10.114
1821 1 10.892 0 10.892
1822 1 11.67 0.77802 10.892
1823 1 11.67 0 11.67
1824 1 10.892 0.77802 11.67
1825 1 10.892 1.556 0
1826 1 11.67 2.3341 0
1827 1 11.67 1.556 0.77802
1828 1 10.892 2.3341 0.77802
1829 1 10.892 1.556 1.556
1830 1 11.67 2.3341 1.556
1831 1 11.67 1.556 2.3341
1832 1 10.892 2.3341 2.3341
1833 2 10.892 1.556 3.1121
1834 2 11.67 2.3341 3.1121
1835 2 11.67 1.556 3.8901
1836 1 10.892 2.3341 3.8901
1837 1 10.892 1.556 4.6681
1838 1 11.67 2.3341 4.6681
1839 1 11.67 1.556 5.4461
1840 2 10.892 2.3341 5.4461
1841 1 10.892 1.556 6.2241
1842 1 11.67 2.3341 6.2241
1843 1 11.67 1.556 7.0022
1844 1 10.892 2.3341 7.0022
1845 1 10.892 1.556 7.7802
1846 2 11.67 2.3341 7.7802
1847 2 11.67 1.556 8.5582
1848 2 10.892 2.3341 8.5582
1849 1 10.892 1.556 9.3362
1850 1 11.67 2.3341 9.3362
1851 1 11.67 1.556 10.114
1852 1 10.892 2.3341 10.114
1853 1 10.892 1.556 10.892
1854 1 11.67 2.3341 10.892
1855 1 11.67 1.556 11.67
1856 1 10.892 2.3341 11.67
1857 1 10.892 3.1121 0
1858 1 11.67 3.8901 0
1859 1 11.67 3.1121 0.77802
1860 1 10.892 3.8901 0.77802
1861 1 10.892 3.1121 1.556
1862 1 11.67 3.8901 1.556
1863 2 11.67 3.1121 2.3341
1864 1 10.892 3.8901 2.3341
1865 1 10.892 3.1121 3.1121
1866 1 11.67 3.8901 3.1121
1867 1 11.67 3.1121 3.8901
1868 1 10.892 3.8901 3.8901
1869 1 10.892 3.1121 4.6681
1870 1 11.67 3.8901 4.6681
1871 2 11.67 3.1121 5.4461
1872 2 10.892 3.8901 5.4461
1873 1 10.892 3.1121 6.2241
1874 1 11.67 3.8901 6.2241
1875 1 11.67 3.1121 7.0022
1876 1 10.892 3.8901 7.0022
1877 1 10.892 3.1121 7.7802
1878 1 11.67 3.8901 7.7802
1879 2 11.67 3.1121 8.5582
1880 1 10.892 3.8901 8.5582
1881 1 10.892 3.1121 9.3362
1882 1 11.67 3.8901 9.3362
1883 2 11.67 3.1121 10.114
1884 1 10.892 3.8901 10.114
1885 2 10.892 3.1121 10.892
1886 1 11.67 3.8901 10.892
1887 2 11.67 3.1121 11.67
1888 1 10.892 3.8901 11.67
1889 1 10.892 4.6681 0
1890 1 11.67 5.4461 0
1891 1 11.67 4.6681 0.77802
1892 2 10.892 5.4461 0.77802
1893 1 10.892 4.6681 1.556
1894 1 11.67 5.4461 1.556
1895 1 11.67 4.6681 2.3341
1896 1 10.892 5.4461 2.3341
1897 1 10.892 4.6681 3.1121
1898 1 11.67 5.4461 3.1121
1899 2 11.67 4.6681 3.8901
1900 2 10.892 5.4461 3.8901
1901 1 10.892 4.6681 4.6681
1902 1 11.67 5.4461 4.6681
1903 1 11.67 4.6681 5.4461
1904 1 10.892 5.4461 5.4461
1905 1 10.892 4.6681 6.2241
1906 1 11.67 5.4461 6.2241
1907 1 11.67 4.6681 7.0022
1908 1 10.892 5.4461 7.0022
1909 1 10.892 4.6681 7.7802
1910 1 11.67 5.4461 7.7802
1911 1 11.67 4.6681 8.5582
1912 1 10.892 5.4461 8.5582
1913 1 10.892 4.6681 9.3362
1914 1 11.67 5.4461 9.3362
1915 1 11.67 4.6681 10.114
1916 1 10.892 5.4461 10.114
1917 1 10.892 4.6681 10.892
1918 1 11.67 5.4461 10.892
1919 2 11.67 4.6681 11.67
1920 1 10.892 5.4461 11.67
1921 1 10.892 6.2241 0
1922 1 11.67 7.0022 0
1923 1 11.67 6.2241 0.77802
1924 1 10.892 7.0022 0.77802
1925 1 10.892 6.2241 1.556
1926 1 11.67 7.0022 1.556
1927 2 11.67 6.2241 2.3341
1928 1 10.892 7.0022 2.3341
1929 1 10.892 6.2241 3.1121
1930 1 11.67 7.0022 3.1121
1931 1 11.67 6.2241 3.8901
1932 1 10.892 7.0022 3.8901
1933 1 10.892 6.2241 4.6681
1934 1 11.67 7.0022 4.6681
1935 1 11.67 6.2241 5.4461
1936 2 10.892 7.0022 5.4461
1937 1 10.892 6.2241 6.2241
1938 1 11.67 7.0022 6.2241
1939 1 11.67 6.2241 7.0022
1940 1 10.892 7.0022 7.0022
1941 1 10.892 6.2241 7.7802
1942 2 11.67 7.0022 7.7802
1943 1 11.67 6.2241 8.5582
1944 2 10.892 7.0022 8.5582
1945 1 10.892 6.2241 9.3362
1946 1 11.67 7.0022 9.3362
1947 2 11.67 6.2241 10.114
1948 1 10.892 7.0022 10.114
1949 1 10.892 6.2241 10.892
1950 1 11.67 7.0022 10.892
1951 1 11.67 6.2241 11.67
1952 1 10.892 7.0022 11.67
1953 1 10.892 7.7802 0
1954 1 11.67 8.5582 0
1955 1 11.67 7.7802 0.77802
1956 1 10.892 8.5582 0.77802
1957 1 10.892 7.7802 1.556
1958 1 11.67 8.5582 1.556
1959 1 11.67 7.7802 2.3341
1960 2 10.892 8.5582 2.3341
1961 1 10.892 7.7802 3.1121
1962 1 11.67 8.5582 3.1121
1963 1 11.67 7.7802 3.8901
1964 1 10.892 8.5582 3.8901
1965 1 10.892 7.7802 4.6681
1966 1 11.67 8.5582 4.6681
1967 1 11.67 7.7802 5.4461
1968 2 10.892 8.5582 5.4461
1969 1 10.892 7.7802 6.2241
1970 1 11.67 8.5582 6.2241
1971 1 11.67 7.7802 7.0022
1972 1 10.892 8.5582 7.0022
1973 1 10.892 7.7802 7.7802
1974 2 11.67 8.5582 7.7802
1975 1 11.67 7.7802 8.5582
1976 1 10.892 8.5582 8.5582
1977 1 10.892 7.7802 9.3362
1978 2 11.67 8.5582 9.3362
1979 1 11.67 7.7802 10.114
1980 2 10.892 8.5582 10.114
1981 1 10.892 7.7802 10.892
1982 2 11.67 8.5582 10.892
1983 1 11.67 7.7802 11.67
1984 2 10.892 8.5582 11.67
1985 1 10.892 9.3362 0
1986 1 11.67 10.114 0
1987 1 11.67 9.3362 0.77802
1988 1 10.892 10.114 0.77802
1989 1 10.892 9.3362 1.556
1990 1 11.67 10.114 1.556
1991 1 11.67 9.3362 2.3341
1992 2 10.892 10.114 2.3341
1993 2 10.892 9.3362 3.1121
1994 1 11.67 10.114 3.1121
1995 1 11.67 9.3362 3.8901
1996 1 10.892 10.114 3.8901
1997 1 10.892 9.3362 4.6681
1998 1 11.67 10.114 4.6681
1999 1 11.67 9.3362 5.4461
2000 1 10.892 10.114 5.4461
2001 1 10.892 9.3362 6.2241
2002 2 11.67 10.114 6.2241
2003 1 11.67 9.3362 7.0022
2004 1 10.892 10.114 7.0022
2005 1 10.892 9.3362 7.7802
2006 1 11.67 10.114 7.7802
2007 1 11.67 9.3362 8.5582
2008 1 10.892 10.114 8.5582
2009 1 10.892 9.3362 9.3362
2010 1 11.67 10.114 9.3362
2011 1 11.67 9.3362 10.114
2012 1 10.892 10.114 10.114
2013 1 10.892 9.3362 10.892
2014 1 11.67 10.114 10.892
2015 1 11.67 9.3362 11.67
2016 1 10.892 10.114 11.67
2017 2 10.892 10.892 0
2018 1 11.67 11.67 0
2019 1 11.67 10.892 0.77802
2020 1 10.892 11.67 0.77802
2021 1 10.892 10.892 1.556
2022 1 11.67 11.67 1.556
2023 1 11.67 10.892 2.3341
2024 1 10.892 11.67 2.3341
2025 1 10.892 10.892 3.1121
2026 1 11.67 11.67 3.1121
2027 2 11.67 10.892 3.8901
2028 2 10.892 11.67 3.8901
2029 1 10.892 10.892 4.6681
2030 1 11.67 11.67 4.6681
2031 1 11.67 10.892 5.4461
2032 1 10.892 11.67 5.4461
2033 1 10.892 10.892 6.2241
2034 1 11.67 11.67 6.2241
2035 1 11.67 10.892 7.0022
2036 1 10.892 11.67 7.0022
2037 1 10.892 10.892 7.7802
2038 1 11.67 11.67 7.7802
2039 1 11.67 10.892 8.5582
2040 1 10.892 11.67 8.5582
2041 1 10.892 10.892 9.3362
2042 1 11.67 11.67 9.3362
2043 1 11.67 10.892 10.114
2044 2 10.892 11.67 10.114
2045 1 10.892 10.892 10.892
2046 1 11.67 11.67 10.892
2047 1 11.67 10.892 11.67
2048 1 10.892 11.67 11.67
