1848 Out of 2592 Normal Mode Frequencies in 1/ps for a 6x6x6 Ar Lattice.
   11.928338   11.928338   11.928338   11.928338    5.436511    5.436511    5.436511    5.436511    5.436511    5.436511    5.436511    5.436511
   11.644057   11.644057   11.644057   11.644057    6.048945    6.048945    6.048945    6.048945    5.434939    5.434939    5.434939    5.434939
   10.868360   10.868360   10.868360   10.868360    7.397184    7.397184    7.397184    7.397184    5.431792    5.431792    5.431792    5.431792
   10.174854   10.174854   10.174854   10.174854    8.345348    8.345348    8.345348    8.345348    5.430219    5.430219    5.430219    5.430219
   10.868360   10.868360   10.868360   10.868360    7.397184    7.397184    7.397184    7.397184    5.431792    5.431792    5.431792    5.431792
   11.644057   11.644057   11.644057   11.644057    6.048945    6.048945    6.048945    6.048945    5.434939    5.434939    5.434939    5.434939
   11.644057   11.644057   11.644057   11.644057    6.048945    6.048945    6.048945    6.048945    5.434939    5.434939    5.434939    5.434939
   11.649989   11.649989   11.104921   11.104921    6.957765    6.957765    5.985524    5.985524    5.530654    5.530654    5.502303    5.502303
   11.120018   11.120018   10.184152   10.184152    8.351929    8.351929    6.449859    6.449859    6.348233    6.348233    5.152597    5.152597
   10.467406   10.467406    9.519123    9.519123    9.353498    9.353498    7.189973    7.189973    6.462311    6.462311    5.016803    5.016803
   11.120018   11.120018   10.184152   10.184152    8.351929    8.351929    6.449859    6.449859    6.348233    6.348233    5.152597    5.152597
   11.649989   11.649989   11.104921   11.104921    6.957765    6.957765    5.985524    5.985524    5.530654    5.530654    5.502303    5.502303
   10.868360   10.868360   10.868360   10.868360    7.397184    7.397184    7.397184    7.397184    5.431792    5.431792    5.431792    5.431792
   11.120018   11.120018   10.184152   10.184152    8.351929    8.351929    6.449859    6.449859    6.348233    6.348233    5.152597    5.152597
   10.894764   10.894764    9.287067    9.287067    9.249005    9.249005    7.223660    7.223660    5.711928    5.711928    5.661851    5.661851
   10.401349   10.401349   10.024365   10.024365    8.660538    8.660538    7.556576    7.556576    6.203520    6.203520    5.382909    5.382909
   10.894764   10.894764    9.287067    9.287067    9.249005    9.249005    7.223660    7.223660    5.711928    5.711928    5.661851    5.661851
   11.120018   11.120018   10.184152   10.184152    8.351929    8.351929    6.449859    6.449859    6.348233    6.348233    5.152597    5.152597
   10.174854   10.174854   10.174854   10.174854    8.345348    8.345348    8.345348    8.345348    5.430219    5.430219    5.430219    5.430219
   10.467406   10.467406    9.519123    9.519123    9.353498    9.353498    7.189973    7.189973    6.462311    6.462311    5.016803    5.016803
   10.401349   10.401349   10.024365   10.024365    8.660538    8.660538    7.556576    7.556576    6.203520    6.203520    5.382909    5.382909
   10.258358   10.258358   10.258358   10.258358    8.137652    8.137652    8.078605    8.078605    5.799278    5.799278    5.799278    5.799278
   10.401349   10.401349   10.024365   10.024365    8.660538    8.660538    7.556576    7.556576    6.203520    6.203520    5.382909    5.382909
   10.467406   10.467406    9.519123    9.519123    9.353498    9.353498    7.189973    7.189973    6.462311    6.462311    5.016803    5.016803
   10.868360   10.868360   10.868360   10.868360    7.397184    7.397184    7.397184    7.397184    5.431792    5.431792    5.431792    5.431792
   11.120018   11.120018   10.184152   10.184152    8.351929    8.351929    6.449859    6.449859    6.348233    6.348233    5.152597    5.152597
   10.894764   10.894764    9.287067    9.287067    9.249005    9.249005    7.223660    7.223660    5.711928    5.711928    5.661851    5.661851
   10.401349   10.401349   10.024365   10.024365    8.660538    8.660538    7.556576    7.556576    6.203520    6.203520    5.382909    5.382909
   10.894764   10.894764    9.287067    9.287067    9.249005    9.249005    7.223660    7.223660    5.711928    5.711928    5.661851    5.661851
   11.120018   11.120018   10.184152   10.184152    8.351929    8.351929    6.449859    6.449859    6.348233    6.348233    5.152597    5.152597
   11.644057   11.644057   11.644057   11.644057    6.048945    6.048945    6.048945    6.048945    5.434939    5.434939    5.434939    5.434939
   11.649989   11.649989   11.104921   11.104921    6.957765    6.957765    5.985524    5.985524    5.530654    5.530654    5.502303    5.502303
   11.120018   11.120018   10.184152   10.184152    8.351929    8.351929    6.449859    6.449859    6.348233    6.348233    5.152597    5.152597
   10.467406   10.467406    9.519123    9.519123    9.353498    9.353498    7.189973    7.189973    6.462311    6.462311    5.016803    5.016803
   11.120018   11.120018   10.184152   10.184152    8.351929    8.351929    6.449859    6.449859    6.348233    6.348233    5.152597    5.152597
   11.649989   11.649989   11.104921   11.104921    6.957765    6.957765    5.985524    5.985524    5.530654    5.530654    5.502303    5.502303
   11.644057   11.644057   11.644057   11.644057    6.048945    6.048945    6.048945    6.048945    5.434939    5.434939    5.434939    5.434939
   11.649989   11.649989   11.104921   11.104921    6.957765    6.957765    5.985524    5.985524    5.530654    5.530654    5.502303    5.502303
   11.120018   11.120018   10.184152   10.184152    8.351929    8.351929    6.449859    6.449859    6.348233    6.348233    5.152597    5.152597
   10.467406   10.467406    9.519123    9.519123    9.353498    9.353498    7.189973    7.189973    6.462311    6.462311    5.016803    5.016803
   11.120018   11.120018   10.184152   10.184152    8.351929    8.351929    6.449859    6.449859    6.348233    6.348233    5.152597    5.152597
   11.649989   11.649989   11.104921   11.104921    6.957765    6.957765    5.985524    5.985524    5.530654    5.530654    5.502303    5.502303
   11.649989   11.649989   11.104921   11.104921    6.957765    6.957765    5.985524    5.985524    5.530654    5.530654    5.502303    5.502303
   11.434658   11.434658   11.434658   10.234310    7.112260    7.112260    7.112260    6.236774    6.236774    6.236774    4.714321    4.714321
   11.145795   10.879123   10.879123    9.026379    8.830677    7.769731    7.769731    6.705292    6.485097    6.485097    5.180846    4.006627
   10.462615   10.462615   10.289845   10.201333    8.303025    8.303025    8.205589    6.868673    6.530525    6.530525    5.861640    3.712311
   11.145795   10.879123   10.879123    9.026379    8.830677    7.769731    7.769731    6.705292    6.485097    6.485097    5.180846    4.006627
   11.434658   11.434658   11.434658   10.234310    7.112260    7.112260    7.112260    6.236774    6.236774    6.236774    4.714321    4.714321
   11.120018   11.120018   10.184152   10.184152    8.351929    8.351929    6.449859    6.449859    6.348233    6.348233    5.152597    5.152597
   11.145795   10.879123   10.879123    9.026379    8.830677    7.769731    7.769731    6.705292    6.485097    6.485097    5.180846    4.006627
   11.044474   11.044474   10.501484    9.038232    9.038232    7.614672    7.375450    7.324372    7.324372    6.857108    4.258923    3.813807
   10.985350   10.919710   10.286497    9.690717    9.029019    7.673570    7.593898    7.434491    6.883187    6.683744    4.646618    3.509832
   11.044474   11.044474   10.501484    9.038232    9.038232    7.614672    7.375450    7.324372    7.324372    6.857108    4.258923    3.813807
   11.145795   10.879123   10.879123    9.026379    8.830677    7.769731    7.769731    6.705292    6.485097    6.485097    5.180846    4.006627
   10.467406   10.467406    9.519123    9.519123    9.353498    9.353498    7.189973    7.189973    6.462311    6.462311    5.016803    5.016803
   10.462615   10.462615   10.289845   10.201333    8.303025    8.303025    8.205589    6.868673    6.530525    6.530525    5.861640    3.712311
   10.985350   10.919710   10.286497    9.690717    9.029019    7.673570    7.593898    7.434491    6.883187    6.683744    4.646618    3.509832
   11.140306   11.140306   10.170933    9.280246    9.280246    8.102464    8.102464    7.088765    7.088765    5.617890    4.110825    4.110825
   10.985350   10.919710   10.286497    9.690717    9.029019    7.673570    7.593898    7.434491    6.883187    6.683744    4.646618    3.509832
   10.462615   10.462615   10.289845   10.201333    8.303025    8.303025    8.205589    6.868673    6.530525    6.530525    5.861640    3.712311
   11.120018   11.120018   10.184152   10.184152    8.351929    8.351929    6.449859    6.449859    6.348233    6.348233    5.152597    5.152597
   11.145795   10.879123   10.879123    9.026379    8.830677    7.769731    7.769731    6.705292    6.485097    6.485097    5.180846    4.006627
   11.044474   11.044474   10.501484    9.038232    9.038232    7.614672    7.375450    7.324372    7.324372    6.857108    4.258923    3.813807
   10.985350   10.919710   10.286497    9.690717    9.029019    7.673570    7.593898    7.434491    6.883187    6.683744    4.646618    3.509832
   11.044474   11.044474   10.501484    9.038232    9.038232    7.614672    7.375450    7.324372    7.324372    6.857108    4.258923    3.813807
   11.145795   10.879123   10.879123    9.026379    8.830677    7.769731    7.769731    6.705292    6.485097    6.485097    5.180846    4.006627
   11.649989   11.649989   11.104921   11.104921    6.957765    6.957765    5.985524    5.985524    5.530654    5.530654    5.502303    5.502303
   11.434658   11.434658   11.434658   10.234310    7.112260    7.112260    7.112260    6.236774    6.236774    6.236774    4.714321    4.714321
   11.145795   10.879123   10.879123    9.026379    8.830677    7.769731    7.769731    6.705292    6.485097    6.485097    5.180846    4.006627
   10.462615   10.462615   10.289845   10.201333    8.303025    8.303025    8.205589    6.868673    6.530525    6.530525    5.861640    3.712311
   11.145795   10.879123   10.879123    9.026379    8.830677    7.769731    7.769731    6.705292    6.485097    6.485097    5.180846    4.006627
   11.434658   11.434658   11.434658   10.234310    7.112260    7.112260    7.112260    6.236774    6.236774    6.236774    4.714321    4.714321
   10.868360   10.868360   10.868360   10.868360    7.397184    7.397184    7.397184    7.397184    5.431792    5.431792    5.431792    5.431792
   11.120018   11.120018   10.184152   10.184152    8.351929    8.351929    6.449859    6.449859    6.348233    6.348233    5.152597    5.152597
   10.894764   10.894764    9.287067    9.287067    9.249005    9.249005    7.223660    7.223660    5.711928    5.711928    5.661851    5.661851
   10.401349   10.401349   10.024365   10.024365    8.660538    8.660538    7.556576    7.556576    6.203520    6.203520    5.382909    5.382909
   10.894764   10.894764    9.287067    9.287067    9.249005    9.249005    7.223660    7.223660    5.711928    5.711928    5.661851    5.661851
   11.120018   11.120018   10.184152   10.184152    8.351929    8.351929    6.449859    6.449859    6.348233    6.348233    5.152597    5.152597
   11.120018   11.120018   10.184152   10.184152    8.351929    8.351929    6.449859    6.449859    6.348233    6.348233    5.152597    5.152597
   11.145795   10.879123   10.879123    9.026379    8.830677    7.769731    7.769731    6.705292    6.485097    6.485097    5.180846    4.006627
   11.044474   11.044474   10.501484    9.038232    9.038232    7.614672    7.375450    7.324372    7.324372    6.857108    4.258923    3.813807
   10.985350   10.919710   10.286497    9.690717    9.029019    7.673570    7.593898    7.434491    6.883187    6.683744    4.646618    3.509832
   11.044474   11.044474   10.501484    9.038232    9.038232    7.614672    7.375450    7.324372    7.324372    6.857108    4.258923    3.813807
   11.145795   10.879123   10.879123    9.026379    8.830677    7.769731    7.769731    6.705292    6.485097    6.485097    5.180846    4.006627
   10.894764   10.894764    9.287067    9.287067    9.249005    9.249005    7.223660    7.223660    5.711928    5.711928    5.661851    5.661851
   11.044474   11.044474   10.501484    9.038232    9.038232    7.614672    7.375450    7.324372    7.324372    6.857108    4.258923    3.813807
   11.269849   11.269849   11.269849    8.553523    8.553523    8.553523    7.584431    7.584431    7.584431    5.796419    2.728919    2.728919
   11.524595   11.361234   11.361234    8.973746    8.217169    8.217169    7.833594    7.828540    7.828540    4.554907    3.021858    1.873901
   11.269849   11.269849   11.269849    8.553523    8.553523    8.553523    7.584431    7.584431    7.584431    5.796419    2.728919    2.728919
   11.044474   11.044474   10.501484    9.038232    9.038232    7.614672    7.375450    7.324372    7.324372    6.857108    4.258923    3.813807
   10.401349   10.401349   10.024365   10.024365    8.660538    8.660538    7.556576    7.556576    6.203520    6.203520    5.382909    5.382909
   10.985350   10.919710   10.286497    9.690717    9.029019    7.673570    7.593898    7.434491    6.883187    6.683744    4.646618    3.509832
   11.524595   11.361234   11.361234    8.973746    8.217169    8.217169    7.833594    7.828540    7.828540    4.554907    3.021858    1.873901
   11.736737   11.736737   11.489901    8.485374    8.485374    8.149973    8.149973    7.897759    7.897759    2.849979    2.132440    2.132440
   11.524595   11.361234   11.361234    8.973746    8.217169    8.217169    7.833594    7.828540    7.828540    4.554907    3.021858    1.873901
   10.985350   10.919710   10.286497    9.690717    9.029019    7.673570    7.593898    7.434491    6.883187    6.683744    4.646618    3.509832
   10.894764   10.894764    9.287067    9.287067    9.249005    9.249005    7.223660    7.223660    5.711928    5.711928    5.661851    5.661851
   11.044474   11.044474   10.501484    9.038232    9.038232    7.614672    7.375450    7.324372    7.324372    6.857108    4.258923    3.813807
   11.269849   11.269849   11.269849    8.553523    8.553523    8.553523    7.584431    7.584431    7.584431    5.796419    2.728919    2.728919
   11.524595   11.361234   11.361234    8.973746    8.217169    8.217169    7.833594    7.828540    7.828540    4.554907    3.021858    1.873901
   11.269849   11.269849   11.269849    8.553523    8.553523    8.553523    7.584431    7.584431    7.584431    5.796419    2.728919    2.728919
   11.044474   11.044474   10.501484    9.038232    9.038232    7.614672    7.375450    7.324372    7.324372    6.857108    4.258923    3.813807
   11.120018   11.120018   10.184152   10.184152    8.351929    8.351929    6.449859    6.449859    6.348233    6.348233    5.152597    5.152597
   11.145795   10.879123   10.879123    9.026379    8.830677    7.769731    7.769731    6.705292    6.485097    6.485097    5.180846    4.006627
   11.044474   11.044474   10.501484    9.038232    9.038232    7.614672    7.375450    7.324372    7.324372    6.857108    4.258923    3.813807
   10.985350   10.919710   10.286497    9.690717    9.029019    7.673570    7.593898    7.434491    6.883187    6.683744    4.646618    3.509832
   11.044474   11.044474   10.501484    9.038232    9.038232    7.614672    7.375450    7.324372    7.324372    6.857108    4.258923    3.813807
   11.145795   10.879123   10.879123    9.026379    8.830677    7.769731    7.769731    6.705292    6.485097    6.485097    5.180846    4.006627
   10.174854   10.174854   10.174854   10.174854    8.345348    8.345348    8.345348    8.345348    5.430219    5.430219    5.430219    5.430219
   10.467406   10.467406    9.519123    9.519123    9.353498    9.353498    7.189973    7.189973    6.462311    6.462311    5.016803    5.016803
   10.401349   10.401349   10.024365   10.024365    8.660538    8.660538    7.556576    7.556576    6.203520    6.203520    5.382909    5.382909
   10.258358   10.258358   10.258358   10.258358    8.137652    8.137652    8.078605    8.078605    5.799278    5.799278    5.799278    5.799278
   10.401349   10.401349   10.024365   10.024365    8.660538    8.660538    7.556576    7.556576    6.203520    6.203520    5.382909    5.382909
   10.467406   10.467406    9.519123    9.519123    9.353498    9.353498    7.189973    7.189973    6.462311    6.462311    5.016803    5.016803
   10.467406   10.467406    9.519123    9.519123    9.353498    9.353498    7.189973    7.189973    6.462311    6.462311    5.016803    5.016803
   10.462615   10.462615   10.289845   10.201333    8.303025    8.303025    8.205589    6.868673    6.530525    6.530525    5.861640    3.712311
   10.985350   10.919710   10.286497    9.690717    9.029019    7.673570    7.593898    7.434491    6.883187    6.683744    4.646618    3.509832
   11.140306   11.140306   10.170933    9.280246    9.280246    8.102464    8.102464    7.088765    7.088765    5.617890    4.110825    4.110825
   10.985350   10.919710   10.286497    9.690717    9.029019    7.673570    7.593898    7.434491    6.883187    6.683744    4.646618    3.509832
   10.462615   10.462615   10.289845   10.201333    8.303025    8.303025    8.205589    6.868673    6.530525    6.530525    5.861640    3.712311
   10.401349   10.401349   10.024365   10.024365    8.660538    8.660538    7.556576    7.556576    6.203520    6.203520    5.382909    5.382909
   10.985350   10.919710   10.286497    9.690717    9.029019    7.673570    7.593898    7.434491    6.883187    6.683744    4.646618    3.509832
   11.524595   11.361234   11.361234    8.973746    8.217169    8.217169    7.833594    7.828540    7.828540    4.554907    3.021858    1.873901
   11.736737   11.736737   11.489901    8.485374    8.485374    8.149973    8.149973    7.897759    7.897759    2.849979    2.132440    2.132440
   11.524595   11.361234   11.361234    8.973746    8.217169    8.217169    7.833594    7.828540    7.828540    4.554907    3.021858    1.873901
   10.985350   10.919710   10.286497    9.690717    9.029019    7.673570    7.593898    7.434491    6.883187    6.683744    4.646618    3.509832
   10.258358   10.258358   10.258358   10.258358    8.137652    8.137652    8.078605    8.078605    5.799278    5.799278    5.799278    5.799278
   11.140306   11.140306   10.170933    9.280246    9.280246    8.102464    8.102464    7.088765    7.088765    5.617890    4.110825    4.110825
   11.736737   11.736737   11.489901    8.485374    8.485374    8.149973    8.149973    7.897759    7.897759    2.849979    2.132440    2.132440
   11.945963   11.945963   11.945963    8.173624    8.173624    8.173624    8.173624    8.173624    8.173624    0.000000    0.000000    0.000000
   10.401349   10.401349   10.024365   10.024365    8.660538    8.660538    7.556576    7.556576    6.203520    6.203520    5.382909    5.382909
   10.467406   10.467406    9.519123    9.519123    9.353498    9.353498    7.189973    7.189973    6.462311    6.462311    5.016803    5.016803
   10.868360   10.868360   10.868360   10.868360    7.397184    7.397184    7.397184    7.397184    5.431792    5.431792    5.431792    5.431792
   11.120018   11.120018   10.184152   10.184152    8.351929    8.351929    6.449859    6.449859    6.348233    6.348233    5.152597    5.152597
   10.894764   10.894764    9.287067    9.287067    9.249005    9.249005    7.223660    7.223660    5.711928    5.711928    5.661851    5.661851
   10.401349   10.401349   10.024365   10.024365    8.660538    8.660538    7.556576    7.556576    6.203520    6.203520    5.382909    5.382909
   10.894764   10.894764    9.287067    9.287067    9.249005    9.249005    7.223660    7.223660    5.711928    5.711928    5.661851    5.661851
   11.120018   11.120018   10.184152   10.184152    8.351929    8.351929    6.449859    6.449859    6.348233    6.348233    5.152597    5.152597
   11.120018   11.120018   10.184152   10.184152    8.351929    8.351929    6.449859    6.449859    6.348233    6.348233    5.152597    5.152597
   10.894764   10.894764    9.287067    9.287067    9.249005    9.249005    7.223660    7.223660    5.711928    5.711928    5.661851    5.661851
   10.401349   10.401349   10.024365   10.024365    8.660538    8.660538    7.556576    7.556576    6.203520    6.203520    5.382909    5.382909
   10.894764   10.894764    9.287067    9.287067    9.249005    9.249005    7.223660    7.223660    5.711928    5.711928    5.661851    5.661851
   11.120018   11.120018   10.184152   10.184152    8.351929    8.351929    6.449859    6.449859    6.348233    6.348233    5.152597    5.152597
   11.644057   11.644057   11.644057   11.644057    6.048945    6.048945    6.048945    6.048945    5.434939    5.434939    5.434939    5.434939
   11.649989   11.649989   11.104921   11.104921    6.957765    6.957765    5.985524    5.985524    5.530654    5.530654    5.502303    5.502303
   11.120018   11.120018   10.184152   10.184152    8.351929    8.351929    6.449859    6.449859    6.348233    6.348233    5.152597    5.152597
   10.467406   10.467406    9.519123    9.519123    9.353498    9.353498    7.189973    7.189973    6.462311    6.462311    5.016803    5.016803
   11.120018   11.120018   10.184152   10.184152    8.351929    8.351929    6.449859    6.449859    6.348233    6.348233    5.152597    5.152597
   11.649989   11.649989   11.104921   11.104921    6.957765    6.957765    5.985524    5.985524    5.530654    5.530654    5.502303    5.502303
   11.649989   11.649989   11.104921   11.104921    6.957765    6.957765    5.985524    5.985524    5.530654    5.530654    5.502303    5.502303
   11.120018   11.120018   10.184152   10.184152    8.351929    8.351929    6.449859    6.449859    6.348233    6.348233    5.152597    5.152597
   10.467406   10.467406    9.519123    9.519123    9.353498    9.353498    7.189973    7.189973    6.462311    6.462311    5.016803    5.016803
   11.120018   11.120018   10.184152   10.184152    8.351929    8.351929    6.449859    6.449859    6.348233    6.348233    5.152597    5.152597
   11.649989   11.649989   11.104921   11.104921    6.957765    6.957765    5.985524    5.985524    5.530654    5.530654    5.502303    5.502303
