612 Out of 768 Velocities in m/s for a 4x4x4 Ar Lattice.
      0.1421      0.1421      0.1421      0.1421      0.1421      0.1421      0.1421      0.1421      0.1421      0.1421      0.1421      0.1421     -0.3282     -0.3282     -0.3282     -0.3282     -0.3278     -0.3180     -0.3280     -0.3164     -0.3164     -0.3266     -0.2184     -0.2507     -0.0007     -0.1089     -0.0766      0.0007     -0.0109     -0.0109      0.0008      0.0005     -0.0093      0.0008      0.0008      0.0008
   -211.8048   -211.8048    417.0018   -211.8048   -211.8048    417.0018    212.0501    212.0501    417.0018    212.0501    212.0501    417.0018   -443.5833   -443.5833   -732.5433   -443.5833   -443.5833   -732.5433    443.5076    443.5076   -732.5433    443.5076    443.5076   -732.5433   -300.1342   -300.1342      1.7389   -300.1341   -300.1341      1.7389    299.7849    299.7849      1.7389    299.7849    299.7849      1.7389
   -256.8936   -256.8936      0.5549   -256.8936   -256.8936      0.5549    257.0773    257.0773      0.5549    257.0773    257.0773      0.5549   -592.5520   -592.5520     -0.6873   -592.5520   -592.5520     -0.6873    592.6295    592.6295     -0.6873    592.6295    592.6295     -0.6873   -425.0557   -425.0557      0.0008   -425.0557   -425.0557      0.0008    424.7380    424.7380      0.0008    424.7380    424.7380      0.0008
   -211.8048   -211.8048   -417.0018   -211.8048   -211.8048   -417.0018    212.0501    212.0501   -417.0018    212.0501    212.0501   -417.0018   -443.5833   -443.5833    732.5433   -443.5833   -443.5833    732.5433    443.5076    443.5076    732.5433    443.5076    443.5076    732.5433   -300.1342   -300.1342     -1.7389   -300.1341   -300.1341     -1.7389    299.7849    299.7849     -1.7389    299.7849    299.7849     -1.7389
   -211.8048    417.0018   -211.8048   -211.8048    417.0018   -211.8048    212.0501    417.0018    212.0501    212.0501    417.0018    212.0501   -443.5833   -732.5433   -443.5833   -443.5833   -732.5433   -443.5833    443.5076   -732.5433    443.5076    443.5076   -732.5433    443.5076   -300.1342      1.7389   -300.1342   -300.1341      1.7389   -300.1341    299.7849      1.7389    299.7849    299.7849      1.7389    299.7849
      0.0521    203.6683    203.6683      0.0521    203.6683    203.6683   -525.9479    509.9482    509.9482    526.1888    509.9482    509.9482      0.0021   -637.3135   -637.3135      0.0021   -637.3135   -637.3135     -0.1019   -336.8439   -336.8439     -0.1019   -336.8439   -336.8439   -579.1629    -50.0868    -50.0868    579.2715    -50.0868    -50.0868   -924.0243    -42.6809    -42.6809    923.8646    -42.6809    -42.6809
   -214.0829     40.3373      0.7302    214.1829     40.3373      0.7302   -530.5442   -356.2294     -0.8970    530.6003   -356.2294     -0.8970   -785.1154    462.9861      0.4196    785.2909    462.9861      0.4196     -1.4264   -590.7228     -0.0995      1.2658   -590.7228     -0.0995   -707.5949    530.4884     -0.4238    707.7315    530.4884     -0.4238   -910.9833   -209.4171      0.1123    911.0659   -209.4171      0.1123
      0.0521    203.6683   -203.6683      0.0521    203.6683   -203.6683   -525.9479    509.9482   -509.9482    526.1888    509.9482   -509.9482      0.0021   -637.3135    637.3135      0.0021   -637.3135    637.3135     -0.1019   -336.8439    336.8439     -0.1019   -336.8439    336.8439   -579.1629    -50.0868     50.0868    579.2715    -50.0868     50.0868   -924.0243    -42.6809     42.6809    923.8646    -42.6809     42.6809
   -256.8936      0.5549   -256.8936   -256.8936      0.5549   -256.8936    257.0773      0.5549    257.0773    257.0773      0.5549    257.0773   -592.5520     -0.6873   -592.5520   -592.5520     -0.6873   -592.5520    592.6295     -0.6873    592.6295    592.6295     -0.6873    592.6295   -425.0557      0.0008   -425.0557   -425.0557      0.0008   -425.0557    424.7380      0.0008    424.7380    424.7380      0.0008    424.7380
   -214.0829      0.7302     40.3373    214.1829      0.7302     40.3373   -530.5442     -0.8970   -356.2294    530.6003     -0.8970   -356.2294   -785.1154      0.4196    462.9861    785.2909      0.4196    462.9861     -1.4264     -0.0995   -590.7228      1.2658     -0.0995   -590.7228   -707.5949     -0.4238    530.4884    707.7315     -0.4238    530.4884   -910.9833      0.1123   -209.4171    911.0659      0.1123   -209.4171
   -511.7682      0.1026      0.1026   -511.7682      0.0454      0.0311    511.8194     -0.0589     -0.0445    511.8194     -0.1161     -0.1161  -1223.5769      0.3294      0.3294   1223.8163      0.3294      0.3294     -0.0129     -0.2929     -0.2929     -0.0129     -0.2929     -0.2929   -794.1634      0.2103      0.2103   -794.1634      0.1565      0.1797    794.3603     -0.2321     -0.2553    794.3603     -0.2859     -0.2859
   -214.0829      0.7302    -40.3373    214.1829      0.7302    -40.3373   -530.5442     -0.8970    356.2294    530.6003     -0.8970    356.2294   -785.1154      0.4196   -462.9861    785.2909      0.4196   -462.9861     -1.4264     -0.0995    590.7228      1.2658     -0.0995    590.7228   -707.5949     -0.4238   -530.4884    707.7315     -0.4238   -530.4884   -910.9833      0.1123    209.4171    911.0659      0.1123    209.4171
   -211.8048   -417.0018   -211.8048   -211.8048   -417.0018   -211.8048    212.0501   -417.0018    212.0501    212.0501   -417.0018    212.0501   -443.5833    732.5433   -443.5833   -443.5833    732.5433   -443.5833    443.5076    732.5433    443.5076    443.5076    732.5433    443.5076   -300.1342     -1.7389   -300.1342   -300.1341     -1.7389   -300.1341    299.7849     -1.7389    299.7849    299.7849     -1.7389    299.7849
      0.0521   -203.6683    203.6683      0.0521   -203.6683    203.6683   -525.9479   -509.9482    509.9482    526.1888   -509.9482    509.9482      0.0021    637.3135   -637.3135      0.0021    637.3135   -637.3135     -0.1019    336.8439   -336.8439     -0.1019    336.8439   -336.8439   -579.1629     50.0868    -50.0868    579.2715     50.0868    -50.0868   -924.0243     42.6809    -42.6809    923.8646     42.6809    -42.6809
   -214.0829    -40.3373      0.7302    214.1829    -40.3373      0.7302   -530.5442    356.2294     -0.8970    530.6003    356.2294     -0.8970   -785.1154   -462.9861      0.4196    785.2909   -462.9861      0.4196     -1.4264    590.7228     -0.0995      1.2658    590.7228     -0.0995   -707.5949   -530.4884     -0.4238    707.7315   -530.4884     -0.4238   -910.9833    209.4171      0.1123    911.0659    209.4171      0.1123
      0.0521   -203.6683   -203.6683      0.0521   -203.6683   -203.6683   -525.9479   -509.9482   -509.9482    526.1888   -509.9482   -509.9482      0.0021    637.3135    637.3135      0.0021    637.3135    637.3135     -0.1019    336.8439    336.8439     -0.1019    336.8439    336.8439   -579.1629     50.0868     50.0868    579.2715     50.0868     50.0868   -924.0243     42.6809     42.6809    923.8646     42.6809     42.6809
    417.0018   -211.8048   -211.8048    417.0018   -211.8048   -211.8048    417.0018    212.0501    212.0501    417.0018    212.0501    212.0501   -732.5433   -443.5833   -443.5833   -732.5433   -443.5833   -443.5833   -732.5433    443.5076    443.5076   -732.5433    443.5076    443.5076      1.7389   -300.1342   -300.1342      1.7389   -300.1342   -300.1342      1.7389    299.7849    299.7849      1.7389    299.7849    299.7849
    203.6683      0.0521    203.6683    203.6683      0.0521    203.6683    509.9482   -525.9479    509.9482    509.9482    526.1888    509.9482   -637.3135      0.0021   -637.3135   -637.3135      0.0021   -637.3135   -336.8439     -0.1019   -336.8439   -336.8439     -0.1019   -336.8439    -50.0868   -579.1629    -50.0868    -50.0868    579.2715    -50.0868    -42.6809   -924.0243    -42.6809    -42.6809    923.8646    -42.6809
     40.3373   -214.0829      0.7302     40.3373    214.1829      0.7302   -356.2294   -530.5442     -0.8970   -356.2294    530.6003     -0.8970    462.9861   -785.1154      0.4196    462.9861    785.2909      0.4196   -590.7228     -1.4265     -0.0995   -590.7228      1.2658     -0.0995    530.4884   -707.5949     -0.4238    530.4884    707.7315     -0.4238   -209.4171   -910.9833      0.1123   -209.4171    911.0659      0.1123
    203.6683      0.0521   -203.6683    203.6683      0.0521   -203.6683    509.9482   -525.9479   -509.9482    509.9482    526.1888   -509.9482   -637.3135      0.0021    637.3135   -637.3135      0.0021    637.3135   -336.8439     -0.1019    336.8439   -336.8439     -0.1019    336.8439    -50.0868   -579.1629     50.0868    -50.0868    579.2715     50.0868    -42.6809   -924.0243     42.6809    -42.6809    923.8646     42.6809
    203.6683    203.6683      0.0521    203.6683    203.6683      0.0521    509.9482    509.9482   -525.9479    509.9482    509.9482    526.1888   -637.3135   -637.3135      0.0021   -637.3135   -637.3135      0.0021   -336.8439   -336.8439     -0.1019   -336.8439   -336.8439     -0.1019    -50.0868    -50.0868   -579.1629    -50.0868    -50.0868    579.2715    -42.6809    -42.6809   -924.0243    -42.6809    -42.6809    923.8646
     17.0178     17.0178     17.0178    125.2842    125.2842    125.2842     16.8953     16.8953     16.8953    791.7749    791.7749    791.7749   -419.2370   -419.2370   -419.2370    -11.0662    -11.0662    -11.0662   -419.3653   -419.3653   -419.3653   -267.7058   -267.7058   -267.7058   -205.7882   -205.7882   -205.7882   -267.7964   -267.7965   -267.7965    353.0438    353.0438    353.0438    353.3646    353.3646    353.3646
   -326.9970   -326.9970      0.1376   -249.6668   -249.6668      0.0755   -249.7577   -249.7577      0.0755    343.9358    343.9358     -0.4392     23.8273     23.8274     -0.0265     23.6260     23.6259     -0.0265   -256.3796   -256.3796     -0.1062   -352.3664   -352.3664     -0.0909   -352.5179   -352.5179     -0.0909    972.5264    972.5264      0.6994    751.3041    751.3041     -0.5077    486.0590    486.0590      0.2884
     17.0178     17.0178    -17.0178    125.2842    125.2842   -125.2842     16.8953     16.8953    -16.8953    791.7749    791.7749   -791.7749   -419.2370   -419.2370    419.2370    -11.0662    -11.0662     11.0662   -419.3653   -419.3653    419.3653   -267.7058   -267.7058    267.7058   -205.7882   -205.7882    205.7882   -267.7965   -267.7965    267.7965    353.0438    353.0438   -353.0438    353.3646    353.3646   -353.3646
     40.3373      0.7302   -214.0829     40.3373      0.7302    214.1829   -356.2294     -0.8970   -530.5442   -356.2294     -0.8970    530.6003    462.9861      0.4196   -785.1154    462.9861      0.4196    785.2909   -590.7228     -0.0995     -1.4265   -590.7228     -0.0995      1.2658    530.4884     -0.4238   -707.5949    530.4884     -0.4238    707.7315   -209.4171      0.1123   -910.9833   -209.4171      0.1123    911.0659
   -326.9970      0.1376   -326.9970   -249.6668      0.0755   -249.6668   -249.7577      0.0755   -249.7577    343.9358     -0.4392    343.9358     23.8273     -0.0265     23.8273     23.6260     -0.0265     23.6260   -256.3796     -0.1062   -256.3796   -352.3664     -0.0909   -352.3664   -352.5179     -0.0909   -352.5179    972.5264      0.6994    972.5264    751.3041     -0.5077    751.3041    486.0590      0.2884    486.0590
   -316.9888     -0.1071     -0.1071   -316.9888     -0.1381     -0.1381   -699.4675     -0.0109     -0.0109    426.6494      0.4081      0.4081    426.6494     -0.1287     -0.1287    -26.2592     -0.2523     -0.2523    -26.2592     -0.3187     -0.3187   -428.1696      0.1694      0.1694   -428.1696     -0.0678     -0.0678   1464.6314      1.3540      1.3540   1047.2218      0.3696      0.3696   1047.2218     -1.0160     -1.0160
   -326.9970      0.1376    326.9970   -249.6668      0.0755    249.6668   -249.7577      0.0755    249.7577    343.9358     -0.4392   -343.9358     23.8273     -0.0265    -23.8273     23.6260     -0.0265    -23.6260   -256.3796     -0.1062    256.3796   -352.3664     -0.0909    352.3664   -352.5179     -0.0909    352.5179    972.5264      0.6994   -972.5264    751.3041     -0.5077   -751.3041    486.0590      0.2884   -486.0590
    203.6683   -203.6683      0.0521    203.6683   -203.6683      0.0521    509.9482   -509.9482   -525.9479    509.9482   -509.9482    526.1888   -637.3135    637.3135      0.0021   -637.3135    637.3135      0.0021   -336.8439    336.8439     -0.1019   -336.8439    336.8439     -0.1019    -50.0868     50.0868   -579.1629    -50.0868     50.0868    579.2715    -42.6809     42.6809   -924.0243    -42.6809     42.6809    923.8646
     17.0178    -17.0178     17.0178    125.2842   -125.2842    125.2842     16.8953    -16.8953     16.8953    791.7749   -791.7749    791.7749   -419.2370    419.2370   -419.2370    -11.0662     11.0662    -11.0662   -419.3653    419.3653   -419.3653   -267.7058    267.7058   -267.7058   -205.7882    205.7882   -205.7882   -267.7965    267.7965   -267.7965    353.0438   -353.0438    353.0438    353.3646   -353.3646    353.3646
   -326.9970    326.9970      0.1376   -249.6668    249.6668      0.0755   -249.7577    249.7577      0.0755    343.9358   -343.9358     -0.4392     23.8273    -23.8274     -0.0265     23.6260    -23.6259     -0.0265   -256.3796    256.3796     -0.1062   -352.3664    352.3664     -0.0909   -352.5179    352.5179     -0.0909    972.5264   -972.5264      0.6994    751.3041   -751.3041     -0.5077    486.0590   -486.0590      0.2884
     17.0178    -17.0178    -17.0178    125.2842   -125.2842   -125.2842     16.8953    -16.8953    -16.8953    791.7749   -791.7749   -791.7749   -419.2370    419.2370    419.2370    -11.0662     11.0662     11.0662   -419.3653    419.3653    419.3653   -267.7058    267.7058    267.7058   -205.7882    205.7882    205.7882   -267.7965    267.7965    267.7965    353.0438   -353.0438   -353.0438    353.3646   -353.3646   -353.3646
      0.5549   -256.8936   -256.8936      0.5549   -256.8936   -256.8936      0.5549    257.0773    257.0773      0.5549    257.0773    257.0773     -0.6873   -592.5520   -592.5520     -0.6873   -592.5520   -592.5520     -0.6873    592.6295    592.6295     -0.6873    592.6295    592.6295      0.0008   -425.0557   -425.0557      0.0008   -425.0557   -425.0557      0.0008    424.7380    424.7380      0.0008    424.7380    424.7380
      0.7302   -214.0829     40.3373      0.7302    214.1829     40.3373     -0.8970   -530.5442   -356.2294     -0.8970    530.6003   -356.2294      0.4196   -785.1154    462.9861      0.4196    785.2909    462.9861     -0.0995     -1.4265   -590.7228     -0.0995      1.2658   -590.7228     -0.4238   -707.5949    530.4884     -0.4238    707.7315    530.4884      0.1123   -910.9833   -209.4171      0.1123    911.0659   -209.4171
      0.1026   -511.7682      0.1026      0.0145   -511.7682     -0.0042     -0.0279    511.8194     -0.0093     -0.1161    511.8194     -0.1161      0.3294  -1223.5769      0.3294      0.3294   1223.8163      0.3294     -0.2929     -0.0129     -0.2929     -0.2929     -0.0129     -0.2929      0.2103   -794.1634      0.2103      0.2103   -794.1634     -0.0320     -0.2859    794.3603     -0.0436     -0.2859    794.3603     -0.2859
      0.7302   -214.0829    -40.3373      0.7302    214.1829    -40.3373     -0.8970   -530.5442    356.2294     -0.8970    530.6003    356.2294      0.4196   -785.1154   -462.9861      0.4196    785.2909   -462.9861     -0.0995     -1.4265    590.7228     -0.0995      1.2658    590.7228     -0.4238   -707.5949   -530.4884     -0.4238    707.7315   -530.4884      0.1123   -910.9833    209.4171      0.1123    911.0659    209.4171
      0.7302     40.3373   -214.0829      0.7302     40.3373    214.1829     -0.8970   -356.2294   -530.5442     -0.8970   -356.2294    530.6003      0.4196    462.9861   -785.1154      0.4196    462.9861    785.2909     -0.0995   -590.7228     -1.4265     -0.0995   -590.7228      1.2658     -0.4238    530.4884   -707.5949     -0.4238    530.4884    707.7315      0.1123   -209.4171   -910.9833      0.1123   -209.4171    911.0659
      0.1376   -326.9970   -326.9970      0.0755   -249.6668   -249.6667      0.0755   -249.7577   -249.7578     -0.4392    343.9358    343.9358     -0.0265     23.8273     23.8273     -0.0265     23.6260     23.6260     -0.1062   -256.3796   -256.3796     -0.0909   -352.3664   -352.3664     -0.0909   -352.5179   -352.5179      0.6994    972.5264    972.5264     -0.5077    751.3041    751.3041      0.2884    486.0590    486.0590
     -0.1071   -316.9888     -0.1071     -0.1381   -316.9888     -0.1381     -0.0109   -699.4675     -0.0109      0.4081    426.6494      0.4081     -0.1287    426.6494     -0.1287     -0.1909    -26.2592     -0.2034     -0.3801    -26.2592     -0.3676      0.1694   -428.1696      0.1694     -0.0678   -428.1696     -0.0678      1.3540   1464.6314      1.3540      0.3696   1047.2218      0.3696     -1.0160   1047.2218     -1.0160
      0.1376   -326.9970    326.9970      0.0755   -249.6668    249.6668      0.0755   -249.7577    249.7577     -0.4392    343.9358   -343.9358     -0.0265     23.8273    -23.8273     -0.0265     23.6260    -23.6260     -0.1062   -256.3796    256.3796     -0.0909   -352.3664    352.3664     -0.0909   -352.5179    352.5179      0.6994    972.5264   -972.5264     -0.5077    751.3041   -751.3041      0.2884    486.0590   -486.0590
      0.1026      0.1026   -511.7682      0.1026      0.0740   -511.7682     -0.1161     -0.0875    511.8194     -0.1161     -0.1161    511.8194      0.3294      0.3294  -1223.5769      0.3294      0.3294   1223.8163     -0.2929     -0.2929     -0.0129     -0.2929     -0.2929     -0.0129      0.2103      0.2103   -794.1634      0.2102      0.2021   -794.1634     -0.2858     -0.2777    794.3603     -0.2859     -0.2859    794.3603
     -0.1071     -0.1071   -316.9888     -0.1381     -0.1381   -316.9888     -0.0109     -0.0109   -699.4675      0.4081      0.4081    426.6494     -0.1287     -0.1287    426.6494     -0.1909     -0.2117    -26.2592     -0.3801     -0.3593    -26.2592      0.1694      0.1694   -428.1696     -0.0678     -0.0678   -428.1696      1.3540      1.3540   1464.6314      0.3696      0.3696   1047.2218     -1.0160     -1.0160   1047.2218
     -0.1039     -0.1039     -0.1039     -0.1039     -0.1068     -0.1076     -0.2258     -0.2230     -0.2221      0.1128      0.0693      0.0753      0.0832      0.0118      0.0118     -0.0125      0.0118      0.0118     -0.0127     -0.0006     -0.0127     -0.0598     -0.0127     -0.0184     -0.0893     -0.0579     -0.0460   1509.4640   1398.8201   1509.4149   1139.4463   1272.8401   1139.5114   1139.4463   1139.4463   1139.4463
      0.7302    -40.3373   -214.0829      0.7302    -40.3373    214.1829     -0.8970    356.2294   -530.5442     -0.8970    356.2294    530.6003      0.4196   -462.9861   -785.1154      0.4196   -462.9861    785.2909     -0.0995    590.7228     -1.4265     -0.0995    590.7228      1.2658     -0.4238   -530.4884   -707.5949     -0.4238   -530.4884    707.7315      0.1123    209.4171   -910.9833      0.1123    209.4171    911.0659
   -417.0018   -211.8048   -211.8048   -417.0018   -211.8048   -211.8048   -417.0018    212.0501    212.0500   -417.0018    212.0501    212.0501    732.5433   -443.5833   -443.5833    732.5433   -443.5833   -443.5833    732.5433    443.5076    443.5076    732.5433    443.5076    443.5076     -1.7389   -300.1342   -300.1342     -1.7389   -300.1342   -300.1342     -1.7389    299.7849    299.7849     -1.7389    299.7849    299.7849
   -203.6683      0.0521    203.6683   -203.6683      0.0521    203.6683   -509.9482   -525.9479    509.9482   -509.9482    526.1888    509.9482    637.3135      0.0021   -637.3135    637.3135      0.0021   -637.3135    336.8439     -0.1019   -336.8439    336.8439     -0.1019   -336.8439     50.0868   -579.1629    -50.0868     50.0868    579.2715    -50.0868     42.6809   -924.0243    -42.6809     42.6809    923.8646    -42.6809
    -40.3373   -214.0829      0.7302    -40.3373    214.1829      0.7302    356.2294   -530.5442     -0.8970    356.2294    530.6003     -0.8970   -462.9861   -785.1154      0.4196   -462.9861    785.2909      0.4196    590.7228     -1.4265     -0.0995    590.7228      1.2658     -0.0995   -530.4884   -707.5949     -0.4238   -530.4884    707.7315     -0.4238    209.4171   -910.9833      0.1123    209.4171    911.0659      0.1123
   -203.6683      0.0521   -203.6683   -203.6683      0.0521   -203.6683   -509.9482   -525.9479   -509.9482   -509.9482    526.1888   -509.9482    637.3135      0.0021    637.3135    637.3135      0.0021    637.3135    336.8439     -0.1019    336.8439    336.8439     -0.1019    336.8439     50.0868   -579.1629     50.0868     50.0868    579.2715     50.0868     42.6809   -924.0243     42.6809     42.6809    923.8646     42.6809
   -203.6683    203.6683      0.0521   -203.6683    203.6683      0.0521   -509.9482    509.9482   -525.9479   -509.9482    509.9482    526.1888    637.3135   -637.3135      0.0021    637.3135   -637.3135      0.0021    336.8439   -336.8439     -0.1019    336.8439   -336.8439     -0.1019     50.0868    -50.0868   -579.1629     50.0868    -50.0868    579.2715     42.6809    -42.6809   -924.0243     42.6809    -42.6809    923.8646
    -40.3373      0.7302   -214.0829    -40.3373      0.7302    214.1829    356.2294     -0.8970   -530.5442    356.2294     -0.8970    530.6003   -462.9861      0.4196   -785.1154   -462.9861      0.4196    785.2909    590.7228     -0.0995     -1.4265    590.7228     -0.0995      1.2658   -530.4884     -0.4238   -707.5949   -530.4884     -0.4238    707.7315    209.4171      0.1123   -910.9833    209.4171      0.1123    911.0659
   -203.6683   -203.6683      0.0521   -203.6683   -203.6683      0.0521   -509.9482   -509.9482   -525.9479   -509.9482   -509.9482    526.1888    637.3135    637.3135      0.0021    637.3135    637.3135      0.0021    336.8439    336.8439     -0.1019    336.8439    336.8439     -0.1019     50.0868     50.0868   -579.1629     50.0868     50.0868    579.2715     42.6809     42.6809   -924.0243     42.6809     42.6809    923.8646
