0 0
0 0
0 0
0.81706 0.0039443
1.0952 0.080275
1.1986 0.14266
1.2978 0.17638
1.3714 0.17585
1.417 0.56638
1.4465 0.71738
1.4931 0.45992
1.5166 0.67274
1.5708 0.54588
1.5919 0.6922
1.6282 1.4509
1.6512 1.4412
1.6851 1.3807
1.7043 1.6596
1.7435 1.5961
1.7566 1.4069
1.7839 1.5997
1.8401 4.9791
1.8493 4.8283
1.8715 0.77509
1.9105 1.8059
1.9312 3.0751
1.9466 2.295
1.9782 2.1223
1.9899 2.2992
2.0162 1.0739
2.0348 1.1597
2.0713 2.8884
2.0799 3.1821
2.1094 0.89206
2.1197 0.94325
2.1534 1.1384
2.1667 2.0591
2.1785 2.2351
2.2 1.0637
2.2295 1.1765
2.2429 1.7566
2.2664 1.0982
2.2846 1.551
2.3002 2.1381
2.3124 3.0748
2.3292 1.8746
2.3765 1.0529
2.3915 1.3113
2.4091 2.9069
2.4185 3.3602
2.4243 3.0391
2.4471 0.85202
2.4675 1.6802
2.476 2.5118
2.4954 1.2799
2.5178 1.0464
2.5327 0.4739
2.552 1.4244
2.5713 1.7341
2.5919 1.6132
2.6104 2.6764
2.6193 5.6897
2.6242 4.771
2.6584 1.4458
2.6745 2.5323
2.6839 2.3959
2.6991 1.8723
2.7168 3.0256
2.7233 8.1593
2.7265 6.9558
2.7416 1.2626
2.7631 0.63029
2.7781 1.9997
2.7978 3.4806
2.8082 4.0127
2.8134 2.817
2.8237 2.0623
2.8349 1.5707
2.8606 1.3621
2.8726 3.5605
2.8755 2.932
2.8931 0.87669
2.9123 1.1625
2.9274 1.2264
2.9463 0.69319
2.9601 1.0517
2.9722 1.3354
2.9874 1.1424
2.9997 2.4484
3.0083 2.4455
3.0219 0.88126
3.0472 3.3088
3.0538 3.4719
3.0671 2.5401
3.0765 4.4117
3.0817 3.181
3.0954 2.6516
3.1047 4.116
3.1139 2.9632
3.1308 1.482
3.1534 1.0173
3.1663 1.551
3.1735 2.4213
3.1866 2.9888
3.1961 5.2238
3.2 3.6249
3.216 1.5541
3.2309 3.5714
3.2381 2.9755
3.2686 2.8369
3.273 1.3534
3.2761 2.6888
3.2993 1.4515
3.3076 1.7079
3.3236 1.9262
3.3283 2.3941
3.3373 2.5994
3.3474 1.8767
3.3601 0.52861
3.3752 1.4216
3.3881 2.366
3.3976 3.5141
3.4073 2.2444
3.4169 1.8814
3.4268 1.6659
3.442 3.8444
3.4532 3.1822
3.4567 4.5168
3.4628 2.5011
3.4714 1.4387
3.499 2.1047
3.5035 1.4488
3.5081 2.3561
3.5184 3.1009
3.5314 5.1787
3.5375 5.572
3.5459 2.8827
3.5563 1.7335
3.5673 0.85689
3.58 0.9136
3.597 2.6265
3.602 2.4204
3.6136 1.2988
3.6259 3.1475
3.6288 3.6814
3.6438 2.3161
3.6497 2.8338
3.6527 2.8363
3.6582 1.7325
3.668 1.9978
3.6756 1.2677
3.6879 1.3315
3.7029 3.9317
3.7075 3.9724
3.724 1.0136
3.7323 1.0137
3.7507 1.4914
3.7562 1.6904
3.773 3.2804
3.7769 2.5845
3.783 2.3023
3.7948 1.8538
3.8025 1.4458
3.8182 3.7015
3.8231 3.7527
3.8383 1.9982
3.8457 3.5208
3.851 2.7353
3.8567 3.0869
3.8682 2.1863
3.8818 3.5246
3.887 3.0328
3.8953 2.8246
3.8992 1.9471
3.9121 1.333
3.9195 4.3345
3.9212 3.4801
3.9271 5.1199
3.9352 2.4583
3.9449 1.5349
3.9531 1.9364
3.954 2.4898
3.9731 2.134
3.9817 1.7066
3.9991 2.0847
4.0043 2.1063
4.0136 1.1049
4.0246 1.4006
4.0334 1.1787
4.0415 0.95704
4.0566 1.1698
4.0683 1.3381
4.0786 1.6018
4.0862 1.497
4.0921 1.904
4.1044 3.2991
4.1133 3.0443
4.1141 4.0401
4.1199 2.9072
4.136 3.4588
4.1401 4.0215
4.1507 3.394
4.1565 2.9594
4.1728 5.4888
4.1796 4.5329
4.184 4.5883
4.1878 4.0095
4.2005 4.4845
4.2062 4.987
4.218 2.6432
4.221 2.9543
4.2278 3.1912
4.239 3.9449
4.2425 4.097
4.2505 2.1839
4.2635 5.3833
4.2648 4.9253
4.2706 6.7006
4.2818 3.3152
4.2892 2.1912
4.3075 2.1529
4.3139 1.6832
4.3223 1.575
4.3337 1.38
4.3492 6.2951
4.3534 6.6647
4.3606 2.4875
4.3684 4.9969
4.3689 2.596
4.3729 6.2124
4.3764 5.0991
4.403 2.4991
4.4072 3.1707
4.416 6.3985
4.4198 5.1611
4.4261 3.7413
4.4393 2.7534
4.4455 3.3171
4.4512 3.8232
4.4595 3.5484
4.461 2.7956
4.4656 4.3217
4.473 2.4181
4.4809 2.4234
4.4851 1.9042
4.4938 2.2393
4.5047 2.4338
4.5153 1.7512
4.5304 1.7308
4.5362 2.0478
4.5437 1.9467
4.5489 2.2845
4.5619 2.2582
4.5698 6.2365
4.5702 2.2981
4.5737 5.7681
4.5839 2.876
4.5961 4.5423
4.6017 4.3567
4.6073 1.9317
4.6125 3.2869
4.6206 4.2095
4.6235 4.0736
4.6367 4.1163
4.6391 3.7318
4.6477 4.3422
4.6564 3.5501
4.6682 3.3753
4.6741 3.5509
4.6861 1.2243
4.6976 2.025
4.706 2.5975
4.7094 3.2496
4.7158 3.227
4.7277 3.7894
4.7322 3.5196
4.7408 4.4237
4.7481 6.2523
4.7531 4.0666
4.7588 4.3458
4.763 3.9055
4.7781 1.1808
4.7915 1.5341
4.797 2.2988
4.805 1.6696
4.8072 2.3157
4.8172 2.4064
4.819 2.5673
4.8252 1.8642
4.8326 2.24
4.8373 2.3488
4.8472 2.0097
4.8608 2.3785
4.8651 3.4319
4.8696 4.0331
4.8748 3.1772
4.8881 2.1261
4.8952 2.8862
4.8998 3.473
4.9083 3.4721
4.9115 2.7945
4.9192 1.8347
4.9285 1.105
4.9367 1.0795
4.949 3.7933
4.9507 3.591
4.9617 3.1868
4.9671 2.7661
4.9727 2.8648
4.9769 3.4992
4.9836 3.8631
4.9917 3.7936
4.9956 3.1551
5.0002 4.6883
5.0071 6.4199
5.009 3.8981
5.0154 1.2182
5.0254 1.7157
5.0371 1.7152
5.0435 1.5171
5.0498 1.822
5.0533 2.7628
5.0625 3.8035
5.065 2.8467
5.0794 2.1868
5.0849 2.5447
5.0899 1.8673
5.0995 1.8822
5.111 1.4738
5.1195 3.8167
5.1217 3.4683
5.1323 3.9536
5.1363 3.6074
5.1426 2.7103
5.1493 2.9402
5.1523 3.543
5.1584 2.6365
5.1668 2.8317
5.1688 2.203
5.1781 1.8871
5.1812 1.7441
5.1955 1.2938
5.2017 2.1465
5.205 2.4249
5.2157 2.1548
5.2199 2.6126
5.223 3.3821
5.2305 2.4763
5.2357 3.5003
5.2414 4.3509
5.2459 3.4058
5.2557 3.3192
5.2587 3.9445
5.2668 1.621
5.2744 1.5269
5.2799 2.4985
5.2882 2.5126
5.2934 2.4772
5.3049 1.8932
5.3075 2.8396
5.3154 2.4247
5.323 4.5879
5.3243 5.2655
5.3324 3.8003
5.3343 1.9945
5.3416 2.8537
5.3519 2.2965
5.3538 2.0699
5.3651 2.3936
5.376 1.8353
5.378 3.2427
5.3864 2.266
5.3896 1.8527
5.3955 2.538
5.4024 3.6824
5.405 1.9078
5.4099 1.7611
5.4165 1.2977
5.4274 4.2573
5.4293 4.0391
5.4371 1.7739
5.4412 2.0546
5.445 2.076
5.4525 2.32
5.4626 1.4722
5.4639 3.3423
5.4695 1.801
5.4719 1.761
5.4848 1.6134
5.4999 5.8904
5.5024 4.8496
5.5056 3.1458
5.518 2.1766
5.5209 2.132
5.5275 2.9377
5.5351 5.0978
5.5377 5.7269
5.5403 4.2278
5.5459 3.3587
5.5485 3.1877
5.5616 3.8215
5.5661 4.2362
5.5699 3.229
5.5792 1.8712
5.5899 1.7417
5.6011 2.0678
5.6033 1.4105
5.6084 1.6869
5.6147 2.5308
5.6219 3.3063
5.6242 2.7361
5.6292 2.2117
5.6355 2.1733
5.6405 3.9765
5.6449 3.0705
5.6546 3.0855
5.6584 2.2939
5.6629 2.4132
5.6725 2.6183
5.6789 2.4626
5.6805 3.6109
5.681 3.4703
5.6909 2.0467
5.6957 3.4998
5.6997 4.085
5.7082 2.6323
5.7199 1.8817
5.7219 1.609
5.7299 2.2633
5.7344 3.4251
5.7392 3.848
5.7393 2.6657
5.744 1.7299
5.7549 5.3016
5.7598 4.8239
5.7645 1.6863
5.7763 1.8127
5.7782 2.8163
5.7832 2.8435
5.7923 3.9907
5.7957 4.2079
5.7981 3.0345
5.8155 3.5644
5.8197 3.1039
5.8265 2.9814
5.8282 2.9814
5.8317 2.7686
5.8377 1.8756
5.8464 2.6706
5.853 3.7815
5.8615 3.9854
5.8633 4.9077
5.8675 2.0141
5.8708 2.7201
5.878 2.1124
5.8823 1.6944
5.8941 0.96212
5.902 1.6807
5.9071 1.7023
5.9156 2.4451
5.9214 2.9124
5.927 3.3983
5.9331 4.1436
5.9355 5.387
5.9389 4.2336
5.9426 2.0311
5.9547 2.3008
5.9611 2.1691
5.9665 3.786
5.9701 2.5197
5.9788 3.6
5.9814 3.3444
5.9914 2.4664
5.9955 2.9969
5.9992 3.9683
6.004 3.4371
6.0106 3.2535
6.0178 2.424
6.0198 3.1855
6.0277 3.5049
6.0346 3.1244
6.0369 4.8208
6.0405 2.7642
6.045 1.6888
6.0518 1.8354
6.0562 2.0864
6.0661 3.232
6.0703 4.0388
6.0742 3.213
6.0776 3.3008
6.0836 1.8517
6.0958 1.5637
6.1001 3.9579
6.1036 3.9736
6.1142 2.3919
6.1144 2.1919
6.1253 2.1307
6.1283 2.5416
6.1349 2.6858
6.1431 2.1351
6.1474 5.1754
6.1509 8.1878
6.1545 5.0343
6.1589 2.7618
6.168 5.0411
6.1696 3.6859
6.1748 3.2642
6.1809 3.0349
6.1919 1.4987
6.1954 2.0318
6.2018 2.7096
6.2094 2.6667
6.2189 1.9995
6.2284 2.0855
6.2331 3.3183
6.239 5.0019
6.2414 4.5309
6.2485 2.5929
6.2542 2.7825
6.2575 2.8443
6.2632 3.4247
6.2654 3.488
6.2684 2.035
6.2728 1.8758
6.2848 3.775
6.2875 4.1439
6.2917 2.2326
6.2946 3.0586
6.2994 3.1854
6.3062 3.9339
6.3131 2.9044
6.3218 2.0815
6.3254 1.9795
6.3327 1.8779
6.338 2.9739
6.3438 3.9676
6.3485 3.1122
6.3523 2.638
6.3598 3.026
6.3683 3.4364
6.3723 4.3705
6.3775 3.252
6.3787 6.7807
6.3837 5.0791
6.3912 3.4492
6.3936 2.4996
6.4025 2.718
6.4089 5.7687
6.4094 6.8203
6.4116 6.2682
6.4157 4.9219
6.4186 4.4892
6.4241 4.7547
6.4275 3.4586
6.4355 3.1973
6.4422 3.0069
6.4474 2.98
6.4521 2.0218
6.4619 2.4424
6.465 3.1267
6.473 2.3719
6.4774 1.7876
6.4877 1.5141
6.4915 1.4898
6.4997 2.7761
6.504 2.275
6.5077 2.5062
6.5151 2.1204
6.5164 6.4542
6.5202 5.2609
6.5253 1.9242
6.5259 1.6265
6.5308 2.7456
6.539 2.0083
6.5488 1.6304
6.5493 1.9426
6.553 2.1578
6.5593 3.8195
6.5638 3.6677
6.5672 4.9514
6.571 3.3357
6.5776 3.3051
6.5818 3.652
6.5873 2.5237
6.595 1.944
6.6034 3.4868
6.6076 2.0497
6.6096 2.6805
6.6194 2.2727
6.6226 3.1823
6.6327 2.5126
6.6344 2.6313
6.6366 3.5491
6.6428 2.5839
6.6477 2.9261
6.654 2.6216
6.6614 3.2317
6.6634 2.9399
6.6721 3.6475
6.6754 3.8819
6.6791 2.4865
6.6832 2.5447
6.6898 2.4152
6.6923 3.3097
6.7027 3.879
6.7049 3.699
6.7082 3.601
6.7168 3.7426
6.7197 4.1679
6.7212 5.4154
6.7223 6.247
6.7279 2.8409
6.735 3.4178
6.7395 2.442
6.7448 1.8192
6.7555 2.6732
6.7586 3.2313
6.7589 3.4758
6.7716 1.8718
6.776 2.7864
6.7802 2.6924
6.7815 3.6457
6.7882 3.1035
6.8014 3.0407
6.8034 3.5449
6.8058 4.057
6.8091 2.1174
6.8119 2.6302
6.82 1.7322
6.8287 2.2978
6.8345 2.6242
6.8361 2.2755
6.8408 1.7598
6.8463 2.2215
6.8505 2.3603
6.8562 1.9415
6.8578 1.6809
6.8642 2.5671
6.8709 1.6044
6.8766 1.9864
6.8837 3.2846
6.885 2.6851
6.8915 2.7211
6.893 2.8628
6.9014 3.4088
6.9068 3.5108
6.912 6.2685
6.9139 5.212
6.919 2.6493
6.9232 1.8009
6.9286 2.8931
6.9338 2.2549
6.9419 2.9481
6.9426 5.319
6.9454 4.907
6.9509 2.1929
6.9541 2.7891
6.9608 3.1748
6.9673 2.5399
6.9702 2.2605
6.9738 2.9616
6.9775 2.8111
6.9839 3.2281
6.9884 3.0458
6.9969 1.7743
6.9995 2.2103
7.0071 1.6227
7.0173 1.9427
7.023 2.2572
7.024 2.3184
7.027 3.2708
7.0345 2.6011
7.0369 1.7373
7.0428 2.5875
7.0447 3.1276
7.0501 1.8107
7.0529 3.0036
7.0591 1.9751
7.0662 4.4207
7.069 4.3136
7.0739 2.9496
7.0744 3.1338
7.0882 3.7062
7.091 3.9579
7.0941 2.4456
7.0965 2.5829
7.1024 1.7127
7.1103 3.5148
7.1161 3.2442
7.1209 2.7291
7.1258 1.744
7.1283 1.9692
7.1348 3.3772
7.1398 2.707
7.1439 1.9136
7.1497 1.6122
7.1526 2.9793
7.1591 3.5514
7.1619 3.2744
7.1668 2.17
7.1746 2.2092
7.178 1.8132
7.1815 2.6032
7.1848 2.2181
7.1946 2.1488
7.1963 2.187
7.1995 2.1734
7.2078 4.2692
7.2093 4.1243
7.2137 2.7005
7.2167 4.5592
7.2264 4.0877
7.2287 7.0163
7.2323 6.8612
7.2364 5.499
7.2376 6.1379
7.2441 2.4118
7.2503 2.0862
7.2565 2.3388
7.262 3.1251
7.2663 5.0442
7.2677 4.2972
7.2724 3.6042
7.2739 4.2941
7.2836 2.4176
7.2862 2.587
7.291 3.9572
7.2953 4.3171
7.2982 3.3798
7.3027 2.2125
7.3101 3.5966
7.3132 3.6873
7.3197 3.4939
7.3225 3.1296
7.3277 3.7002
7.3322 1.7609
7.336 2.2374
7.3448 1.4891
7.3461 1.9752
7.3517 3.245
7.3581 2.3482
7.3644 1.9103
7.369 3.8216
7.3711 2.3836
7.3742 3.9883
7.3777 2.6896
7.3846 3.0254
7.3893 2.896
7.3935 3.8517
7.3982 2.388
7.4018 4.0734
7.4081 2.1673
7.4107 3.2053
7.4186 2.5898
7.4205 2.2159
7.4267 2.4115
7.4311 2.4789
7.4358 1.6192
7.4383 2.4291
7.4471 3.0856
7.449 2.4059
7.4584 1.7099
7.4594 2.109
7.4669 2.4805
7.4689 3.3326
7.4722 2.8627
7.4825 1.3513
7.4872 1.067
7.4898 1.746
7.4981 2.4175
7.5005 2.1613
7.5069 2.2935
7.511 2.2214
7.5149 2.4973
7.5203 1.6901
7.5251 1.9408
7.5315 2.2619
7.539 3.2568
7.5413 4.3733
7.5453 2.971
7.5491 3.0974
7.5536 3.0422
7.5595 2.2529
7.564 1.1446
7.5672 1.9471
7.5693 1.9775
7.5751 1.926
7.5779 1.5959
7.585 3.0998
7.5856 2.3722
7.5983 2.1782
7.5996 1.5692
7.6082 2.3841
7.6094 2.9889
7.6132 4.1396
7.6156 3.9982
7.6209 3.7152
7.626 4.3828
7.6307 2.0501
7.6324 2.1407
7.6376 2.6454
7.6427 1.9383
7.6478 2.1984
7.6546 3.4981
7.6562 3.0906
7.6592 3.9118
7.6639 2.8727
7.6709 2.2123
7.6733 2.155
7.6767 2.2567
7.6886 1.8478
7.6913 2.2519
7.6978 2.0994
7.7002 2.8097
7.7027 4.3213
7.7054 3.776
7.7109 2.4031
7.7135 1.9952
7.7212 2.4129
7.7238 1.8498
7.7304 1.852
7.7341 2.8605
7.7384 2.2109
7.7402 2.457
7.7472 2.8709
7.7504 3.8674
7.7519 4.1972
7.753 3.06
7.7628 1.4544
7.7693 2.3305
7.7724 3.5033
7.7761 2.8698
7.7779 4.055
7.7881 2.2227
7.792 2.9139
7.7955 3.4591
7.7963 2.6831
7.8066 2.504
7.8072 1.8816
7.8114 2.0529
7.8154 3.1361
7.8165 3.3709
7.8223 2.2311
7.8263 3.14
7.8273 3.2328
7.8344 1.4733
7.8419 1.6453
7.8498 2.283
7.8515 2.8865
7.8578 2.4747
7.8589 3.2466
7.8641 2.8666
7.8695 2.7448
7.8733 3.2952
7.8756 2.9759
7.8809 2.4912
7.8856 3.371
7.8882 2.8103
7.8954 3.0238
7.8954 2.8816
7.9041 2.9718
7.907 3.0612
7.9107 2.7897
7.9114 2.3552
7.922 2.4273
7.9253 1.6247
7.9292 3.9248
7.9335 3.4719
7.9378 2.9435
7.9396 2.1784
7.9438 2.3705
7.9468 2.7119
7.9509 2.886
7.9561 4.5273
7.9595 3.4339
7.9636 2.4459
7.9711 1.9465
7.9755 2.4046
7.9789 2.106
7.9864 1.781
7.9913 2.5099
7.9933 2.1852
7.9987 3.0604
8.0004 2.007
8.0095 3.7483
8.0133 4.2018
8.0157 3.3433
8.0159 3.3031
8.0225 2.6712
8.0275 2.0243
8.0317 3.4861
8.0363 1.6313
8.0383 2.854
8.0418 1.9297
8.0521 1.6445
8.0539 2.9169
8.0571 3.7294
8.0635 1.9799
8.0687 2.044
8.0723 2.8507
8.0791 2.893
8.0825 3.8852
8.0857 3.3286
8.0865 2.3534
8.0918 2.2369
8.0951 2.3286
8.0998 2.4827
8.1017 2.737
8.1106 3.1496
8.1122 2.6998
8.1136 2.6611
8.1195 2.5516
8.1244 1.9271
8.1259 2.4577
8.1314 3.4701
8.1328 2.7157
8.1339 2.6952
8.1405 3.0565
8.1463 1.7531
8.154 2.0575
8.1572 2.0125
8.1615 2.7895
8.1632 3.92
8.1691 3.8854
8.1722 4.4146
8.1753 2.6952
8.1797 3.7764
8.1832 3.3434
8.1921 1.5972
8.1964 2.1189
8.1989 2.0736
8.2026 1.7029
8.2092 1.5726
8.2156 1.405
8.2243 1.79
8.2269 3.007
8.2317 3.4752
8.2334 2.5042
8.2394 2.8748
8.2424 3.2249
8.246 2.965
8.2491 1.8921
8.2547 2.5581
8.2588 3.1281
8.2631 4.1925
8.2668 2.4497
8.2682 2.438
8.2716 3.0679
8.2778 3.2171
8.2792 3.7493
8.2854 2.6885
8.2884 3.2005
8.2898 4.4165
8.291 4.5766
8.299 2.1032
8.305 1.7444
8.3054 2.1831
8.3123 1.5376
8.3168 2.6366
8.3204 3.7223
8.3253 3.5972
8.3281 4.8344
8.3299 4.4081
8.3338 3.6524
8.3391 2.1653
8.346 1.8261
8.3491 1.7548
8.3544 1.8496
8.3632 2.2756
8.3659 1.9723
8.3689 2.5618
8.3728 3.3531
8.3752 2.4243
8.38 2.5612
8.3827 2.4847
8.386 2.4706
8.3919 1.5868
8.3935 1.3902
8.3979 1.8388
8.4094 1.9269
8.4102 3.3059
8.4176 3.7922
8.4236 3.9728
8.4244 3.0716
8.4287 3.5532
8.4297 3.2603
8.4333 2.8418
8.4372 2.5596
8.442 1.9979
8.4444 2.8026
8.4473 3.1813
8.4525 2.7028
8.4569 1.8126
8.4625 1.986
8.4657 2.1077
8.4725 1.9724
8.4742 3.0576
8.482 3.2986
8.484 3.8283
8.4876 4.4782
8.4897 3.5055
8.4956 4.0945
8.4992 4.1028
8.5036 3.6936
8.5065 3.2218
8.5149 1.8936
8.5166 4.1531
8.5184 3.8445
8.5213 2.0446
8.5283 2.6791
8.5319 3.2874
8.5348 4.015
8.539 3.4009
8.5442 4.112
8.5484 3.2874
8.5515 2.3903
8.5588 1.987
8.5664 2.4091
8.5681 3.3171
8.5695 2.2143
8.5709 3.4278
8.5845 2.3641
8.5863 2.2372
8.5912 2.0214
8.5958 3.3434
8.5972 6.1905
8.5999 6.2338
8.6061 2.6567
8.6099 4.1349
8.6119 2.3484
8.6146 3.2523
8.6228 3.9638
8.6245 3.6655
8.6267 3.6909
8.634 1.6434
8.6408 2.1051
8.6435 3.0835
8.6443 2.4168
8.6483 2.0614
8.6549 1.6913
8.6603 1.6467
8.6644 1.5132
8.6676 1.7522
8.6735 1.8129
8.6757 1.6318
8.681 2.1564
8.687 2.5262
8.6905 2.7422
8.6934 2.5307
8.6949 2.4318
8.7029 2.3444
8.7065 3.4697
8.711 3.9154
8.7137 4.3133
8.7146 3.3812
8.7196 2.0675
8.7244 1.8764
8.7287 2.6738
8.7343 2.1102
8.7391 3.6962
8.7424 3.5295
8.7487 1.2579
8.7559 2.435
8.7579 2.874
8.764 3.1711
8.7656 2.9129
8.7689 3.8036
8.772 2.6283
8.7775 3.5716
8.7795 4.0563
8.7807 4.1011
8.7835 4.3702
8.7895 2.7319
8.7939 1.8467
8.7948 2.2707
8.8037 4.1543
8.8043 3.3162
8.8123 3.8257
8.8141 3.8664
8.8167 2.1751
8.8209 2.2871
8.8269 2.8916
8.8288 2.5827
8.835 3.1229
8.8372 4.4139
8.8385 3.8596
8.8436 2.3151
8.8466 1.8294
8.8526 1.9171
8.8567 2.139
8.8583 2.7852
8.8669 2.3979
8.8728 3.2467
8.8745 2.748
8.8765 3.7025
8.8831 3.2243
8.8842 2.3149
8.8885 2.8155
8.8921 2.577
8.8975 3.3515
8.8989 2.7859
8.9036 2.944
8.9074 1.8603
8.9115 3.236
8.9177 2.7699
8.9217 2.2506
8.9225 2.3231
8.9286 2.7615
8.9314 2.857
8.9352 3.099
8.9367 2.6694
8.938 2.6922
8.9425 2.3955
8.9532 1.9213
8.9579 2.681
8.96 3.4904
8.9657 2.4402
8.9678 2.7238
8.9717 2.3436
8.9734 5.7557
8.9754 4.2802
8.979 2.9469
8.9819 3.1549
8.9864 2.625
8.9908 1.8118
8.9958 2.1855
8.9971 2.0728
8.9994 2.3268
9.0064 2.3715
9.0131 2.2268
9.0152 3.3885
9.0212 3.0786
9.0244 2.856
9.0303 2.2888
9.0342 2.4599
9.0373 2.9456
9.0395 3.5497
9.0406 2.7591
9.0469 2.6345
9.0507 1.7703
9.0559 2.1727
9.059 2.7796
9.0611 2.3139
9.0631 1.7309
9.0713 1.6572
9.0738 1.9954
9.0752 2.0898
9.0839 2.2307
9.086 2.2787
9.0881 1.9186
9.0943 1.9346
9.0975 1.8457
9.1014 2.5503
9.1052 2.8147
9.1062 3.4946
9.1136 2.2005
9.1177 2.5087
9.1194 2.4191
9.1226 3.0437
9.1279 2.541
9.1337 2.559
9.1362 2.2629
9.143 3.1656
9.1459 2.263
9.1487 3.2313
9.1528 3.2708
9.1543 4.5063
9.1579 2.0656
9.1601 2.7316
9.1661 2.0264
9.167 2.457
9.1732 1.8671
9.178 1.6938
9.183 2.1634
9.1864 1.8861
9.19 4.2672
9.191 3.9545
9.1967 2.2804
9.1973 2.1624
9.2042 1.9741
9.2096 2.1879
9.2104 1.7311
9.2181 1.5126
9.22 2.4452
9.2233 2.0873
9.2247 2.4797
9.2336 3.0202
9.2361 2.9341
9.2414 3.6387
9.2443 4.3458
9.2461 3.5054
9.2499 1.7236
9.2572 2.4745
9.2603 2.1857
9.264 3.7879
9.2673 3.272
9.2679 2.3785
9.2735 1.7051
9.2776 1.8377
9.2814 1.278
9.289 3.3305
9.2931 3.5537
9.2958 2.7911
9.2978 2.73
9.3013 2.7504
9.3059 2.22
9.3072 2.5434
9.312 2.4959
9.3147 1.77
9.3167 2.9073
9.3215 3.351
9.3259 3.3845
9.3294 2.2659
9.3342 1.9907
9.3351 2.4733
9.348 2.3182
9.3502 1.9163
9.3516 2.9807
9.356 2.5232
9.3587 2.2531
9.3635 2.8197
9.3666 2.9192
9.3701 2.9349
9.3744 3.1632
9.379 2.2591
9.3812 4.6126
9.3847 3.7484
9.3887 3.0671
9.3903 2.3158
9.3984 3.8605
9.4016 4.4269
9.4058 5.5039
9.4071 3.58
9.4085 2.4289
9.4105 3.4764
9.417 1.6056
9.422 2.1195
9.4258 2.2659
9.4303 2.6991
9.437 1.6168
9.4392 2.9384
9.4417 4.4374
9.4436 1.8269
9.4493 2.6466
9.4498 3.1044
9.459 2.1084
9.4618 3.1655
9.4649 3.6815
9.4697 2.7579
9.4749 1.7916
9.4757 3.2742
9.479 2.5857
9.4844 2.2625
9.4877 3.48
9.4923 2.9414
9.4972 1.9524
9.4985 2.8107
9.5012 2.2768
9.5042 1.5916
9.5086 2.2751
9.5116 2.8925
9.5127 3.0627
9.5184 3.0096
9.5207 2.1726
9.5249 2.4046
9.5311 4.3405
9.5332 2.4493
9.5348 3.0604
9.541 2.3305
9.5433 3.2772
9.5463 3.4029
9.5538 2
9.5547 1.7511
9.5642 3.8833
9.5648 3.0204
9.5695 2.9382
9.5746 3.5329
9.5792 2.9535
9.581 5.8992
9.5843 5.0819
9.5882 2.6003
9.5943 3.3217
9.5962 4.047
9.5975 2.0229
9.6039 2.3308
9.6045 2.2876
9.6103 3.3884
9.6129 3.3966
9.6197 1.9354
9.6246 2.3971
9.6266 2.2991
9.6297 2.5586
9.6327 1.6172
9.636 2.2892
9.6396 2.0616
9.6429 1.9588
9.6482 2.2041
9.6524 2.3247
9.6571 2.0033
9.6604 1.2271
9.6651 2.0324
9.669 2.2995
9.671 2.465
9.6739 2.3271
9.6793 4.1259
9.6822 4.0068
9.6848 3.1469
9.6892 2.1665
9.694 3.0213
9.698 1.9924
9.7005 2.3046
9.7071 3.67
9.7105 3.3286
9.7111 2.4994
9.716 2.1437
9.7224 2.2188
9.7262 2.533
9.7286 2.2309
9.7323 2.6232
9.7362 2.4804
9.7404 2.5438
9.7429 3.1447
9.7455 2.8933
9.7486 3.4891
9.7495 2.3389
9.7561 2.1905
9.7639 1.7184
9.7655 2.4155
9.7713 2.667
9.7759 3.1118
9.7777 3.5595
9.7797 3.8904
9.7834 4.0351
9.7849 3.4162
9.7876 4.5214
9.7909 3.2032
9.797 2.6299
9.7995 1.9529
9.8007 2.2401
9.8099 2.2986
9.8136 2.6609
9.8152 4.8701
9.8216 2.9738
9.825 3.7396
9.8277 2.1587
9.8294 3.3543
9.8343 2.5413
9.8365 2.7565
9.8424 2.8351
9.8471 2.5723
9.8493 3.1919
9.8537 2.0979
9.857 3.1141
9.8579 3.4962
9.8631 3.1603
9.8662 2.8547
9.8722 2.194
9.8743 2.5509
9.8785 3.0796
9.8815 3.3045
9.8843 4.0095
9.8868 3.3258
9.8902 2.5272
9.8948 2.5274
9.904 2.1824
9.9066 2.8782
9.9092 1.7261
9.9119 2.9014
9.9141 3.7404
9.9191 3.1782
9.9231 3.2015
9.9257 2.0644
9.9291 3.051
9.9353 1.6333
9.9382 2.4207
9.9404 4.354
9.9461 3.4951
9.9467 3.6776
9.9495 2.5559
9.9555 3.6285
9.9574 3.1201
9.959 4.6019
9.9633 3.5442
9.9673 3.8135
9.9688 4.2403
9.9719 4.2639
9.9739 4.8606
9.9823 2.5642
9.9844 2.4354
9.9869 2.2319
9.9894 2.5943
9.9989 2.888
10.005 1.8396
10.007 2.7613
10.009 2.8059
10.011 3.054
10.015 3.8645
10.02 2.7201
10.025 3.1853
10.027 2.5008
10.033 1.9494
10.036 2.3181
10.04 1.7447
10.043 1.9264
10.046 2.6024
10.051 2.054
10.057 2.2709
10.06 3.5496
10.064 2.7055
10.065 3.3362
10.07 4.6066
10.072 3.4131
10.077 3.4419
10.081 3.6434
10.083 3.4923
10.087 3.0884
10.091 2.519
10.097 2.3197
10.102 3.9268
10.103 3.419
10.106 3.2325
10.111 3.4473
10.116 3.925
10.118 2.8829
10.121 1.6127
10.126 4.1353
10.128 4.0735
10.13 2.7555
10.132 3.6205
10.137 1.8555
10.142 2.9986
10.146 3.7031
10.149 5.402
10.151 5.8421
10.154 3.9925
10.157 1.9513
10.161 2.8347
10.167 3.5471
10.17 3.7115
10.173 3.1469
10.178 2.5664
10.179 4.1561
10.181 4.2512
10.187 3.1236
10.191 2.6318
10.196 1.7976
10.198 2.1211
10.202 2.4138
10.206 1.669
10.211 3.8525
10.213 3.5081
10.215 3.3613
10.22 2.9588
10.227 2.2958
10.231 2.3365
10.234 3.6572
10.236 3.516
10.241 2.4568
10.244 3.0499
10.247 3.5165
10.251 2.6449
10.255 2.5673
10.257 3.229
10.26 3.0586
10.265 2.733
10.27 2.615
10.271 3.1319
10.274 3.5571
10.279 3.433
10.281 3.0118
10.284 2.3044
10.288 2.1726
10.294 1.9612
10.299 1.8867
10.302 1.7466
10.306 2.5631
10.31 3.2412
10.312 3.1723
10.315 3.1089
10.32 3.6819
10.322 3.1908
10.325 1.8936
10.328 2.2392
10.33 3.0101
10.336 2.5611
10.339 2.5374
10.343 2.2275
10.348 2.7411
10.351 3.0759
10.353 2.5749
10.355 3.6838
10.357 3.4713
10.363 1.7582
10.368 1.8355
10.374 2.8043
10.377 2.3779
10.382 1.9169
10.383 2.5433
10.388 2.0674
10.392 3.0837
10.394 2.7476
10.398 2.6486
10.4 3.1439
10.405 2.3165
10.406 2.3862
10.409 1.953
10.418 3.3074
10.42 3.5941
10.421 5.7912
10.424 5.1538
10.427 3.4311
10.433 2.3489
10.436 2.8641
10.439 3.0289
10.441 2.0121
10.446 2.5978
10.449 2.8014
10.454 2.3756
10.456 4.0525
10.46 5.1906
10.463 3.0829
10.469 2.6016
10.471 2.6218
10.473 3.5656
10.475 3.365
10.479 2.3381
10.482 2.8503
10.488 2.8616
10.492 2.8797
10.493 2.2112
10.5 2.7618
10.504 2.7572
10.506 2.7628
10.508 2.7392
10.511 2.3739
10.516 3.9186
10.521 3.89
10.522 2.9416
10.525 4.4904
10.526 2.7441
10.533 2.358
10.535 2.3065
10.544 1.4306
10.546 2.3903
10.551 2.0931
10.555 2.5794
10.557 3.0409
10.561 2.4059
10.564 4.0049
10.566 2.1189
10.569 2.7391
10.57 2.3343
10.578 2.0595
10.582 2.8746
10.585 2.8302
10.587 3.479
10.59 3.7038
10.591 3.7147
10.598 1.9471
10.6 1.7182
10.604 2.3909
10.607 2.1205
10.614 2.0612
10.617 2.7292
10.622 3.2687
10.623 2.8441
10.626 2.9279
10.627 3.5932
10.63 3.9229
10.632 3.9626
10.638 3.4069
10.64 2.2337
10.642 1.5424
10.647 2.5295
10.648 2.7915
10.653 1.8979
10.659 3.5063
10.661 3.4253
10.668 3.5048
10.67 2.6791
10.671 3.9737
10.674 2.4098
10.676 2.7088
10.678 3.5888
10.683 2.6824
10.686 3.0506
10.694 1.9868
10.7 2.7992
10.703 1.9167
10.705 2.4577
10.71 3.4898
10.712 2.1295
10.719 4.5744
10.72 3.8573
10.724 2.9522
10.728 2.7985
10.729 3.8702
10.732 2.3358
10.738 3.2929
10.74 3.1819
10.746 3.3954
10.748 2.7356
10.751 3.5982
10.755 3.5541
10.759 3.6853
10.761 3.2861
10.763 3.2911
10.768 3.2548
10.771 4.3096
10.773 3.3878
10.776 1.6594
10.78 2.2257
10.784 4.0506
10.787 2.7882
10.791 4.2912
10.794 4.7498
10.795 3.1555
10.801 2.185
10.803 2.7118
10.809 2.1022
10.814 2.2953
10.815 2.5767
10.819 3.3817
10.822 3.5784
10.823 2.6683
10.828 2.7947
10.831 1.9908
10.836 2.2365
10.841 2.0192
10.842 3.3045
10.846 2.8388
10.852 1.9195
10.857 2.7439
10.858 2.6817
10.862 1.9928
10.867 2.3916
10.87 3.3407
10.873 3.5041
10.874 4.0081
10.88 2.4316
10.883 2.4605
10.884 1.7566
10.889 2.4279
10.893 2.1111
10.894 3.2789
10.898 4.3345
10.9 3.1878
10.902 3.1398
10.905 3.2567
10.911 2.359
10.914 2.693
10.919 2.0348
10.921 2.0415
10.924 2.0938
10.927 2.4794
10.933 2.0802
10.935 3.3325
10.939 3.0764
10.942 4.5099
10.943 3.7355
10.948 4.157
10.955 3.9495
10.956 4.6414
10.957 4.6998
10.961 3.5078
10.962 5.7978
10.966 3.747
10.972 2.7669
10.976 2.9617
10.979 3.383
10.983 2.8076
10.986 3.1892
10.992 2.2505
10.994 2.4901
10.999 3.3654
11 3.1299
11.004 3.1781
11.008 2.2815
11.012 2.8417
11.017 2.0334
11.018 3.5749
11.022 3.0857
11.026 2.5472
11.03 2.0379
11.032 2.4052
11.037 2.8373
11.04 3.4293
11.045 2.6288
11.049 2.8954
11.051 2.332
11.054 2.3099
11.059 3.71
11.063 2.6327
11.067 3.3369
11.069 4.6317
11.07 2.9572
11.073 2.4163
11.076 2.4122
11.082 2.4852
11.088 2.2505
11.089 2.3912
11.095 2.1996
11.097 4.558
11.098 4.4991
11.101 3.7521
11.102 2.3276
11.105 2.8482
11.108 2.2106
11.114 3.7715
11.116 3.865
11.12 1.8441
11.122 1.9755
11.126 2.2398
11.13 2.4869
11.133 1.6233
11.136 1.8176
11.143 1.477
11.149 2.4063
11.153 1.0264
11.155 3.6966
11.158 3.138
11.162 2.4954
11.166 2.3603
11.169 3.4691
11.173 1.8845
11.176 3.5447
11.178 2.4429
11.184 3.6424
11.186 4.6942
11.188 4.4985
11.193 2.8347
11.194 1.9877
11.197 2.1101
11.204 2.9711
11.207 3.9112
11.209 3.3056
11.21 4.4891
11.214 4.221
11.22 3.5377
11.222 3.1539
11.223 3.4779
11.228 2.8557
11.229 3.0939
11.237 2.5746
11.239 2.9214
11.241 2.9676
11.243 2.8681
11.249 3.4351
11.251 3.7883
11.255 3.1891
11.257 1.7875
11.259 1.5627
11.262 2.3229
11.266 2.7091
11.273 1.9982
11.274 1.4755
11.284 1.5977
11.286 3.0513
11.292 3.8428
11.292 4.2899
11.295 4.0407
11.297 2.3209
11.303 2.1292
11.305 1.7654
11.31 3.0623
11.313 2.0227
11.318 2.9152
11.32 4.4609
11.321 4.4761
11.325 3.0437
11.326 4.8412
11.333 2.4264
11.336 1.9358
11.339 2.3188
11.344 3.0892
11.346 3.0702
11.351 2.9604
11.355 2.1702
11.36 2.0167
11.362 2.9118
11.363 2.9947
11.365 3.6781
11.368 3.6334
11.371 4.8228
11.374 5.5938
11.377 3.5123
11.38 2.4987
11.384 2.6565
11.386 3.416
11.39 2.6119
11.394 3.5863
11.397 3.1524
11.398 4.1743
11.402 3.0814
11.405 2.5134
11.41 3.3135
11.412 2.9254
11.419 1.4404
11.422 2.4883
11.425 1.9959
11.428 2.6491
11.429 1.7171
11.432 3.2684
11.435 2.3156
11.44 3.2356
11.442 3.8559
11.445 2.4381
11.449 2.808
11.45 3.0122
11.456 2.4637
11.459 3.1771
11.463 3.7627
11.467 3.8356
11.469 3.5543
11.474 3.4836
11.481 3.0444
11.482 1.9494
11.484 2.3622
11.488 1.8724
11.493 2.4482
11.496 1.7534
11.501 2.4154
11.504 2.1576
11.507 3.3183
11.509 2.7354
11.512 2.5187
11.514 2.8623
11.52 3.9114
11.521 4.15
11.524 4.7974
11.525 2.8183
11.529 2.8563
11.536 3.0876
11.538 2.7244
11.541 2.8286
11.547 3.3637
11.549 3.6272
11.553 3.6861
11.553 2.3503
11.556 2.7974
11.561 2.452
11.564 2.3918
11.566 2.1137
11.571 2.6644
11.574 2.6622
11.578 2.3993
11.582 2.9504
11.585 3.6678
11.585 3.9515
11.59 2.9141
11.594 4.1582
11.596 4.5533
11.599 2.536
11.604 3.0834
11.608 2.2169
11.614 2.7686
11.618 3.354
11.623 2.3344
11.624 3.817
11.631 4.0067
11.633 5.088
11.634 3.0992
11.637 2.5521
11.642 3.0086
11.644 2.9534
11.648 2.2877
11.652 2.8321
11.656 2.0438
11.657 2.3411
11.661 2.8088
11.666 2.3167
11.666 2.9459
11.669 3.0741
11.672 3.1702
11.676 3.2611
11.678 3.3932
11.68 2.3803
11.686 2.3881
11.688 2.4414
11.692 4.0237
11.693 3.9451
11.699 1.865
11.699 2.2209
11.708 1.9417
11.709 2.0155
11.713 2.0447
11.716 2.4383
11.717 2.8664
11.722 2.0194
11.724 2.4954
11.73 2.637
11.731 2.4057
11.737 2.5547
11.741 3.0989
11.743 3.0183
11.744 3.414
11.75 3.1217
11.753 6.4388
11.755 5.2705
11.759 2.9224
11.762 2.403
11.767 2.7404
11.769 4.3788
11.771 4.3579
11.775 2.4483
11.777 2.0791
11.782 2.4338
11.789 2.5779
11.791 2.7799
11.793 3.5501
11.795 3.6938
11.797 4.0729
11.802 4.0271
11.804 2.1713
11.81 2.3336
11.813 3.0683
11.816 3.2727
11.818 2.9567
11.824 3.0791
11.826 2.0694
11.83 2.4501
11.836 2.4875
11.838 3.8114
11.839 4.3554
11.842 3.9652
11.843 3.1496
11.845 2.2911
11.847 1.7943
11.853 1.5984
11.86 1.9476
11.867 2.7911
11.869 3.8228
11.871 2.0865
11.875 1.6897
11.879 2.5086
11.882 3.2483
11.884 1.9631
11.888 2.1906
11.888 2.1455
11.895 1.9453
11.898 2.8909
11.902 2.5711
11.905 3.4611
11.908 4.7864
11.909 4.3685
11.913 2.8823
11.918 3.3924
11.921 3.9417
11.927 4.1237
11.928 3.2951
11.932 3.735
11.933 2.9465
11.939 3.1473
11.942 3.2979
11.943 2.4186
11.944 2.3475
11.951 2.3261
11.953 2.6505
11.956 2.3298
11.959 2.2373
11.961 2.5015
11.968 1.8732
11.973 1.7938
11.974 1.3852
11.978 2.6648
11.981 2.9262
11.984 3.0935
11.986 3.239
11.99 2.4851
11.993 3.4267
11.996 2.9429
11.999 2.7134
12.003 2.4326
12.007 2.9887
12.008 2.5561
12.011 2.2671
12.013 2.4247
12.018 1.7071
12.023 1.8253
12.025 3.2962
12.029 3.1691
12.035 2.4733
12.04 2.1678
12.042 2.5976
12.044 3.4605
12.046 2.7786
12.047 3.2414
12.052 3.1782
12.054 1.959
12.057 2.1083
12.061 3.0622
12.064 2.5729
12.066 3.4845
12.069 4.1046
12.075 2.643
12.079 2.5103
12.082 1.9941
12.086 2.2926
12.09 2.5302
12.093 2.4666
12.096 2.7302
12.097 2.6355
12.099 2.9062
12.104 2.8525
12.106 2.5382
12.111 2.8435
12.112 3.6481
12.116 3.1039
12.118 2.3243
12.119 2.9382
12.125 2.7817
12.128 2.4849
12.132 1.6087
12.136 1.5463
12.142 2.4186
12.146 2.6001
12.149 2.4703
12.153 2.1863
12.155 2.5174
12.162 3.3532
12.162 3.4791
12.166 2.4917
12.167 3.9171
12.168 2.5952
12.173 4.1056
12.175 4.9346
12.178 4.1045
12.185 3.4297
12.185 3.0782
12.187 3.0652
12.192 2.549
12.193 2.4219
12.197 2.156
12.203 3.0684
12.205 1.7869
12.206 2.9493
12.214 1.9272
12.218 1.4001
12.22 2.4212
12.223 3.4709
12.225 3.4818
12.229 2.2006
12.232 2.818
12.234 3.7911
12.236 4.0616
12.243 4.1103
12.246 3.327
12.248 1.8758
12.251 1.7464
12.253 2.3081
12.259 1.8178
12.263 2.1205
12.264 2.5365
12.27 1.9527
12.271 1.3519
12.274 1.9057
12.281 1.8647
12.283 2.2166
12.288 2.3516
12.293 2.8844
12.296 3.5537
12.297 3.4207
12.3 2.5016
12.302 3.1973
12.305 3.2901
12.31 3.2017
12.312 3.0993
12.317 3.5129
12.318 3.5834
12.323 3.8491
12.325 2.1417
12.329 2.3628
12.332 2.2102
12.335 1.8369
12.338 2.1353
12.344 1.9382
12.345 1.9779
12.35 2.1772
12.356 2.4619
12.357 2.2226
12.36 2.4303
12.365 3.9316
12.367 4.6151
12.369 2.3164
12.373 3.5832
12.374 2.3818
12.38 3.4229
12.383 1.8635
12.386 3.12
12.387 2.9534
12.394 2.9454
12.398 1.8533
12.401 2.5813
12.402 2.3766
12.407 2.1563
12.409 2.5885
12.413 4.2947
12.417 3.185
12.421 3.6804
12.422 2.9801
12.426 2.6508
12.43 2.4205
12.433 2.5795
12.438 1.6955
12.442 1.8856
12.446 2.6704
12.447 3.2651
12.452 2.9962
12.454 2.9727
12.456 2.2609
12.462 2.9849
12.463 2.2876
12.469 1.9589
12.47 1.6381
12.476 2.7237
12.478 2.2212
12.48 3.3576
12.484 3.448
12.487 3.2663
12.49 2.2414
12.493 1.9604
12.495 2.4732
12.499 2.2984
12.503 2.3431
12.505 2.083
12.511 1.9736
12.513 2.9435
12.518 3.502
12.522 3.7187
12.525 3.2117
12.526 2.8571
12.533 2.9557
12.535 2.9902
12.537 2.7189
12.539 3.2979
12.541 3.2111
12.545 2.0127
12.55 2.8777
12.553 2.1232
12.559 3.1124
12.562 2.4685
12.565 2.4946
12.569 2.127
12.572 2.7833
12.574 3.2164
12.576 2.6999
12.579 3.5182
12.58 3.1323
12.584 2.4083
12.588 2.118
12.593 2.5576
12.595 2.9578
12.597 2.9083
12.599 3.7305
12.602 3.7065
12.608 3.9229
12.61 3.7646
12.614 3.4993
12.617 2.7383
12.618 2.8104
12.623 4.4572
12.625 3.462
12.627 3.1588
12.629 2.0328
12.637 3.2059
12.638 3.6152
12.642 3.4063
12.646 2.6684
12.648 3.4234
12.654 2.4743
12.656 2.6222
12.657 3.0024
12.664 2.6468
12.666 3.9513
12.669 2.5371
12.672 1.7558
12.674 2.242
12.679 2.8686
12.683 3.8681
12.686 4.8576
12.688 4.2501
12.691 3.7211
12.693 3.3246
12.697 3.6502
12.698 3.494
12.702 3.3468
12.708 1.9299
12.71 2.4832
12.713 3.0886
12.718 2.4382
12.724 2.1796
12.728 1.8599
12.73 2.43
12.733 3.3766
12.735 4.4583
12.736 3.284
12.744 1.6272
12.746 2.7176
12.747 2.5927
12.752 2.0255
12.755 2.5412
12.758 3.1707
12.76 2.8049
12.761 2.9297
12.765 2.7002
12.77 1.9065
12.775 3.3584
12.777 3.1551
12.78 2.5841
12.783 2.936
12.785 3.9411
12.787 3.492
12.792 3.7006
12.793 2.1636
12.798 1.5425
12.802 3.1559
12.805 4.9254
12.806 2.757
12.81 3.4143
12.811 3.209
12.816 1.9241
12.821 2.7022
12.824 1.7268
12.826 2.5341
12.83 1.9417
12.836 2.1059
12.839 1.898
12.841 3.8653
12.844 2.1725
12.847 3.6661
12.851 3.3079
12.853 4.3041
12.856 2.4086
12.859 2.0974
12.862 2.4464
12.866 2.6027
12.871 1.9552
12.873 2.6526
12.877 2.0122
12.88 2.0333
12.883 2.6511
12.886 2.74
12.893 2.2227
12.896 2.6336
12.898 2.1427
12.901 4.1779
12.903 3.9051
12.906 3.0315
12.911 2.5435
12.916 3.6677
12.918 1.9091
12.919 2.6144
12.922 3.7475
12.925 3.1874
12.93 2.145
12.937 2.6743
12.939 3.2816
12.94 3.5263
12.944 3.7942
12.946 2.1575
12.952 2.5029
12.953 3.4245
12.955 2.8946
12.958 3.8171
12.962 3.7784
12.968 3.383
12.97 2.8194
12.971 2.1516
12.977 2.8666
12.98 2.1446
12.982 3.1198
12.983 3.3499
12.987 3.1539
12.991 2.4754
12.995 1.8582
13 2.454
13.002 2.861
13.004 2.1483
13.007 2.8572
13.013 2.5651
13.014 2.8064
13.015 2.76
13.019 3.4107
13.023 3.6358
13.025 3.0501
13.027 3.6522
13.034 2.889
13.038 2.0641
13.041 2.7347
13.043 2.9488
13.047 2.9519
13.052 3.4158
13.057 2.8115
13.059 1.7915
13.063 2.4654
13.065 2.427
13.068 2.8038
13.072 3.0025
13.076 2.5959
13.081 2.7171
13.083 2.8593
13.084 2.8488
13.084 2.3475
13.091 4.5117
13.092 3.6667
13.094 3.1221
13.098 2.5661
13.099 3.4216
13.104 1.8903
13.11 1.7515
13.117 2.6438
13.12 2.1387
13.122 2.0703
13.125 3.1061
13.127 1.6534
13.133 2.5849
13.138 2.2901
13.139 1.5762
13.143 2.3361
13.144 2.3718
13.149 2.1939
13.151 3.0417
13.153 2.6657
13.156 2.782
13.158 2.9559
13.161 1.9265
13.164 3.0776
13.167 2.3948
13.169 2.4299
13.174 2.1888
13.178 2.5692
13.184 2.8961
13.186 2.8074
13.19 3.2923
13.192 3.5905
13.194 2.3643
13.197 2.6953
13.202 2.6166
13.204 2.1757
13.209 2.4337
13.21 2.0725
13.215 2.4605
13.218 2.3511
13.222 1.9306
13.227 2.6991
13.231 2.0533
13.231 2.8973
13.233 4.0004
13.238 3.3039
13.239 2.5623
13.242 2.5012
13.245 2.2514
13.254 2.4182
13.255 3.6108
13.258 4.2781
13.26 5.3873
13.263 5.7542
13.266 3.2566
13.268 2.6844
13.272 1.7014
13.277 3.0912
13.279 3.652
13.281 2.888
13.285 2.6476
13.287 2.1105
13.29 2.3507
13.292 2.1392
13.297 2.6122
13.301 1.865
13.304 1.5166
13.305 1.4085
13.312 3.6659
13.314 3.0552
13.314 3.7633
13.322 2.6995
13.326 3.824
13.328 3.3413
13.329 3.3035
13.334 4.9049
13.338 3.424
13.34 2.3827
13.342 4.1944
13.345 2.8871
13.349 3.0762
13.352 2.9791
13.359 1.7545
13.359 2.0297
13.364 2.2254
13.365 2.0311
13.369 1.9563
13.376 1.8063
13.378 1.9756
13.384 2.4985
13.387 3.0777
13.388 4.7791
13.393 2.4334
13.394 1.8753
13.397 3.1702
13.401 1.7779
13.402 2.0702
13.407 4.1588
13.409 4.7213
13.412 2.1437
13.417 2.02
13.419 2.9441
13.421 2.6151
13.423 3.6716
13.427 2.4924
13.433 3.6486
13.435 4.1355
13.437 4.4942
13.439 3.9784
13.44 4.6673
13.447 3.4942
13.448 2.3539
13.452 2.0796
13.454 3.1646
13.457 2.5494
13.465 1.7114
13.466 2.1652
13.469 1.9283
13.472 2.4362
13.475 2.5193
13.477 3.352
13.482 2.9594
13.485 3.1211
13.491 4.5796
13.494 4.0335
13.494 3.6051
13.495 2.836
13.498 3.154
13.504 1.4955
13.508 2.2279
13.511 1.9971
13.513 1.8291
13.515 2.4458
13.52 3.0881
13.522 2.1312
13.524 2.2859
13.528 2.2326
13.536 1.7638
13.537 1.6818
13.544 2.2424
13.545 1.6695
13.551 2.9681
13.554 2.9375
13.558 3.6476
13.561 2.4724
13.562 3.1804
13.565 3.1269
13.568 3.9068
13.57 3.4727
13.574 4.3131
13.576 9.1218
13.576 8.8043
13.583 1.5259
13.585 4.2723
13.589 2.7016
13.592 2.8983
13.593 2.735
13.596 2.0532
13.602 2.2922
13.605 2.709
13.609 2.182
13.612 2.1855
13.613 3.0163
13.617 2.7962
13.62 2.0138
13.625 1.8025
13.629 2.401
13.63 2.6673
13.634 1.8305
13.638 1.9455
13.64 2.4898
13.643 3.4013
13.647 2.806
13.65 2.4543
13.655 3.4804
13.659 3.2977
13.66 3.1126
13.661 2.7518
13.666 1.8807
13.668 1.8594
13.674 3.2776
13.675 2.8663
13.676 1.5066
13.681 1.6465
13.686 2.5869
13.689 2.6665
13.691 2.0274
13.696 2.8537
13.697 2.5287
13.702 4.3332
13.703 3.2627
13.706 3.6556
13.71 3.0584
13.713 2.9969
13.715 3.6501
13.718 2.8186
13.725 2.249
13.727 2.325
13.729 2.5929
13.737 2.4817
13.742 2.1574
13.745 2.2934
13.746 2.7763
13.751 2.0233
13.753 2.1501
13.756 2.6943
13.761 2.4498
13.764 3.0118
13.764 2.7317
13.768 2.556
13.771 2.4495
13.773 1.9286
13.779 3.0448
13.781 2.6647
13.783 2.6442
13.787 2.6179
13.789 3.039
13.795 2.7058
13.798 4.2126
13.8 4.4539
13.803 2.8517
13.807 2.7126
13.809 3.5963
13.811 4.9286
13.815 3.1306
13.819 2.5314
13.822 3.499
13.825 2.9917
13.826 3.3858
13.833 3.7325
13.835 2.5159
13.837 3.7789
13.84 4.4537
13.842 2.5965
13.846 3.1798
13.85 3.2448
13.852 2.0103
13.857 2.3454
13.859 3.7535
13.862 3.0609
13.866 1.8572
13.871 2.9594
13.876 2.1795
13.877 3.5073
13.881 3.5397
13.885 3.2075
13.888 2.8616
13.89 2.1143
13.893 2.5622
13.896 4.2268
13.898 4.0113
13.905 3.0294
13.906 2.5979
13.908 2.5299
13.913 1.9806
13.914 1.8815
13.919 2.1875
13.921 3.0984
13.927 2.0373
13.928 2.9423
13.93 3.1232
13.932 3.7981
13.936 5.5323
13.938 3.0605
13.941 2.787
13.943 3.4538
13.948 3.6919
13.95 3.1885
13.954 2.3871
13.958 2.3819
13.961 2.5414
13.965 3.1054
13.969 2.5521
13.971 2.3923
13.974 4.1597
13.976 3.5783
13.976 3.137
13.977 2.6036
13.988 1.567
13.989 2.5056
13.994 2.341
13.996 2.2534
13.998 1.5429
14.003 3.6448
14.006 2.8743
14.01 1.8375
14.013 1.8962
14.017 2.7366
14.023 2.7769
14.024 5.4383
14.025 3.9733
14.031 3.4987
14.032 3.3114
14.036 1.5193
14.039 2.2218
14.041 1.7319
14.045 1.9694
14.051 1.6816
14.053 2.2565
14.057 2.1226
14.06 1.499
14.061 2.7664
14.066 1.4005
14.071 3.4654
14.073 3.24
14.075 2.0344
14.081 2.136
14.083 2.8919
14.087 2.3828
14.091 3.7074
14.093 2.7375
14.098 2.7011
14.1 2.1683
14.104 1.3905
14.108 2.7798
14.113 3.2273
14.114 2.0362
14.116 3.3125
14.121 2.9041
14.123 2.5726
14.125 3.8604
14.129 4.0465
14.132 2.9716
14.136 2.8686
14.138 1.8325
14.143 2.5789
14.145 2.7668
14.148 3.2936
14.151 2.371
14.155 2.1201
14.163 2.8629
14.164 3.5247
14.166 2.9902
14.171 3.5308
14.173 4.5438
14.175 2.58
14.176 3.7072
14.18 2.7145
14.183 2.9132
14.186 3.0701
14.189 2.4953
14.194 2.8961
14.196 2.4264
14.199 2.118
14.202 2.7238
14.206 3.3845
14.209 2.546
14.211 2.2428
14.215 2.159
14.218 3.5489
14.219 2.759
14.226 1.8592
14.228 2.8218
14.233 3.7667
14.234 3.1393
14.239 3.4379
14.24 3.5153
14.243 2.7203
14.245 3.3594
14.248 2.1489
14.252 4.3844
14.253 3.9795
14.259 3.9891
14.261 3.6491
14.264 2.2305
14.269 2.6632
14.271 2.9191
14.274 3.7709
14.275 3.3462
14.278 2.5398
14.281 1.9657
14.286 2.1725
14.29 3.3486
14.294 4.0443
14.297 3.6959
14.3 2.4754
14.302 2.6054
14.303 4.0715
14.31 4.8055
14.312 2.0419
14.313 3.505
14.317 1.794
14.321 2.0429
14.324 2.9133
14.328 2.6556
14.332 2.85
14.333 2.3896
14.342 1.7895
14.342 1.4963
14.35 1.9102
14.352 3.1267
14.355 1.5281
14.357 3.1921
14.36 3.2638
14.363 5.4005
14.364 3.8435
14.369 3.2353
14.372 2.4313
14.376 2.8734
14.379 2.5822
14.38 2.1875
14.384 1.6945
14.389 2.3317
14.391 2.8942
14.396 2.7861
14.4 2.2078
14.404 2.8933
14.411 2.5709
14.412 1.7891
14.415 2.7678
14.418 2.1831
14.421 3.9788
14.421 3.5738
14.424 2.889
14.428 3.8313
14.43 3.6589
14.431 2.0963
14.434 2.8937
14.438 2.4512
14.441 3.2765
14.443 2.6744
14.452 2.8864
14.453 2.1231
14.454 1.9836
14.46 1.294
14.468 2.0198
14.473 2.5043
14.476 2.4265
14.478 2.5254
14.482 2.4533
14.484 1.9539
14.489 1.7925
14.492 3.0176
14.494 3.1428
14.496 2.7902
14.499 2.4746
14.5 2.3744
14.504 3.4058
14.506 4.0216
14.507 2.7244
14.509 2.0085
14.517 2.9418
14.52 2.9001
14.521 4.2977
14.526 3.6192
14.527 3.9655
14.532 3.486
14.533 2.0583
14.536 2.1679
14.536 2.7112
14.541 3.1129
14.545 2.6575
14.55 2.1452
14.554 3.117
14.558 2.5358
14.559 3.3945
14.56 1.9233
14.564 2.6489
14.566 3.0718
14.572 2.2619
14.576 1.7137
14.577 2.6363
14.583 2.016
14.585 2.3203
14.589 3.0686
14.592 2.661
14.593 2.8372
14.599 2.1006
14.601 2.503
14.609 1.7454
14.614 2.4746
14.616 3.6506
14.617 3.6046
14.619 2.2431
14.622 3.4334
14.624 2.7863
14.629 3.0354
14.631 2.8123
14.636 3.714
14.639 4.686
14.641 4.1106
14.645 3.2941
14.647 2.4966
14.652 2.1259
14.653 3.1776
14.657 3.2049
14.659 1.7797
14.662 2.3771
14.67 1.9446
14.672 3.1305
14.677 3.4636
14.678 3.0832
14.681 3.3178
14.685 3.3629
14.69 1.9942
14.694 1.8908
14.696 2.7578
14.698 2.6018
14.703 2.0305
14.704 1.7538
14.713 2.2479
14.717 2.3624
14.718 2.4854
14.721 2.531
14.724 3.4737
14.727 5.2869
14.729 4.014
14.734 1.9928
14.737 2.2346
14.741 3.6017
14.744 3.4715
14.747 3.8043
14.749 4.1367
14.752 4.552
14.757 4.0151
14.759 2.8418
14.761 2.7485
14.768 3.6581
14.769 3.9203
14.773 2.9655
14.777 3.7787
14.779 3.0247
14.784 2.7316
14.786 3.2315
14.79 2.3183
14.791 2.5063
14.796 2.0764
14.801 2.5913
14.804 2.1084
14.809 2.8998
14.81 2.904
14.813 2.403
14.817 2.709
14.822 2.8303
14.823 3.9752
14.826 4.0886
14.829 4.201
14.832 3.0303
14.837 3.0475
14.839 5.096
14.841 3.9946
14.843 2.3296
14.845 2.7701
14.85 2.0395
14.854 1.6441
14.855 2.1912
14.858 2.2642
14.863 1.8838
14.866 2.0659
14.872 2.5085
14.877 3.1391
14.879 2.7133
14.88 4.6652
14.885 2.0634
14.886 2.7959
14.888 2.9376
14.892 3.1121
14.895 3.6183
14.896 3.4591
14.899 2.5239
14.904 2.7749
14.909 1.7289
14.913 1.7844
14.914 2.2493
14.92 2.2937
14.922 1.8523
14.925 2.7247
14.931 2.8895
14.931 3.2094
14.936 2.2995
14.938 3.4476
14.94 3.2742
14.942 2.5695
14.945 3.0941
14.951 2.0433
14.956 3.1167
14.957 2.0368
14.962 3.2073
14.964 2.4153
14.969 1.9437
14.97 2.3024
14.974 2.0555
14.978 1.9735
14.983 2.682
14.988 3.8467
14.989 4.5093
14.991 2.2065
14.994 3.0551
14.999 2.2746
15.002 2.9523
15.003 1.7883
15.004 2.4454
15.009 2.3007
15.014 2.1273
15.016 2.5216
15.022 1.8667
15.024 2.4356
15.029 2.9102
15.03 2.4214
15.033 2.3077
15.038 1.8056
15.041 1.6564
15.042 2.3972
15.044 2.3762
15.05 2.8564
15.055 3.2351
15.059 1.6775
15.06 2.0688
15.061 1.8952
15.064 2.7572
15.071 2.9646
15.073 3.1645
15.077 4.0776
15.078 3.8179
15.08 2.5195
15.086 1.9594
15.086 2.1226
15.091 1.3099
15.094 2.8184
15.096 2.2051
15.101 2.5126
15.107 1.7251
15.112 1.9925
15.114 2.4072
15.118 2.4347
15.122 2.9538
15.123 2.7463
15.127 2.979
15.132 3.4808
15.135 3.2561
15.14 3.0325
15.142 2.8667
15.147 4.0799
15.15 4.1591
15.15 3.3379
15.156 2.8229
15.159 3.5625
15.162 3.3425
15.163 3.0078
15.168 2.4957
15.171 2.5468
15.172 2.307
15.177 2.5576
15.18 1.8987
15.183 2.0392
15.186 2.4764
15.189 3.6021
15.191 2.2173
15.195 2.0517
15.199 3.3778
15.202 3.5697
15.206 1.6692
15.208 2.2417
15.214 1.6211
15.214 2.0136
15.223 2.5925
15.225 2.738
15.228 2.6056
15.232 2.374
15.233 4.2776
15.236 4.0999
15.241 3.2587
15.243 3.1073
15.247 2.758
15.252 2.7241
15.254 2.7102
15.257 3.0137
15.263 3.0424
15.266 3.447
15.268 3.0441
15.27 2.5231
15.275 2.4265
15.278 1.6976
15.285 2.4601
15.288 2.8089
15.29 3.841
15.292 3.6122
15.294 3.4832
15.298 2.5052
15.306 4.7664
15.307 4.9002
15.308 2.2878
15.309 3.8289
15.314 3.6153
15.316 2.5052
15.32 3.3494
15.321 3.8015
15.324 3.0649
15.33 2.6386
15.332 2.3921
15.335 4.1545
15.337 3.9047
15.341 3.0455
15.343 2.8768
15.349 3.6722
15.352 4.2748
15.354 3.7336
15.359 2.8561
15.362 2.1086
15.365 1.9328
15.371 2.028
15.375 2.0714
15.377 2.6225
15.381 2.4671
15.382 2.4706
15.384 1.8055
15.39 2.7388
15.394 3.0924
15.397 3.0687
15.399 2.9341
15.402 4.7862
15.406 3.7317
15.409 1.8452
15.412 2.7715
15.415 2.6043
15.42 3.6229
15.425 2.3216
15.426 3.2042
15.428 3.7757
15.432 3.4215
15.433 2.6086
15.438 2.9906
15.44 2.846
15.444 2.5769
15.448 3.1334
15.451 4.6567
15.453 4.6939
15.456 4.7325
15.458 3.9646
15.459 1.9961
15.465 2.736
15.471 2.6181
15.474 1.0604
15.475 2.1463
15.481 2.7945
15.482 2.9042
15.488 3.1347
15.491 2.7845
15.492 2.0391
15.496 2.7545
15.497 2.0093
15.501 2.9011
15.503 2.5682
15.506 2.503
15.511 3.283
15.514 4.299
15.517 2.8617
15.522 1.8436
15.525 2.5011
15.529 4.0343
15.531 4.9863
15.532 4.4925
15.535 3.9386
15.539 2.8852
15.543 2.9172
15.548 3.8171
15.551 2.4164
15.555 3.3719
15.557 2.1556
15.56 2.1492
15.566 2.0731
15.572 3.0413
15.573 2.5243
15.576 2.522
15.579 2.9183
15.584 2.6407
15.588 2.4904
15.59 2.4346
15.593 1.3721
15.601 2.7649
15.604 2.1649
15.605 2.8446
15.609 1.8514
15.611 1.6629
15.617 2.3598
15.619 1.5966
15.62 2.3157
15.627 2.4343
15.631 1.8744
15.635 2.8425
15.639 2.4796
15.644 2.4615
15.645 3.2056
15.649 3.7963
15.651 5.1216
15.653 3.59
15.656 2.4238
15.66 5.7616
15.663 4.4766
15.664 4.5896
15.67 3.1439
15.671 3.4591
15.673 3.0893
15.677 2.9159
15.683 1.4944
15.685 2.9804
15.687 1.9116
15.69 2.4799
15.696 1.5716
15.697 1.5529
15.702 2.1176
15.71 2.9232
15.714 2.6347
15.717 2.4477
15.719 2.0947
15.724 2.6982
15.725 1.9316
15.728 3.2802
15.732 3.4461
15.738 2.153
15.739 2.3085
15.744 1.6296
15.745 2.8798
15.749 2.7958
15.754 1.9021
15.759 2.7575
15.762 2.7898
15.765 1.4944
15.773 3.4016
15.774 2.8693
15.775 2.778
15.778 3.663
15.783 3.0318
15.784 2.208
15.787 2.9869
15.792 2.8844
15.796 3.0206
15.798 3.0621
15.8 2.6164
15.802 1.9847
15.809 2.8889
15.812 2.8235
15.814 2.6082
15.819 2.2663
15.822 2.9395
15.825 2.6119
15.829 2.2929
15.83 2.0308
15.835 3.263
15.838 2.6218
15.843 2.4468
15.846 2.297
15.849 2.147
15.852 2.8688
15.854 3.4034
15.858 3.415
15.859 2.3477
15.867 1.4569
15.87 1.8836
15.873 1.973
15.876 2.2363
15.879 2.5205
15.881 3.0734
15.882 2.1014
15.887 3.4586
15.89 3.3215
15.891 2.6625
15.899 1.9692
15.901 2.6991
15.904 3.5069
15.909 2.1603
15.91 2.0796
15.914 2.0277
15.918 2.1078
15.919 2.8921
15.924 2.1798
15.931 2.3548
15.933 2.4415
15.934 2.515
15.941 1.8451
15.945 2.6204
15.949 2.6148
15.953 2.7897
15.955 2.8337
15.957 2.3835
15.961 2.1407
15.967 2.5546
15.969 2.6868
15.97 2.6453
15.974 3.3208
15.977 1.843
15.981 3.1964
15.983 2.6685
15.988 3.0337
15.991 2.1472
15.996 1.5951
15.998 2.4382
16.003 2.2289
16.005 2.9634
16.01 2.67
16.013 2.1059
16.015 1.7914
16.02 1.9223
16.024 2.5152
16.025 2.0064
16.033 3.0187
16.034 2.2021
16.036 2.5909
16.04 3.5814
16.042 4.3527
16.044 3.6108
16.049 3.1197
16.052 2.4273
16.056 2.2928
16.058 2.3023
16.06 2.58
16.068 2.5695
16.069 2.7573
16.074 3.5286
16.075 2.4942
16.077 1.944
16.083 3.3435
16.084 2.9717
16.085 2.8378
16.089 2.0535
16.094 2.2705
16.097 2.2941
16.098 1.9479
16.1 2.1434
16.11 2.828
16.112 3.342
16.116 2.9201
16.12 2.4844
16.122 1.8231
16.125 2.1565
16.129 1.9647
16.132 2.809
16.135 2.8029
16.137 2.2394
16.141 2.8553
16.144 2.8734
16.148 2.3728
16.152 3.1862
16.154 3.3962
16.157 2.995
16.162 2.6502
16.163 3.1529
16.167 2.761
16.171 3.0825
16.175 2.5716
16.178 3.0349
16.181 1.7396
16.184 2.3477
16.187 1.9213
16.192 1.8747
16.193 1.5815
16.197 1.7097
16.204 2.31
16.207 2.8077
16.21 3.443
16.215 3.095
16.215 1.952
16.221 2.275
16.224 1.9007
16.226 3.5475
16.229 3.4452
16.232 2.56
16.234 2.5637
16.237 2.3813
16.245 2.8069
16.246 1.2603
16.25 2.241
16.253 2.1123
16.255 1.9099
16.259 3.2432
16.26 2.8843
16.265 2.4587
16.27 2.6789
16.271 2.2188
16.276 2.8025
16.279 2.4659
16.281 2.8765
16.284 2.3732
16.288 2.035
16.29 2.0429
16.296 2.4231
16.3 2.2812
16.302 3.9333
16.305 3.4734
16.307 2.7309
16.313 2.3891
16.315 2.1385
16.317 1.577
16.322 2.3428
16.326 3.3651
16.329 2.388
16.331 2.2462
16.337 2.5719
16.34 2.4972
16.343 1.9054
16.345 2.1344
16.349 1.627
16.353 1.6742
16.356 1.988
16.364 2.201
16.365 2.3111
16.369 2.8549
16.371 1.9078
16.372 3.1331
16.373 2.7305
16.384 2.398
16.386 2.6626
16.39 2.3481
16.392 3.4735
16.397 3.4202
16.399 2.2122
16.404 2.3096
16.407 2.0985
16.41 3.2254
16.415 4.5
16.419 2.4268
16.422 3.298
16.424 2.9426
16.426 3.2716
16.431 2.7579
16.436 1.2955
16.441 2.4637
16.443 2.6112
16.447 4.2933
16.45 2.6639
16.453 3.3538
16.455 2.8015
16.458 2.0744
16.462 3.0135
16.464 3.0785
16.467 3.869
16.468 2.5732
16.473 1.9292
16.477 2.8523
16.483 3.4002
16.485 2.3032
16.489 2.9817
16.493 2.5331
16.498 1.8285
16.505 3.2923
16.505 1.9141
16.51 2.6131
16.51 2.3764
16.513 2.6569
16.518 3.5559
16.52 2.9686
16.524 2.2498
16.53 2.7709
16.531 2.5956
16.534 1.5884
16.537 3.8307
16.54 4.2349
16.543 3.5385
16.546 3.0035
16.549 2.9226
16.55 2.6953
16.553 1.5125
16.558 3.7783
16.56 4.2486
16.567 2.3193
16.572 3.9611
16.574 3.2881
16.579 2.0797
16.583 3.4245
16.585 3.1005
16.589 3.1652
16.593 2.9342
16.596 2.3186
16.6 3.697
16.603 2.3719
16.606 2.6162
16.609 3.4707
16.613 3.6271
16.617 2.9224
16.618 2.9863
16.621 2.0266
16.627 2.7199
16.628 2.1436
16.633 2.9595
16.634 2.0713
16.638 2.3821
16.641 1.6167
16.647 3.5267
16.653 2.4367
16.654 3.0286
16.657 2.435
16.662 3.6391
16.665 5.1499
16.667 4.3095
16.669 2.7111
16.674 2.6846
16.676 3.277
16.682 1.9716
16.685 2.307
16.688 1.9335
16.693 2.6952
16.701 2.6138
16.703 6.9732
16.704 5.7968
16.706 4.7877
16.708 3.1212
16.71 2.3034
16.714 2.1839
16.717 2.3395
16.719 2.0436
16.724 2.4207
16.726 2.5731
16.733 1.7736
16.736 1.9225
16.741 2.2378
16.744 3.3655
16.751 2.2643
16.752 3.5554
16.753 2.412
16.758 3.9895
16.76 3.0461
16.763 2.065
16.766 2.2822
16.771 2.5396
16.774 1.9071
16.778 1.9153
16.781 2.0973
16.782 2.0765
16.787 2.0426
16.792 3.2351
16.794 3.1934
16.798 3.9023
16.802 2.9496
16.806 3.2064
16.809 1.46
16.811 3.478
16.815 2.7154
16.817 1.9881
16.825 2.3475
16.828 2.6056
16.83 1.848
16.835 2.5764
16.837 1.3813
16.843 2.536
16.846 2.6186
16.848 2.9642
16.852 3.5734
16.855 3.2679
16.856 2.3989
16.859 3.1335
16.866 3.6816
16.867 4.5552
16.872 2.4668
16.876 2.154
16.878 2.3784
16.88 2.7403
16.887 2.2895
16.891 3.3371
16.893 3.1302
16.897 2.6471
16.901 2.117
16.903 2.485
16.909 1.5081
16.913 2.4515
16.917 3.6596
16.919 4.1295
16.92 2.5931
16.922 4.0145
16.925 2.1497
16.929 2.2548
16.935 2.8105
16.939 2.6848
16.942 2.7843
16.949 3.2109
16.95 2.4188
16.953 1.6576
16.955 3.1796
16.96 2.7487
16.963 2.7795
16.964 3.322
16.969 2.6641
16.973 2.1108
16.976 1.5636
16.981 2.2125
16.986 1.663
16.988 1.2449
16.993 2.0474
16.997 2.7729
17.003 2.4182
17.006 3.933
17.008 3.0367
17.012 5.4078
17.013 3.6007
17.018 2.4649
17.019 3.0149
17.025 3.8429
17.027 3.1865
17.029 2.0994
17.034 2.6661
17.037 2.9389
17.04 3.2711
17.042 3.705
17.043 3.0553
17.048 3.5554
17.05 3.8527
17.054 2.7948
17.058 2.659
17.064 1.4967
17.064 2.6061
17.067 1.5357
17.074 2.1893
17.074 3.001
17.077 2.5439
17.08 2.8177
17.086 3.3966
17.088 2.1214
17.091 2.5791
17.1 1.942
17.103 1.6927
17.104 2.6161
17.108 2.3443
17.111 2.1772
17.112 2.9964
17.113 2.5555
17.123 2.125
17.128 2.3798
17.129 2.3454
17.132 2.26
17.137 1.8285
17.141 1.973
17.145 2.1568
17.148 2.4321
17.149 2.5916
17.15 2.5812
17.155 2.5628
17.155 2.0624
17.167 1.7763
17.17 2.6641
17.173 2.7081
17.175 1.9587
17.179 1.8569
17.181 1.6526
17.186 1.4332
17.195 3.2055
17.195 2.7812
17.197 3.1776
17.201 1.8819
17.208 2.1979
17.21 3.4956
17.212 3.1146
17.215 3.1956
17.218 3.2326
17.219 2.33
17.221 2.2462
17.227 3.0439
17.23 2.7494
17.235 2.6628
17.236 2.5006
17.24 2.1446
17.245 1.8602
17.247 1.9279
17.249 1.8527
17.258 2.5011
17.262 2.5559
17.264 2.3219
17.265 2.0868
17.269 3.3013
17.272 3.6074
17.275 2.9459
17.279 2.1856
17.283 1.8793
17.287 1.5432
17.291 2.8862
17.294 4.0267
17.296 2.0767
17.298 2.9978
17.302 1.9018
17.308 2.4395
17.312 3.709
17.315 3.2392
17.32 2.5778
17.32 2.351
17.325 3.0812
17.326 3.2054
17.329 2.9118
17.332 1.7654
17.335 2.177
17.342 1.9302
17.347 2.0243
17.349 2.4441
17.355 2.2218
17.359 2.4271
17.363 1.9421
17.364 2.4442
17.368 2.6792
17.368 3.4438
17.372 3.0892
17.379 1.5107
17.385 1.5291
17.385 2.1828
17.389 2.0268
17.393 2.1957
17.395 2.8253
17.399 4.1206
17.402 1.9518
17.402 2.9863
17.408 2.6195
17.411 2.5341
17.417 1.1021
17.42 1.8678
17.426 2.2163
17.429 2.6179
17.433 2.4046
17.437 4.9229
17.438 2.8644
17.44 2.199
17.442 4.0468
17.45 2.8408
17.453 2.5767
17.455 2.5778
17.457 2.5818
17.463 1.7375
17.467 2.2332
17.47 1.6462
17.476 1.7188
17.479 2.3966
17.485 2.3654
17.485 2.769
17.489 2.1285
17.494 4.4696
17.494 3.6366
17.496 3.1352
17.497 3.1741
17.504 1.9533
17.506 1.9411
17.514 2.6969
17.515 2.1052
17.519 4.082
17.522 3.1098
17.525 2.8309
17.525 2.7334
17.529 2.5331
17.534 2.2548
17.539 1.726
17.545 2.4588
17.548 3.685
17.552 3.1859
17.557 2.9001
17.559 1.7017
17.563 2.6493
17.567 3.3515
17.571 2.5655
17.572 1.946
17.576 2.2175
17.579 2.235
17.585 3.7394
17.588 3.4179
17.59 3.1934
17.59 3.1338
17.596 2.9715
17.599 3.2918
17.601 4.285
17.604 3.0798
17.608 3.67
17.61 3.7956
17.613 1.7511
17.616 2.849
17.622 3.2912
17.625 2.1234
17.629 2.6983
17.632 1.8699
17.639 3.0378
17.642 2.036
17.644 2.6828
17.648 2.7862
17.65 2.0603
17.652 2.7197
17.66 2.406
17.663 2.6294
17.664 3.86
17.666 3.2945
17.671 3.2173
17.673 3.0676
17.676 2.682
17.677 2.9517
17.684 1.9036
17.691 1.5579
17.692 1.4897
17.698 2.0454
17.702 2.0227
17.704 2.4791
17.709 2.2699
17.71 2.9123
17.716 1.9657
17.72 1.8445
17.721 2.0202
17.728 1.971
17.732 2.8538
17.736 2.8531
17.742 2.42
17.742 1.9968
17.748 5.1155
17.749 4.1345
17.751 5.0274
17.752 3.299
17.754 2.9627
17.758 3.0534
17.764 3.0188
17.765 4.1312
17.769 3.346
17.77 4.9306
17.776 2.4762
17.78 2.5112
17.786 3.1397
17.789 3.7599
17.792 2.5868
17.792 1.8918
17.796 2.2571
17.803 1.9898
17.805 3.6909
17.807 3.6041
17.814 2.617
17.815 3.3005
17.816 2.8339
17.822 2.741
17.822 2.1608
17.828 2.1281
17.831 3.2642
17.834 2.6197
17.838 1.2182
17.839 2.3
17.845 1.8148
17.849 1.7757
17.853 2.8412
17.856 2.607
17.859 1.9039
17.863 1.4668
17.867 3.1651
17.868 3.2014
17.874 2.5837
17.882 2.2642
17.883 2.8945
17.886 2.6861
17.889 2.949
17.895 2.7299
17.896 1.1983
17.9 1.6965
17.901 2.0612
17.905 2.1628
17.912 2.1411
17.913 2.2553
17.918 2.5595
17.924 1.8561
17.925 2.5253
17.927 2.5988
17.932 2.7145
17.937 2.0235
17.938 3.1095
17.939 2.4766
17.943 2.9453
17.947 2.2456
17.952 2.7534
17.956 2.3062
17.963 3.3039
17.964 2.2996
17.969 4.4471
17.971 3.307
17.974 2.4464
17.98 3.578
17.982 4.0176
17.987 2.4127
17.989 2.5407
17.997 3.1653
17.998 1.5826
18.003 2.9959
18.007 2.2108
18.009 2.2928
18.012 2.4966
18.014 2.0267
18.017 2.2841
18.021 3.0332
18.027 2.5889
18.029 2.9665
18.031 3.9219
18.033 2.8769
18.037 3.4785
18.041 2.7389
18.045 3.0905
18.047 2.6118
18.051 3.1403
18.054 2.2209
18.06 3.345
18.062 3.3051
18.068 2.8437
18.069 3.754
18.071 2.4549
18.073 4.0781
18.079 3.3632
18.084 3.1206
18.085 2.2478
18.087 2.8527
18.092 2.7612
18.098 2.1505
18.101 3.0125
18.101 2.5121
18.109 2.432
18.111 1.9109
18.117 2.7188
18.118 2.5293
18.12 2.7584
18.124 1.7469
18.125 2.8692
18.133 1.6401
18.137 2.6565
18.141 3.2267
18.144 2.292
18.149 1.422
18.15 2.3819
18.156 2.3306
18.162 2.0328
18.165 2.5256
18.166 2.5295
18.171 2.1917
18.173 3.1574
18.177 3.6425
18.181 2.3927
18.182 3.4533
18.187 2.253
18.19 1.9628
18.195 2.9164
18.198 3.3585
18.201 3.2871
18.203 3.9208
18.208 2.575
18.212 1.9413
18.214 1.869
18.219 2.543
18.222 2.2136
18.227 1.9046
18.229 2.2566
18.232 2.655
18.234 2.0247
18.239 1.9343
18.243 1.6301
18.249 1.3054
18.252 1.8106
18.256 2.8263
18.262 3.1007
18.263 1.4999
18.267 1.488
18.271 2.1522
18.273 1.5488
18.28 1.8893
18.286 2.1507
18.289 4.0132
18.29 3.6324
18.292 3.876
18.298 3.2583
18.3 3.4556
18.305 3.4965
18.308 2.6381
18.311 2.496
18.313 1.2445
18.32 1.6225
18.323 1.5506
18.328 2.3769
18.33 2.0436
18.334 2.404
18.338 2.7541
18.339 1.9189
18.341 4.0054
18.348 3.767
18.349 5.8772
18.351 2.69
18.358 1.7346
18.361 1.3184
18.365 2.1276
18.371 2.0517
18.376 1.9185
18.379 1.9177
18.382 2.0008
18.385 2.6762
18.389 3.5257
18.391 2.5889
18.396 2.3946
18.398 2.4529
18.401 3.6325
18.404 2.6536
18.407 2.7563
18.41 2.9614
18.413 1.8381
18.417 2.5922
18.42 1.7645
18.422 2.5452
18.428 1.8459
18.431 1.539
18.435 3.007
18.438 2.5076
18.44 3.653
18.444 2.7871
18.448 2.9709
18.451 2.0433
18.453 2.7177
18.458 1.5949
18.46 2.2293
18.47 1.6968
18.473 1.7131
18.477 3.3092
18.481 3.1977
18.484 4.3916
18.487 3.9423
18.489 3.7223
18.494 2.3433
18.497 2.3726
18.501 1.9341
18.504 2.7355
18.507 3.2048
18.513 3.298
18.516 3.0451
18.521 2.9842
18.526 2.9634
18.528 2.8098
18.529 2.216
18.536 2.0119
18.538 2.7779
18.54 3.9071
18.545 3.2463
18.548 2.5797
18.552 2.4807
18.555 2.7519
18.56 1.7826
18.563 1.8166
18.57 1.6657
18.572 1.3863
18.576 2.1933
18.582 2.3368
18.587 3.0048
18.589 2.7088
18.592 3.3146
18.597 2.6755
18.6 3.2744
18.603 3.9586
18.607 4.0753
18.608 2.9841
18.611 3.0254
18.616 3.8026
18.62 3.2694
18.62 2.987
18.625 2.6956
18.628 3.2132
18.633 1.7276
18.637 2.6477
18.641 2.5014
18.643 3.8018
18.646 3.2745
18.651 3.6865
18.656 3.861
18.664 3.0689
18.668 2.7221
18.671 2.5174
18.674 2.507
18.679 2.9733
18.68 3.6454
18.682 3.949
18.687 3.107
18.691 2.8689
18.694 2.7001
18.701 1.2037
18.705 2.1518
18.706 1.4954
18.71 2.3931
18.711 1.9716
18.718 1.773
18.723 2.116
18.728 1.6262
18.729 2.2681
18.732 2.1621
18.735 2.4156
18.74 2.2543
18.743 3.1796
18.745 2.7494
18.748 2.255
18.752 2.8147
18.756 2.7648
18.759 2.5061
18.762 2.669
18.767 2.7374
18.773 2.7652
18.777 3.0375
18.784 3.292
18.786 2.8512
18.787 2.9605
18.79 2.3343
18.794 3.0009
18.8 2.7266
18.803 3.0743
18.805 2.9429
18.806 1.8532
18.814 1.4323
18.817 1.9336
18.818 2.2039
18.826 2.2772
18.829 2.1318
18.83 2.7575
18.831 1.9166
18.838 2.0862
18.839 2.6388
18.841 2.7584
18.846 3.2753
18.849 2.4365
18.852 2.1696
18.859 3.4248
18.862 3.8805
18.863 3.0853
18.869 2.6455
18.87 2.4672
18.874 3.0205
18.877 3.2983
18.881 3.2131
18.884 3.3153
18.885 2.6812
18.895 2.8268
18.899 2.5415
18.902 3.1429
18.903 3.0276
18.909 2.4408
18.912 2.9472
18.914 2.8113
18.923 2.4369
18.926 2.9534
18.931 2.2464
18.933 3.0507
18.937 2.2971
18.938 2.2335
18.941 2.2216
18.947 1.6177
18.955 1.3096
18.958 2.516
18.961 3.4614
18.964 1.8632
18.969 3.5292
18.969 3.9468
18.974 3.5525
18.979 1.9517
18.983 6.3432
18.983 5.5694
18.987 2.692
18.99 2.0935
18.997 2.5412
19.001 1.8399
19.005 2.8137
19.008 2.1535
19.01 2.5905
19.016 1.5725
19.019 1.8302
19.026 2.611
19.028 2.5097
19.03 2.3518
19.035 2.2704
19.038 3.6308
19.039 1.914
19.043 2.6542
19.044 2.4509
19.049 1.8426
19.051 1.7023
19.057 3.8133
19.058 2.496
19.06 3.0932
19.063 2.9009
19.068 2.5229
19.077 1.9099
19.079 1.6827
19.083 1.9381
19.085 2.2866
19.091 1.6284
19.094 1.1294
19.096 1.7404
19.101 1.9457
19.103 2.4494
19.106 1.9696
19.112 2.3718
19.116 3.2045
19.119 3.7152
19.124 2.6697
19.126 1.5212
19.128 2.1012
19.134 1.6858
19.136 2.1056
19.141 2.0119
19.147 1.505
19.151 3.3955
19.156 2.704
19.158 2.668
19.161 2.3111
19.163 1.7416
19.171 1.5106
19.174 2.4207
19.177 3.6969
19.179 1.9198
19.181 2.3054
19.188 1.9899
19.191 1.5475
19.193 3.5106
19.195 3.7332
19.203 2.3007
19.205 2.0083
19.21 3.1788
19.215 2.7938
19.216 2.3821
19.221 2.6728
19.223 1.5938
19.226 2.4193
19.231 1.8579
19.236 2.1724
19.242 4.1582
19.246 3.885
19.249 3.0556
19.253 2.466
19.254 2.7504
19.257 1.8424
19.259 1.8492
19.266 2.0691
19.274 2.376
19.275 3.1061
19.275 2.0876
19.281 3.036
19.283 2.5241
19.288 1.8752
19.293 2.3448
19.295 3.1179
19.296 2.9522
19.303 2.9578
19.305 3.4722
19.307 3.1762
19.309 3.3911
19.316 1.4029
19.327 1.4722
19.33 1.7384
19.331 1.622
19.334 2.031
19.34 2.3365
19.343 2.015
19.347 3.0241
19.35 3.8712
19.352 4.426
19.354 2.0371
19.358 2.3228
19.362 1.9537
19.367 1.8706
19.369 1.8085
19.374 1.854
19.381 1.7151
19.384 1.5818
19.391 1.4573
19.393 2.4881
19.394 2.8785
19.399 3.0969
19.402 2.544
19.407 2.4088
19.408 2.4212
19.412 2.476
19.413 1.7301
19.415 2.0656
19.424 1.715
19.428 2.2253
19.432 2.6384
19.435 1.9906
19.437 3.1987
19.441 2.3786
19.448 2.3477
19.45 2.6581
19.452 2.4126
19.456 1.9079
19.458 2.2522
19.462 2.0387
19.468 2.4748
19.471 3.1771
19.474 2.4415
19.477 2.3229
19.483 2.246
19.486 1.5825
19.49 3.4209
19.493 3.1747
19.496 2.2262
19.499 2.272
19.503 2.0958
19.51 2.2046
19.512 3.7415
19.513 3.2219
19.517 1.4174
19.526 2.3316
19.529 2.2379
19.534 1.9279
19.536 2.5026
19.539 2.9614
19.543 2.1128
19.547 2.4116
19.55 2.8364
19.551 2.6034
19.553 2.3063
19.559 1.9258
19.563 2.1807
19.568 2.279
19.574 2.8594
19.578 3.2921
19.584 2.3331
19.585 2.4912
19.587 3.2631
19.594 2.3007
19.595 3.5071
19.598 3.8856
19.6 1.8818
19.604 3.6978
19.607 3.6222
19.612 2.0797
19.615 2.0513
19.619 1.632
19.627 1.4369
19.63 2.4875
19.633 2.162
19.636 2.2882
19.639 1.2251
19.643 1.8521
19.648 2.8342
19.652 2.593
19.654 2.3532
19.661 2.5645
19.664 1.8672
19.667 2.0135
19.67 2.801
19.673 2.5259
19.674 2.5425
19.68 1.6595
19.686 1.8428
19.688 2.5972
19.69 2.4838
19.698 2.0335
19.704 2.4264
19.705 1.6363
19.709 1.6862
19.717 1.8744
19.719 1.2324
19.725 1.292
19.731 1.4828
19.734 1.9132
19.738 1.8526
19.742 1.9372
19.746 1.6661
19.751 2.2596
19.752 2.1728
19.756 2.2522
19.758 2.2242
19.762 1.8272
19.768 2.016
19.77 2.1113
19.774 1.6108
19.778 1.7353
19.785 1.4214
19.789 1.7242
19.792 1.4695
19.798 3.1495
19.799 3.0116
19.803 3.4174
19.804 2.5506
19.808 2.3846
19.81 2.7854
19.816 1.5101
19.822 1.7255
19.828 3.7447
19.829 3.1567
19.831 2.3309
19.838 1.4318
19.84 3.3579
19.842 3.577
19.845 2.3676
19.847 2.223
19.851 1.3895
19.859 2.8168
19.861 2.3194
19.864 2.3329
19.868 2.0661
19.874 2.4272
19.879 1.717
19.888 1.9124
19.892 2.6701
19.893 2.3895
19.894 3.5032
19.897 2.7273
19.899 2.0258
19.901 4.2648
19.904 2.7257
19.911 1.8886
19.915 1.5081
19.919 1.5489
19.923 2.0102
19.929 2.2403
19.932 2.4772
19.937 1.3665
19.939 2.2524
19.944 2.122
19.948 2.5574
19.95 2.3959
19.956 1.406
19.957 1.366
19.961 1.8825
19.963 2.4651
19.97 2.6001
19.971 3.7762
19.974 3.4248
19.978 1.2554
19.988 1.3632
19.993 1.9398
19.994 2.1044
20 1.9893
20 1.8285
20.004 2.4591
20.008 1.903
20.012 2.2033
20.017 2.2025
20.02 3.2789
20.023 3.2997
20.027 3.0511
20.03 2.9287
20.03 2.7782
20.038 2.2522
20.041 2.3354
20.044 2.261
20.049 1.564
20.053 1.6786
20.054 1.3452
20.06 1.7908
20.062 1.532
20.066 1.9535
20.07 1.9536
20.071 2.1791
20.078 3.0357
20.083 2.0652
20.087 1.994
20.09 1.4439
20.097 2.0188
20.1 3.0983
20.102 2.5119
20.104 1.7967
20.11 1.939
20.111 2.2539
20.122 2.9018
20.125 2.1088
20.129 1.9623
20.131 2.5989
20.133 1.9661
20.137 2.5054
20.142 1.0708
20.148 1.5285
20.153 2.2643
20.158 1.5323
20.161 1.9449
20.162 3.3319
20.166 2.7367
20.167 2.2059
20.174 1.9354
20.178 3.0041
20.18 2.5229
20.187 2.3001
20.19 2.3572
20.195 2.4687
20.197 1.7409
20.2 1.8421
20.206 1.974
20.207 2.3767
20.213 2.0489
20.219 3.0554
20.22 3.464
20.223 2.276
20.227 4.5404
20.23 4.3918
20.232 2.8968
20.239 2.0219
20.241 1.7673
20.246 2.0246
20.253 1.3749
20.256 2.4735
20.259 2.2473
20.266 2.2784
20.268 3.145
20.27 2.9746
20.272 1.6166
20.279 2.6007
20.281 3.1061
20.283 2.3031
20.288 2.689
20.29 2.3698
20.293 2.1937
20.299 2.0881
20.304 2.9973
20.307 2.1346
20.309 3.0788
20.312 2.2982
20.323 2.2646
20.323 2.6149
20.326 1.8281
20.334 1.3456
20.334 2.0565
20.339 2.5607
20.341 3.5669
20.348 2.94
20.352 2.2944
20.354 3.1247
20.359 1.5979
20.36 2.3554
20.364 2.4667
20.373 2.07
20.376 1.5066
20.382 2.3494
20.385 2.0138
20.387 1.932
20.395 2.1143
20.4 1.6454
20.402 2.0154
20.408 1.9359
20.411 2.6409
20.413 2.5968
20.415 2.5239
20.416 2.5353
20.42 2.4872
20.427 1.4582
20.429 1.84
20.436 2.1476
20.437 2.4288
20.444 1.4067
20.447 1.119
20.455 1.4937
20.459 1.8615
20.465 2.6453
20.471 2.3087
20.475 2.3694
20.477 2.1007
20.478 2.255
20.481 1.5278
20.487 1.7361
20.492 1.3744
20.498 2.5479
20.503 1.6236
20.506 2.3352
20.51 2.7579
20.514 2.3883
20.517 2.8527
20.52 2.7792
20.521 2.2016
20.524 2.1795
20.529 1.5818
20.537 3.1702
20.539 2.5599
20.542 2.3312
20.544 1.9869
20.551 2.0628
20.556 1.215
20.558 1.6998
20.56 1.414
20.566 1.6552
20.571 1.6595
20.573 1.8053
20.575 2.4233
20.576 2.7014
20.584 1.8358
20.587 2.0065
20.59 1.2335
20.597 2.2419
20.601 2.3333
20.601 2.364
20.604 3.9987
20.611 1.9131
20.615 2.0773
20.619 2.2256
20.621 2.0782
20.627 2.4073
20.629 2.353
20.633 1.3912
20.638 1.5196
20.645 2.2841
20.647 1.9091
20.654 1.2807
20.656 1.8884
20.658 1.717
20.663 1.9788
20.668 1.6085
20.671 2.0119
20.672 3.4505
20.678 2.3864
20.684 1.2109
20.687 1.5016
20.691 1.4407
20.697 1.3494
20.7 1.0014
20.703 1.1552
20.707 1.325
20.716 1.009
20.72 3.0773
20.723 2.5734
20.726 2.4382
20.729 1.5898
20.732 2.3431
20.736 2.8837
20.74 2.1129
20.744 2.8825
20.746 2.3652
20.75 2.7078
20.757 1.8155
20.763 2.0505
20.764 2.9821
20.767 2.8629
20.769 2.5848
20.773 2.2216
20.777 2.1066
20.777 2.748
20.784 1.7013
20.789 1.336
20.791 1.6068
20.793 2.1701
20.797 1.7004
20.804 2.1808
20.809 1.7807
20.815 1.4242
20.815 0.89862
20.818 1.4291
20.823 1.2744
20.831 1.3713
20.834 1.6774
20.837 1.5557
20.844 1.703
20.845 1.5435
20.85 2.4129
20.852 2.6171
20.86 1.9108
20.863 2.0556
20.867 1.9438
20.869 2.7586
20.874 2.9813
20.876 2.1812
20.879 1.3524
20.883 2.1481
20.891 1.7134
20.893 1.5373
20.9 2.5061
20.903 2.87
20.905 2.1373
20.908 3.7595
20.912 2.8883
20.918 1.5009
20.921 1.9911
20.926 2.99
20.929 2.6292
20.936 2.0391
20.937 2.2168
20.939 1.7819
20.945 1.8579
20.948 1.8467
20.954 1.8931
20.959 1.6743
20.962 2.8585
20.965 2.9484
20.968 1.7357
20.972 2.5886
20.976 2.7622
20.979 1.6009
20.984 1.2097
20.988 1.8764
20.992 2.1332
20.996 1.7974
21.003 1.7804
21.01 2.4792
21.014 3.5609
21.016 2.2336
21.018 3.0554
21.019 3.034
21.021 4.0443
21.027 1.9402
21.03 2.2464
21.034 1.6277
21.037 1.8679
21.042 1.6442
21.045 1.6319
21.049 2.0996
21.056 1.4014
21.06 2.2275
21.061 2.2778
21.067 3.84
21.072 2.8037
21.074 3.3822
21.079 1.8921
21.085 0.92897
21.087 1.2513
21.092 1.5843
21.099 1.1515
21.103 1.9761
21.106 1.891
21.11 1.5146
21.116 1.1751
21.117 0.96361
21.12 1.288
21.129 1.2821
21.131 1.5533
21.134 2.1258
21.136 1.1898
21.146 2.0744
21.147 1.598
21.151 1.9189
21.155 2.033
21.16 1.1214
21.164 1.461
21.168 1.1171
21.172 1.5067
21.179 1.9764
21.184 2.0363
21.187 2.5743
21.191 1.6394
21.195 3.2506
21.196 3.4458
21.205 1.6691
21.206 2.1943
21.209 2.3876
21.213 1.9637
21.218 2.1223
21.22 2.2919
21.222 2.1475
21.233 2.667
21.236 2.9955
21.242 3.9178
21.244 2.99
21.246 2.8064
21.251 1.8676
21.253 1.4822
21.255 2.0195
21.258 2.2346
21.261 1.2332
21.268 1.9849
21.273 1.7696
21.276 1.9646
21.277 1.586
21.28 1.403
21.288 1.5626
21.292 2.009
21.295 1.7122
21.298 1.6215
21.301 1.7595
21.306 1.5887
21.31 1.5726
21.315 1.4783
21.32 1.0855
21.323 1.5644
21.328 1.6761
21.331 3.1563
21.333 3.277
21.338 3.327
21.339 3.052
21.342 3.353
21.346 2.418
21.354 1.2067
21.358 1.0646
21.361 1.447
21.365 2.0743
21.371 2.3325
21.373 2.1274
21.377 2.6792
21.378 1.4197
21.388 0.71486
21.393 1.5147
21.398 1.4668
21.403 1.0551
21.407 1.8097
21.41 1.6246
21.415 1.4878
21.416 3.5587
21.42 2.8822
21.424 2.2093
21.427 2.9523
21.431 2.68
21.434 2.151
21.438 2.3969
21.441 1.6092
21.446 2.0297
21.452 1.7268
21.454 2.8121
21.457 2.6287
21.461 1.7213
21.468 1.74
21.473 2.6165
21.475 2.8238
21.479 1.6655
21.487 2.0566
21.49 2.2294
21.493 2.7781
21.495 1.7283
21.498 1.8334
21.507 1.6417
21.511 2.8684
21.514 2.9386
21.518 1.6614
21.523 1.3872
21.526 2.8815
21.528 2.5644
21.531 1.9505
21.533 2.3634
21.54 2.0525
21.546 1.2401
21.549 1.2332
21.552 1.2292
21.557 1.0935
21.561 1.3172
21.568 1.034
21.57 1.4906
21.576 1.9112
21.581 2.0745
21.583 1.975
21.585 1.6895
21.591 1.6496
21.593 2.239
21.595 1.3907
21.608 2.2424
21.611 2.1603
21.616 1.7173
21.618 2.0509
21.623 1.6556
21.629 1.9438
21.631 2.2168
21.636 2.0418
21.641 1.9778
21.647 1.6293
21.648 2.2184
21.655 1.4137
21.659 2.1665
21.663 2.017
21.664 1.818
21.669 2.0802
21.673 1.6805
21.677 1.7881
21.681 2.3369
21.688 2.7859
21.689 2.0021
21.69 3.8084
21.693 2.4455
21.696 1.8406
21.702 1.5712
21.704 1.8961
21.709 2.0807
21.718 1.7879
21.72 1.9032
21.725 2.3065
21.728 3.1871
21.731 2.1329
21.732 3.4172
21.736 1.5441
21.74 3.1292
21.744 2.2439
21.747 1.6524
21.753 2.0936
21.757 2.5389
21.76 1.3562
21.765 1.1542
21.769 1.1458
21.775 1.6091
21.78 1.6559
21.784 1.373
21.789 1.9708
21.793 2.1751
21.794 3.3854
21.796 3.6268
21.805 1.3308
21.812 1.4827
21.816 1.8147
21.818 1.7506
21.827 1.6912
21.831 3.068
21.834 2.8787
21.838 3.5061
21.84 3.1154
21.842 2.4927
21.847 1.947
21.851 1.9252
21.855 2.3548
21.858 3.5099
21.861 2.2891
21.863 2.383
21.866 2.2472
21.867 1.9413
21.871 1.7064
21.874 1.6726
21.884 1.3445
21.892 1.4842
21.894 2.2063
21.897 1.362
21.903 2.4333
21.906 2.0643
21.912 0.98844
21.918 0.89825
21.927 0.86959
21.934 1.9012
21.935 1.8632
21.939 1.448
21.941 2.3043
21.945 2.2679
21.95 2.0595
21.95 2.4432
21.961 1.4305
21.965 1.4353
21.966 1.2777
21.97 2.3007
21.973 2.9482
21.978 1.8082
21.984 1.4282
21.988 1.6616
21.992 1.7493
21.992 2.0825
21.997 1.8813
22 2.3707
22.006 1.6717
22.008 2.119
22.014 3.3998
22.017 1.8911
22.02 1.7308
22.024 1.4589
22.026 1.8611
22.034 1.5273
22.037 2.4367
22.042 2.5023
22.046 2.3758
22.052 1.2612
22.058 0.98155
22.06 1.5776
22.065 1.9418
22.07 2.5486
22.073 1.6903
22.077 3.2851
22.079 3.9583
22.086 1.5526
22.089 2.4748
22.091 2.1216
22.096 2.3859
22.102 0.90618
22.107 1.5614
22.109 1.6808
22.114 1.5297
22.125 1.0804
22.126 1.6164
22.127 1.9277
22.131 2.0603
22.139 2.6591
22.141 2.4251
22.148 1.1991
22.156 1.452
22.156 1.7851
22.161 2.0805
22.164 1.9668
22.169 1.1072
22.174 1.8845
22.179 3.0635
22.182 2.1959
22.187 1.7899
22.191 1.8829
22.193 1.7598
22.2 2.2013
22.206 2.1488
22.209 1.6128
22.213 1.2322
22.22 1.4264
22.225 1.4091
22.227 1.6176
22.23 1.8034
22.234 1.8323
22.243 1.1673
22.249 1.3115
22.253 1.3292
22.258 1.6928
22.261 2.0537
22.262 2.2719
22.266 1.8753
22.27 1.8912
22.272 1.6917
22.28 3.102
22.282 3.0667
22.287 2.0527
22.293 2.1303
22.295 2.6425
22.297 1.9527
22.302 1.3865
22.305 1.6605
22.313 1.2644
22.317 1.9266
22.32 2.6044
22.323 1.2203
22.324 1.7013
22.334 1.313
22.34 1.3828
22.341 2.5538
22.344 2.6621
22.346 2.0712
22.35 1.9212
22.357 2.1598
22.359 1.8983
22.364 1.4474
22.369 1.7884
22.37 1.7131
22.379 0.90996
22.387 1.2866
22.396 1.8437
22.401 2.3231
22.401 2.6513
22.403 2.0769
22.408 1.7299
22.41 2.3064
22.411 2.0415
22.418 2.2252
22.419 2.2447
22.425 1.2003
22.432 2.2145
22.435 1.9467
22.439 2.1137
22.444 2.5141
22.446 2.7516
22.45 2.1329
22.453 2.4324
22.46 1.2393
22.462 1.4078
22.469 1.4064
22.473 1.2567
22.475 1.2931
22.483 1.8871
22.487 1.8968
22.49 1.9524
22.492 2.3937
22.498 1.3841
22.503 2.6977
22.507 2.4165
22.512 1.1068
22.516 1.4725
22.519 1.6931
22.525 1.7069
22.53 2.3118
22.535 2.246
22.537 1.7827
22.543 2.1457
22.547 3.877
22.548 3.8438
22.555 2.7927
22.559 1.8627
22.565 1.4071
22.567 1.1383
22.572 1.0285
22.579 1.1596
22.583 2.082
22.586 1.7239
22.59 1.7351
22.593 2.2257
22.595 1.5114
22.605 1.51
22.609 1.3947
22.614 1.6704
22.616 1.5069
22.621 1.6625
22.625 1.0825
22.631 1.6267
22.633 1.7529
22.64 1.3754
22.647 1.8933
22.652 1.2476
22.655 1.1258
22.657 1.1056
22.661 1.2226
22.665 1.4209
22.671 1.8625
22.675 1.5678
22.683 1.5391
22.683 2.4797
22.686 1.721
22.693 1.4968
22.695 1.2249
22.699 1.2484
22.704 1.1287
22.712 2.7022
22.714 2.313
22.72 1.5776
22.722 2.9309
22.726 4.2534
22.727 2.5955
22.736 1.1988
22.743 2.3382
22.748 2.0573
22.75 1.9249
22.756 1.4641
22.756 1.3019
22.762 2.1149
22.766 2.0432
22.768 1.9303
22.776 1.4131
22.779 1.3632
22.783 1.4523
22.785 1.0799
22.789 1.5505
22.795 1.5389
22.799 1.7095
22.801 1.2697
22.81 0.8942
22.815 1.525
22.82 2.2672
22.824 2.6086
22.827 1.0217
22.832 1.6429
22.838 1.3471
22.839 1.2147
22.844 1.781
22.852 2.0192
22.856 1.6249
22.857 2.0424
22.859 1.4229
22.865 1.7393
22.87 1.8061
22.876 1.984
22.879 1.8813
22.879 1.2943
22.891 1.2702
22.893 1.1248
22.898 1.488
22.901 2.1504
22.905 1.9335
22.907 1.8154
22.913 1.0126
22.919 0.91534
22.925 1.1758
22.933 1.3616
22.937 1.0067
22.938 1.3989
22.947 1.4976
22.949 1.748
22.957 1.9819
22.96 1.6183
22.966 2.189
22.967 1.533
22.971 1.2552
22.977 3.1094
22.978 1.8142
22.979 3.2734
22.987 1.7425
22.99 1.7582
22.996 1.3994
23.006 2.1954
23.01 2.2154
23.013 2.4092
23.013 1.2399
23.019 1.5104
23.026 1.2505
23.028 1.4576
23.039 1.4942
23.04 1.377
23.044 1.9568
23.05 2.5023
23.052 1.9743
23.057 0.83263
23.06 1.2064
23.07 2.0288
23.072 2.6565
23.077 1.9351
23.08 1.7075
23.084 2.1841
23.085 2.0538
23.09 2.1639
23.093 1.4747
23.098 1.7145
23.103 1.646
23.109 1.8378
23.113 1.1296
23.114 1.6652
23.122 0.74241
23.128 1.1263
23.132 1.0874
23.137 1.6261
23.14 1.5813
23.145 1.0974
23.15 1.9894
23.153 2.0888
23.158 1.4218
23.162 2.1718
23.165 1.5745
23.17 0.97941
23.177 0.94579
23.185 1.4657
23.188 2.5454
23.192 2.7228
23.199 2.092
23.204 1.7579
23.207 1.7221
23.21 1.7747
23.219 1.9084
23.225 1.2644
23.226 1.0181
23.231 1.0868
23.235 1.068
23.245 1.1187
23.249 1.7245
23.253 1.7149
23.257 1.5013
23.262 2.8866
23.268 2.8376
23.27 2.4713
23.272 2.4919
23.279 2.0536
23.283 1.6501
23.283 1.8581
23.29 1.2973
23.296 1.0464
23.301 1.2556
23.305 1.5555
23.31 1.8442
23.313 1.5652
23.317 1.394
23.328 1.1902
23.332 1.595
23.333 1.6593
23.338 1.4819
23.344 1.3897
23.349 1.8901
23.351 1.4278
23.359 1.135
23.361 0.99105
23.368 1.0037
23.37 1.0619
23.38 1.0817
23.382 1.0533
23.387 1.8958
23.391 1.7216
23.392 2.0251
23.398 2.7203
23.4 2.8314
23.406 1.5512
23.409 2.7041
23.412 1.775
23.417 2.0792
23.42 1.8385
23.428 1.6108
23.434 1.5558
23.438 1.1149
23.446 0.71614
23.45 2.4796
23.453 2.8923
23.458 1.9191
23.466 2.5519
23.467 2.4939
23.468 2.1369
23.472 2.1077
23.474 2.2637
23.481 1.6388
23.484 1.5599
23.492 1.095
23.497 1.4447
23.5 3.0709
23.502 2.6228
23.508 1.1455
23.514 1.4709
23.516 1.0578
23.52 1.7434
23.526 1.3071
23.532 1.1223
23.537 1.328
23.54 1.5143
23.546 1.5344
23.551 2.7424
23.554 2.0759
23.555 2.4502
23.56 1.2785
23.564 1.8221
23.573 2.154
23.574 1.5094
23.58 1.5734
23.583 1.3053
23.587 1.0041
23.591 1.214
23.594 1.3636
23.597 1.0834
23.605 2.0356
23.609 1.7066
23.617 1.4535
23.622 1.71
23.626 2.4831
23.629 2.0507
23.638 1.4261
23.643 2.077
23.644 1.5935
23.65 1.8895
23.655 0.95857
23.666 2.1045
23.668 2.1942
23.668 1.7841
23.673 0.98799
23.678 1.1266
23.681 1.5796
23.686 0.90268
23.687 1.5715
23.699 1.5363
23.704 1.8022
23.707 1.1144
23.71 1.9429
23.716 1.1879
23.72 0.99082
23.726 0.96608
23.734 1.3755
23.735 1.6385
23.741 1.5509
23.748 1.1222
23.752 0.85531
23.757 1.3288
23.764 1.9906
23.766 1.7945
23.769 2.0708
23.773 1.5053
23.781 1.7574
23.783 1.2693
23.787 1.5319
23.79 2.4307
23.795 1.8866
23.796 1.45
23.808 1.3972
23.814 1.5956
23.817 1.4798
23.821 2.1479
23.824 2.3014
23.83 1.7975
23.833 1.6645
23.836 1.0896
23.842 1.628
23.845 1.3307
23.847 1.7343
23.856 0.62884
23.856 0.87824
23.868 1.2216
23.872 1.2012
23.875 1.4832
23.879 1.6966
23.881 1.2774
23.885 1.3573
23.889 1.7343
23.895 1.8958
23.897 0.96962
23.899 1.4904
23.911 0.80392
23.916 0.91676
23.92 1.0068
23.924 0.9787
23.933 1.0668
23.937 1.4893
23.941 1.8079
23.944 1.654
23.946 2.3309
23.949 1.6479
23.955 1.9109
23.957 1.35
23.967 2.3944
23.971 2.148
23.973 2.3747
23.975 1.8528
23.985 1.1885
23.989 1.0721
23.992 0.95613
23.995 0.96865
23.999 1.5624
24.006 1.2911
24.012 0.83091
24.017 1.2329
24.023 1.1729
24.026 1.4732
24.033 1.5579
24.034 1.5379
24.04 1.2454
24.041 1.582
24.043 1.6903
24.05 0.76798
24.058 1.0431
24.064 0.92831
24.067 1.0093
24.072 1.0605
24.08 1.0927
24.084 1.432
24.085 1.0382
24.09 0.59876
24.1 1.0529
24.108 1.558
24.11 2.6313
24.116 1.8483
24.123 1.1468
24.128 0.8154
24.128 0.66269
24.133 1.5153
24.137 1.3494
24.143 2.1828
24.149 2.8226
24.149 2.4516
24.152 0.9979
24.162 0.65163
24.168 0.53297
24.175 1.0659
24.178 0.96374
24.185 1.7517
24.189 2.1197
24.19 1.3396
24.194 1.6887
24.202 1.2996
24.208 1.5287
24.209 1.8919
24.213 1.4761
24.218 0.9978
24.222 1.8285
24.227 1.5417
24.232 1.1034
24.237 1.4801
24.239 1.4615
24.244 2.1747
24.247 2.417
24.256 0.90808
24.262 0.87337
24.267 0.8402
24.271 1.2311
24.274 1.1083
24.279 0.66554
24.29 0.66015
24.296 1.6659
24.301 1.6544
24.305 1.0243
24.309 1.4253
24.313 1.4341
24.318 1.9861
24.324 1.6278
24.325 1.8832
24.329 1.5947
24.339 0.95625
24.341 1.479
24.343 1.2229
24.348 1.8028
24.353 2.3735
24.355 2.1342
24.359 1.2286
24.363 1.66
24.369 1.7195
24.371 1.7107
24.374 1.3093
24.381 1.2485
24.386 2.2348
24.389 1.88
24.398 0.81173
24.405 0.68636
24.41 0.81946
24.416 0.93874
24.418 1.0488
24.427 1.6212
24.431 2.2308
24.435 1.6332
24.438 1.7915
24.44 1.2242
24.452 1.0377
24.453 1.0759
24.461 0.99448
24.467 1.6347
24.47 1.9231
24.474 0.71614
24.479 1.0765
24.485 1.2125
24.493 1.1918
24.497 1.3594
24.5 1.0702
24.507 1.4425
24.509 1.4641
24.515 0.99136
24.52 1.201
24.525 1.097
24.53 0.91823
24.54 0.75314
24.543 0.72597
24.552 1.0884
24.555 1.2041
24.558 0.67945
24.563 1.3484
24.564 1.1172
24.573 0.62796
24.574 0.94439
24.58 0.94333
24.583 1.1269
24.588 1.2648
24.593 1.601
24.596 1.0537
24.606 0.88209
24.613 1.5138
24.619 1.6498
24.622 0.69159
24.629 1.1853
24.631 0.97943
24.636 1.036
24.643 1.2344
24.644 1.4485
24.649 1.8239
24.655 1.8971
24.66 1.51
24.665 1.143
24.669 1.6937
24.678 0.96547
24.686 0.71902
24.69 1.2297
24.695 1.6511
24.699 2.302
24.7 1.7796
24.706 1.3025
24.712 0.78191
24.717 1.0563
24.721 0.93208
24.73 0.82896
24.734 1.2888
24.741 1.5858
24.742 1.8123
24.747 0.76551
24.757 0.79557
24.76 0.78804
24.767 1.2301
24.772 0.9008
24.775 0.97311
24.781 0.866
24.793 2.6731
24.794 2.6557
24.802 0.76441
24.808 2.296
24.809 2.5969
24.813 0.86501
24.824 1.6165
24.825 1.0066
24.829 1.21
24.832 1.5878
24.837 0.8539
24.844 0.86117
24.854 1.4014
24.857 1.2535
24.863 1.0953
24.865 0.95056
24.873 1.0833
24.88 0.96975
24.884 1.4495
24.889 1.4147
24.894 1.2759
24.901 1.2305
24.904 1.2846
24.905 1.1178
24.912 1.2629
24.918 0.88737
24.928 1.1318
24.932 1.301
24.936 1.1613
24.941 0.92059
24.949 0.91942
24.954 1.2166
24.961 1.5207
24.967 2.5499
24.969 2.5458
24.976 0.95301
24.981 1.1306
24.989 1.2114
24.993 0.95001
25.002 1.2091
25.005 1.1586
25.009 1.2964
25.016 1.9825
25.022 1.7257
25.028 1.3384
25.033 1.5225
25.036 1.0112
25.041 1.3342
25.045 1.1989
25.054 0.58605
25.06 0.99953
25.066 1.1842
25.07 1.3769
25.076 1.0037
25.078 1.0336
25.082 0.84127
25.089 1.0173
25.099 1.0678
25.104 1.0431
25.108 1.0888
25.114 1.4989
25.115 1.4951
25.125 0.6517
25.125 0.7487
25.137 1.6825
25.138 1.2622
25.144 0.86736
25.148 1.9102
25.151 1.5952
25.162 0.47018
25.171 0.73438
25.179 0.62516
25.187 0.70596
25.19 0.95535
25.193 1.1392
25.2 1.066
25.204 1.1158
25.208 0.55066
25.211 0.59369
25.218 0.8766
25.227 0.74744
25.233 0.71874
25.239 0.64101
25.245 0.93695
25.252 2.1478
25.253 2.0562
25.257 1.4495
25.26 1.6192
25.266 1.5847
25.271 0.90142
25.276 0.77249
25.284 0.8319
25.287 1.0879
25.293 1.0389
25.296 0.9664
25.309 1.1304
25.318 2.0206
25.319 1.207
25.326 1.0915
25.333 1.3456
25.333 1.0456
25.339 0.86671
25.351 0.87252
25.358 1.8826
25.36 1.9065
25.365 1.4576
25.37 1.4493
25.375 0.85374
25.383 1.339
25.384 2.3271
25.389 1.4334
25.395 0.67366
25.403 0.48996
25.409 0.62723
25.416 0.47688
25.424 0.67893
25.426 0.38381
25.437 0.69028
25.438 0.72609
25.444 1.4941
25.448 1.2176
25.454 1.615
25.458 1.2203
25.465 0.9395
25.481 0.85419
25.483 0.84455
25.492 0.63717
25.495 1.2551
25.5 1.5153
25.505 1.255
25.512 0.86472
25.524 1.1208
25.528 1.4559
25.533 1.373
25.539 2.9421
25.54 3.2823
25.544 1.6963
25.548 0.84577
25.553 1.0391
25.561 1.1983
25.569 1.029
25.573 1.0897
25.58 0.74397
25.589 1.3236
25.593 1.8969
25.599 1.0563
25.609 0.51654
25.614 1.5404
25.616 1.8276
25.626 1.2456
25.628 1.3471
25.63 1.3707
25.644 0.62651
25.648 1.2175
25.65 0.79352
25.658 1.4777
25.663 0.87356
25.67 0.81113
25.678 1.5615
25.682 1.7693
25.697 1.0428
25.701 1.8591
25.705 1.478
25.707 1.3551
25.709 1.5638
25.723 0.57498
25.727 0.39418
25.732 0.76366
25.74 0.44341
25.749 0.85973
25.756 0.73635
25.76 0.61002
25.768 0.9194
25.772 0.69378
25.778 0.89949
25.788 0.86713
25.79 0.88537
25.797 0.85837
25.8 0.95448
25.807 1.3645
25.808 1.5483
25.816 1.5175
25.823 1.0685
25.83 1.2798
25.832 1.7535
25.841 0.82698
25.848 0.98208
25.857 0.59315
25.864 0.85874
25.868 0.69498
25.873 0.65961
25.876 0.80684
25.885 1.2981
25.887 1.4384
25.892 1.0649
25.903 0.65891
25.908 0.57365
25.916 0.71368
25.921 0.70217
25.928 0.65789
25.932 0.72593
25.94 0.61124
25.946 0.45784
25.957 0.50599
25.962 0.5669
25.973 0.79827
25.975 1.2918
25.982 1.976
25.985 1.4885
25.99 0.79142
25.999 0.52402
26 0.64726
26.01 0.47194
26.022 0.69074
26.028 0.76697
26.035 1.3154
26.036 1.963
26.041 1.7015
26.05 0.55822
26.053 0.92717
26.06 0.99113
26.069 1.0024
26.07 0.74935
26.071 1.0618
26.081 0.89381
26.085 0.79851
26.1 0.96278
26.101 1.0003
26.111 0.57882
26.123 0.48648
26.131 0.65169
26.139 1.4588
26.139 1.1349
26.145 1.5058
26.149 1.0812
26.151 1.152
26.159 0.78246
26.163 0.75471
26.17 1.0339
26.172 1.3575
26.188 1.1254
26.193 1.7639
26.195 1.4059
26.198 1.2395
26.2 1.0343
26.214 0.4758
26.227 0.46882
26.23 0.65515
26.235 0.60378
26.246 0.62726
26.254 0.58323
26.257 0.6159
26.266 0.75973
26.269 0.71844
26.272 0.73201
26.289 0.91331
26.29 1.187
26.3 0.82597
26.308 0.89833
26.312 0.96025
26.316 0.76196
26.331 0.64748
26.332 0.92658
26.335 0.83999
26.348 1.1028
26.35 0.91571
26.352 0.82115
26.357 0.7508
26.37 0.66574
26.378 0.75366
26.382 0.9762
26.387 1.0251
26.391 1.3725
26.393 1.3217
26.4 0.88735
26.409 0.45285
26.417 0.53024
26.423 0.67864
26.425 0.78167
26.433 0.69476
26.44 1.337
26.443 0.80661
26.449 1.1262
26.464 0.546
26.469 0.5462
26.476 0.75348
26.479 0.82002
26.49 0.48466
26.498 0.49613
26.507 0.56579
26.514 0.57583
26.522 0.66355
26.528 0.76345
26.532 0.84563
26.534 0.74096
26.542 1.4906
26.544 1.7786
26.549 0.97079
26.558 0.68089
26.569 0.5137
26.573 0.86237
26.575 0.74154
26.585 0.56492
26.587 0.79484
26.597 0.61895
26.605 0.72307
26.612 0.40225
26.619 0.76355
26.627 0.74459
26.639 0.43102
26.643 0.54434
26.652 0.63098
26.653 0.35571
26.668 0.37869
26.675 0.74826
26.677 1.1761
26.685 0.58655
26.686 0.87442
26.698 0.93339
26.698 0.73674
26.704 0.83357
26.715 0.59879
26.72 1.0364
26.725 0.77768
26.743 0.30982
26.747 0.50754
26.751 0.48944
26.758 0.33332
26.771 0.36127
26.776 0.35039
26.786 0.6901
26.79 0.63219
26.794 0.46123
26.809 1.0685
26.813 1.1478
26.815 1.0144
26.824 0.81432
26.83 0.79202
26.834 0.71311
26.84 0.36028
26.842 0.58787
26.85 0.4599
26.865 0.35377
26.872 0.85126
26.876 0.87169
26.88 0.48041
26.889 0.87995
26.893 0.73317
26.899 1.1094
26.908 0.88566
26.916 0.65198
26.931 0.55508
26.935 0.91829
26.939 1.2038
26.947 0.81583
26.959 0.6882
26.963 0.65373
26.968 0.59558
26.977 0.52874
26.99 0.5122
26.997 0.4976
26.999 0.38763
27.007 0.45666
27.014 0.42505
27.023 0.69937
27.026 0.65212
27.032 0.42707
27.045 0.86883
27.048 0.77904
27.055 1.4533
27.058 1.5636
27.061 0.696
27.074 0.42074
27.082 0.38746
27.091 0.32944
27.101 0.97427
27.103 1.0253
27.104 0.79492
27.107 0.84902
27.126 0.27533
27.13 0.33781
27.141 0.64235
27.147 0.66807
27.155 0.52486
27.161 0.91553
27.165 0.89027
27.175 0.37382
27.178 0.48874
27.187 1.0941
27.193 0.96708
27.199 0.98046
27.206 0.7714
27.219 0.58111
27.224 0.617
27.231 0.9545
27.237 0.8847
27.24 1.0471
27.255 0.75122
27.263 0.59127
27.271 0.50641
27.276 0.49677
27.286 0.42012
27.292 1.1509
27.297 1.0249
27.306 0.4131
27.313 0.60962
27.319 0.50306
27.33 0.33805
27.34 0.59194
27.342 0.28713
27.349 0.76928
27.352 0.74468
27.363 0.33636
27.365 0.25292
27.379 0.26666
27.384 0.3557
27.403 0.54779
27.407 0.58353
27.422 0.44313
27.426 0.56071
27.429 1.0757
27.434 0.93099
27.45 0.50486
27.465 0.48
27.469 0.52169
27.47 0.52625
27.489 0.56629
27.497 0.72493
27.503 0.8018
27.508 0.91693
27.513 0.91074
27.525 0.23007
27.532 0.3278
27.541 0.31887
27.551 0.51342
27.562 0.38875
27.575 0.16346
27.588 0.9562
27.591 1.1197
27.598 0.67101
27.602 0.68996
27.613 0.42847
27.624 0.51912
27.629 0.65344
27.634 0.4287
27.648 0.42333
27.655 0.36693
27.663 0.45414
27.668 0.55887
27.674 0.29148
27.678 0.29856
27.686 0.55263
27.695 0.55567
27.706 0.52748
27.718 0.57138
27.723 0.45354
27.733 0.29153
27.739 0.60933
27.744 0.45286
27.749 0.23375
27.757 0.2724
27.77 0.46647
27.776 0.70988
27.783 0.87325
27.788 0.65816
27.799 0.25823
27.802 0.51039
27.819 0.27009
27.825 0.49696
27.833 0.38631
27.843 0.40601
27.854 0.18446
27.866 0.24286
27.88 0.39726
27.887 0.36948
27.899 0.32179
27.909 0.34326
27.917 0.70227
27.922 0.47273
27.929 0.27267
27.942 0.24821
27.954 0.31138
27.958 0.53937
27.965 0.5017
27.969 0.23486
27.98 0.25412
27.987 0.21797
27.993 0.38786
28 0.51455
28.005 0.43222
28.016 0.18313
28.035 0.54345
28.037 0.61903
28.042 0.61865
28.043 0.67061
28.054 0.31137
28.06 0.24854
28.067 0.19469
28.076 0.19864
28.095 0.50324
28.099 0.52515
28.118 0.24169
28.125 0.18183
28.136 0.2385
28.156 0.19127
28.161 0.27193
28.174 0.20962
28.188 0.32967
28.196 0.56094
28.199 0.25674
28.211 0.31191
28.224 0.12295
28.24 0.14943
28.254 0.39953
28.261 0.30367
28.271 0.61627
28.274 0.55577
28.287 0.27916
28.291 0.26459
28.299 0.21808
28.315 0.16316
28.326 0.15307
28.33 0.15402
28.355 0.34453
28.357 0.30021
28.372 0.61103
28.376 0.6325
28.38 0.35737
28.394 0.21795
28.411 0.14459
28.42 0.12333
28.438 0.29367
28.445 0.22902
28.457 0.15682
28.472 0.16531
28.482 0.17098
28.49 0.19003
28.502 0.18056
28.511 0.19458
28.522 0.14454
28.534 0.16205
28.553 0.2736
28.555 0.21918
28.574 0.15008
28.595 0.28608
28.599 0.35128
28.611 0.2205
28.62 0.19159
28.633 0.2819
28.64 0.19753
28.654 0.10022
28.685 0.13356
28.697 0.14953
28.711 0.12203
28.723 0.15581
28.736 0.26322
28.743 0.12478
28.749 0.19573
28.773 0.094435
28.789 0.11814
28.796 0.11063
28.81 0.095228
28.834 0.13673
28.844 0.19565
28.857 0.17765
28.862 0.16228
28.881 0.51268
28.884 0.35068
28.891 0.17675
28.923 0.1022
28.935 0.10471
28.953 0.098601
28.976 0.13388
28.977 0.098252
28.983 0.064274
28.991 0.16638
29.004 0.25648
29.011 0.19002
29.031 0.078754
29.046 0.11274
29.059 0.16693
29.064 0.1353
29.076 0.11695
29.082 0.15217
29.095 0.057925
29.123 0.19604
29.129 0.16462
29.145 0.13734
29.152 0.17644
29.159 0.24237
29.166 0.2022
29.179 0.12329
29.19 0.23941
29.203 0.32877
29.206 0.15073
29.215 0.16407
29.23 0.62542
29.233 0.55024
29.245 0.17709
29.26 0.0906
29.272 0.12768
29.293 0.17639
29.301 0.19728
29.309 0.17952
29.331 0.12591
29.338 0.19815
29.344 0.13801
29.363 0.18458
29.37 0.22923
29.383 0.1394
29.401 0.093599
29.416 0.06477
29.427 0.077315
29.439 0.091361
29.462 0.028308
29.498 0.031038
29.521 0.027731
29.55 0.10835
29.557 0.14395
29.559 0.19541
29.568 0.059583
29.594 0.089398
29.613 0.071611
29.645 0.041188
29.655 0.051354
29.659 0.052959
29.669 0.014112
29.675 0.010467
29.705 0.010834
29.747 0.20037
29.75 0.21071
29.774 0.18115
29.776 0.16284
29.808 0.068929
29.819 0.37812
29.822 0.402
29.847 0.066655
29.88 0.051162
29.887 0.044585
29.893 0.10259
29.911 0.1561
29.917 0.14058
29.93 0.041414
29.97 0.03689
30.001 0.046055
30.017 0.071462
30.028 0.076446
30.05 0.058815
30.061 0.026009
30.079 0.065907
30.094 0.050018
30.098 0.019968
30.151 0.0477
30.155 0.072825
30.167 0.089018
30.188 0.048049
30.197 0.035178
30.261 0.020536
30.295 0.035298
30.304 0.026946
30.32 0.051783
30.323 0.025252
30.412 0.013313
30.416 0.015734
30.437 0.025127
30.474 0.017137
30.497 0.033247
30.5 0.048696
30.532 0.0068284
30.585 0.031678
30.591 0.029976
30.609 0.021621
30.632 0.003756
30.642 0.0039304
30.695 0.026211
30.748 0.03666
30.763 0.035428
30.776 0.019299
30.824 0.010115
30.843 0.021716
30.891 0.033139
30.948 0.0028597
30.981 0.019449
30.987 0.021852
31.01 0.018029
31.024 0.0079373
31.049 0.0020493
31.082 0.058684
31.085 0.095706
31.126 0.060554
31.164 0.022255
31.214 0.012162
31.254 0.05094
31.258 0.065035
31.279 0.022359
31.313 0.0092858
31.388 0.01302
31.401 0.0076901
31.412 0.0035127
31.465 0.0018229
31.582 0.016493
31.599 0.019763
31.626 0.0037222
31.644 0.0043068
31.686 0.0032685
31.732 0.016511
31.748 0.058899
31.762 0.058807
31.778 0.016354
31.849 0.00011198
31.956 0.001289
31.968 0.0029791
31.997 0.003469
32.057 0.00096884
32.11 0.0040138
32.12 0.0027453
32.15 0.0021357
32.154 0.0015662
32.329 0.013575
32.347 0.013789
32.414 0.00027173
32.498 0.00012027
32.661 1.8582e-05
32.678 0.00041141
32.817 1.2458e-05
33.212 7.1212e-06
33.433 1.9241e-05
33.441 1.221e-05
34.043 0
34.93 0
35.754 0
