2048 2048 12.688 12.688 12.688
1 1 6.5321 9.9956 8.4698
2 1 5.8097 7.9632 6.2363
3 1 2.9724 3.7535 9.9786
4 1 7.536 10.772 4.8599
5 1 8.7333 1.8121 7.3239
6 1 12.047 0.95794 4.6685
7 1 11.724 2.6693 10.655
8 1 5.8125 12.609 11.985
9 1 10.293 3.855 5.954
10 1 6.2763 9.2861 7.6554
11 1 0.61804 7.6372 9.2397
12 1 1.0315 3.9436 8.9444
13 1 5.5654 8.693 6.9868
14 1 12.019 4.5685 10.983
15 1 7.417 4.4359 1.4611
16 1 10.893 4.699 1.1633
17 1 2.3223 5.5023 0.58593
18 1 8.546 10.748 10.048
19 1 6.4559 0.99721 9.9641
20 1 10.152 6.304 7.3699
21 1 5.6927 7.1076 12.539
22 1 10.081 11.978 4.3787
23 1 7.6217 11.293 3.8264
24 1 2.5853 8.9448 7.7948
25 1 5.395 6.7605 4.8399
26 1 3.0841 8.6963 11.108
27 1 3.0046 5.6843 9.5617
28 1 3.5227 6.871 0.67708
29 1 6.9983 4.6388 9.6223
30 1 11.055 10.68 8.7743
31 1 7.2638 10.162 11.616
32 1 9.1624 9.5633 11.41
33 1 5.1756 2.8766 5.3402
34 1 7.5396 3.6119 0.36243
35 1 8.3045 11.36 6.9979
36 1 9.3087 9.6898 9.238
37 1 2.0895 8.753 8.7869
38 1 7.4785 1.1371 8.5607
39 1 0.5438 1.1803 0.60235
40 1 4.735 5.7834 3.2565
41 1 0.042695 1.6624 4.22
42 1 7.3444 7.2241 0.95107
43 1 12.681 11.541 8.3223
44 1 2.3536 10.063 11.025
45 1 5.3265 10.231 3.2013
46 1 3.6463 6.4201 6.7201
47 1 5.8854 3.8094 5.1384
48 1 4.6062 0.076936 5.7427
49 1 7.0369 4.6277 0.43425
50 1 12.364 2.5958 3.6916
51 1 5.1145 7.501 7.8106
52 1 10.504 5.4778 4.6928
53 1 3.6544 6.1621 1.4924
54 1 10.439 10.936 6.9404
55 1 12.681 3.5614 9.2912
56 1 4.5393 6.6088 10.305
57 1 0.0048269 0.021593 10.87
58 1 11.783 12.425 10.349
59 1 5.494 0.76374 5.9985
60 1 9.0227 11.28 11.433
61 1 1.6994 2.4963 4.1799
62 1 2.3046 7.1552 3.7255
63 1 7.2809 1.6318 4.0036
64 1 2.9666 4.6488 0.7747
65 1 11.511 10.634 7.0357
66 1 10.408 6.2917 6.2508
67 1 11.672 9.1181 3.9928
68 1 2.7889 6.0507 8.024
69 1 1.4711 4.474 5.1238
70 1 5.8657 2.9407 0.98336
71 1 1.6012 6.3686 3.9226
72 1 3.7028 2.0863 11.119
73 1 8.1501 10.758 0.94213
74 1 3.7823 5.0286 3.9237
75 1 8.8307 0.32091 7.7643
76 1 9.5334 10.341 2.3457
77 1 2.0984 2.6617 1.5188
78 1 0.13331 3.8484 8.2571
79 1 11.147 11.622 7.3358
80 1 11.5 12.664 11.369
81 1 4.9652 1.7867 7.4301
82 1 7.0883 1.2187 6.7776
83 1 0.4426 7.8458 11.087
84 1 5.6591 3.3059 3.2878
85 1 6.5897 8.5989 6.7812
86 1 0.17566 11.024 11.911
87 1 8.6442 9.1501 12.399
88 1 6.2959 1.162 1.4224
89 1 1.632 9.141 6.0235
90 1 1.8375 10.913 10.569
91 1 3.4825 11.856 10.326
92 1 4.1158 10.274 5.6249
93 1 6.6742 12.041 1.3046
94 1 12.424 1.1512 8.1811
95 1 5.4932 0.014754 5.161
96 1 4.9329 3.3711 2.4683
97 1 5.695 1.4267 8.181
98 1 8.2818 3.3795 12.303
99 1 4.805 12.075 2.73
100 1 12.079 6.2248 6.1979
101 1 8.5827 5.4394 1.2699
102 1 7.325 2.9757 12.071
103 1 0.86189 11.079 7.887
104 1 6.2327 11.493 6.2655
105 1 6.9757 2.4742 10.607
106 1 0.49646 3.5037 1.618
107 1 4.1522 7.1609 1.5513
108 1 0.4092 5.6269 11.955
109 1 7.917 7.5988 6.1785
110 1 11.975 8.2795 1.4818
111 1 2.2648 5.4398 8.8067
112 1 11.49 7.9263 5.6196
113 1 2.2371 1.3376 12.462
114 1 8.3794 6.718 11.235
115 1 6.2072 0.81129 0.33604
116 1 7.087 4.078 6.6519
117 1 0.7186 7.9547 0.27153
118 1 0.053047 7.4245 12.033
119 1 11.892 4.0945 6.9646
120 1 0.71995 10.916 0.77258
121 1 8.796 1.0958 12.674
122 1 8.4185 0.63797 9.1351
123 1 3.5288 4.8241 7.5608
124 1 2.4683 5.0234 7.8073
125 1 12.313 0.81087 11.467
126 1 9.8002 5.2684 9.5345
127 1 2.5694 11.613 6.8979
128 1 4.479 5.5356 12.544
129 1 8.8612 5.8332 4.0524
130 1 5.3157 2.3124 10.466
131 1 5.8945 4.2528 12.272
132 1 4.3247 5.3318 8.8213
133 1 1.9549 1.9333 6.8532
134 1 2.7375 5.7653 10.686
135 1 8.9831 0.064454 3.7168
136 1 2.8382 5.3609 3.542
137 1 3.4002 7.1979 8.7383
138 1 3.1682 1.4066 7.4521
139 1 0.60309 7.3594 2.62
140 1 3.6315 8.104 1.508
141 1 0.4195 7.7828 4.0688
142 1 11.95 10.541 2.819
143 1 3.8016 2.1604 7.9222
144 1 12.153 9.993 10.983
145 1 11.448 9.5648 2.9844
146 1 3.1135 8.0545 4.4954
147 1 2.3613 1.8586 10.685
148 1 5.1768 9.0157 0.66449
149 1 10.782 11.893 5.3145
150 1 4.038 0.90598 8.6898
151 1 8.3164 0.19521 4.5583
152 1 0.80451 8.6045 6.3616
153 1 6.0628 0.53736 10.912
154 1 2.825 6.1205 6.076
155 1 5.2112 11.859 5.8821
156 1 7.6036 11.883 2.7708
157 1 7.0599 10.566 0.99463
158 1 12.166 2.9754 8.5063
159 1 9.2371 2.9259 2.4966
160 1 0 8.3784 8.6928
161 1 1.8092 1.4268 8.6287
162 1 0.33733 9.5874 10.45
163 1 6.1796 0.093404 1.9194
164 1 2.2104 11.031 11.557
165 1 0.28136 2.2396 0.98264
166 1 11.739 6.4682 10.795
167 1 9.6358 10.526 8.6136
168 1 11.171 5.9646 5.396
169 1 7.8069 3.8509 11.454
170 1 12.457 12.303 6.1845
171 1 6.7525 8.9277 9.7381
172 1 10.381 6.6394 3.2704
173 1 6.0915 7.8178 11.069
174 1 9.9498 3.3321 11.426
175 1 1.3428 8.9452 8.0192
176 1 12.398 0.094391 4.1088
177 1 3.7544 5.3197 2.1899
178 1 8.8193 6.2049 8.7977
179 1 1.4712 1.3229 7.6054
180 1 11.546 2.5466 7.2564
181 1 8.1577 5.1089 8.7895
182 1 7.518 5.4487 0.97603
183 1 5.4728 1.2708 10.302
184 1 3.5285 7.0685 4.4336
185 1 2.0564 0.39972 1.6864
186 1 2.1658 7.0992 10.971
187 1 7.4899 9.3551 10.524
188 1 3.2747 4.7673 4.8995
189 1 8.7349 0.37375 11.712
190 1 2.5087 7.5047 9.3608
191 1 11.121 10.077 4.1425
192 1 9.7405 0.60657 11.48
193 1 5.7509 4.3402 7.8657
194 1 1.2132 12.436 1.9964
195 1 2.6633 9.0316 4.5117
196 1 6.1344 1.876 0.49583
197 1 12.686 6.1831 10.211
198 1 6.9643 5.9071 11.584
199 1 8.2206 9.5641 6.4332
200 1 1.5973 0.99271 10.723
201 1 4.3166 3.7412 12.482
202 1 5.4515 1.1393 3.4096
203 1 3.8216 10.17 6.6683
204 1 2.8031 12.589 9.9121
205 1 0.36306 9.7656 0.82777
206 1 10.527 0.46821 12.398
207 1 3.5463 2.4405 6.0791
208 1 12.408 3.4358 5.3584
209 1 6.8218 8.706 12.543
210 1 4.5932 4.2475 0.92014
211 1 1.8421 10.018 1.8556
212 1 1.0776 0.0040094 10.951
213 1 2.9509 3.6334 3.0476
214 1 2.3483 11.885 3.6961
215 1 0.81214 5.5365 1.8721
216 1 5.4295 2.5138 8.4592
217 1 9.5468 9.5386 3.0394
218 1 9.0129 3.9929 6.9972
219 1 4.5903 2.5794 12.47
220 1 2.5952 11.796 10.919
221 1 5.4342 11.344 4.4171
222 1 5.5751 11.812 1.9604
223 1 6.551 1.9104 2.2842
224 1 5.8665 5.2233 10.433
225 1 4.125 4.78 11.855
226 1 11.035 1.0997 4.4108
227 1 3.3744 7.3221 12.367
228 1 7.6218 5.539 9.6894
229 1 6.4609 0.96637 8.8842
230 1 10.984 6.8955 2.4209
231 1 11.899 2.666 9.5264
232 1 1.4363 2.8744 6.291
233 1 10.225 2.0141 2.7664
234 1 4.8618 8.1323 8.6455
235 1 3.551 7.7437 3.5284
236 1 9.2804 6.5505 3.3051
237 1 7.586 8.6594 6.2066
238 1 6.6926 3.1546 8.5685
239 1 11.444 6.4728 3.374
240 1 8.1858 1.6382 0.76259
241 1 6.9426 6.2542 1.5153
242 1 6.3263 1.5165 6.0252
243 1 9.7697 8.2504 1.0025
244 1 12.001 11.557 12.35
245 1 9.0297 8.3505 3.9971
246 1 11.254 4.8017 9.3884
247 1 0.97287 9.0175 3.3356
248 1 7.2689 1.9796 11.548
249 1 9.5824 11.95 3.3927
250 1 1.0673 5.737 6.748
251 1 2.1192 7.5944 7.0089
252 1 6.629 3.8717 3.1511
253 1 2.9195 11.672 5.8447
254 1 11.459 7.0969 7.7888
255 1 10.482 0.32025 0.80315
256 1 1.847 10.69 8.1422
257 1 12.311 6.3852 12.03
258 1 7.9404 12.485 7.1524
259 1 0.3594 4.0814 10.868
260 1 7.9917 8.6112 4.4388
261 1 9.4709 4.8716 3.926
262 1 3.8815 7.8919 0.46401
263 1 4.2142 3.5394 1.6692
264 1 9.6139 2.1494 1.8572
265 1 9.9452 2.5578 6.3535
266 1 10.469 9.7873 2.5124
267 1 9.4817 8.8157 10.625
268 1 3.0897 11.67 1.6878
269 1 1.5564 4.8013 2.2869
270 1 12.412 9.4399 5.744
271 1 8.1216 11.405 10.778
272 1 3.672 12.403 11.836
273 1 9.9041 6.8766 12.334
274 1 0.95035 3.82 5.8371
275 1 2.4786 7.1295 8.1386
276 1 0.66679 2.9728 8.6567
277 1 7.6815 7.2108 3.0502
278 1 1.3554 7.0632 0.034077
279 1 10.688 11.08 1.165
280 1 1.8132 9.6166 12.577
281 1 1.3558 4.982 9.2293
282 1 8.6057 3.7655 5.4018
283 1 10.667 5.5237 7.9256
284 1 8.3722 11.815 9.7991
285 1 4.9055 9.9201 6.3567
286 1 2.3832 1.0755 2.6738
287 1 9.3312 6.3532 5.7546
288 1 3.0968 9.3783 10.246
289 1 10.778 0.10999 10.509
290 1 9.651 6.0006 10.525
291 1 0.79417 11.987 5.9416
292 1 2.0067 1.7002 3.582
293 1 10.993 4.7499 2.9754
294 1 8.2204 4.7732 2.1657
295 1 12.499 9.9693 2.0826
296 1 8.837 5.041 6.9448
297 1 9.4485 10.145 5.4572
298 1 12.271 11.52 10.036
299 1 12.192 0.5021 1.9291
300 1 11.187 3.6212 2.7043
301 1 6.7131 4.904 7.6135
302 1 2.0597 11.963 1.5767
303 1 1.2919 11.329 5.1971
304 1 1.6013 7.3732 8.8388
305 1 12.379 7.2896 5.9807
306 1 1.8049 2.5118 5.2663
307 1 0.73947 4.7953 4.2377
308 1 5.3151 8.4144 2.6623
309 1 11.679 12.359 2.4657
310 1 9.4903 0.27287 12.47
311 1 10.738 10.724 11.203
312 1 3.0986 1.4516 8.5302
313 1 9.4591 5.8818 0.033875
314 1 12.001 1.4598 9.1078
315 1 2.4469 2.5717 6.1351
316 1 1.9576 4.3831 8.5606
317 1 6.9072 10.296 7.5279
318 1 7.562 3.8878 5.687
319 1 7.0526 11.855 5.6022
320 1 3.0156 5.6037 7.0244
321 1 4.4461 1.3826 0.29011
322 1 2.7585 0.83466 5.815
323 1 4.9054 5.6078 10.373
324 1 10.154 2.4742 12.057
325 1 8.4886 0.021298 0.085428
326 1 12.092 9.7785 0.33836
327 1 4.6634 7.7473 3.2994
328 1 12.362 5.6844 11.154
329 1 8.1795 1.7308 9.1373
330 1 11.45 5.3529 6.2248
331 1 0.5363 0.48351 5.944
332 1 4.0616 11.449 12.368
333 1 1.9117 3.4948 12.11
334 1 4.7423 12.011 4.9229
335 1 11.21 9.5886 8.8198
336 1 3.0902 7.6346 11.386
337 1 1.6851 6.3021 11.549
338 1 3.8142 4.5732 9.4115
339 1 4.8577 3.8956 5.3296
340 1 2.6598 6.6949 10.093
341 1 4.2411 6.7264 3.3966
342 1 8.2512 5.9451 7.0597
343 1 10.985 8.3813 3.5702
344 1 1.1419 6.6109 1.9099
345 1 6.5811 12.665 4.9732
346 1 1.847 2.9004 7.3107
347 1 0.14366 0.7774 9.1629
348 1 11.643 0 4.9041
349 1 0.63455 0.95919 11.14
350 1 3.7538 9.871 1.1097
351 1 3.4739 7.644 9.7457
352 1 10.783 2.652 11.184
353 1 7.8595 8.7882 0.37114
354 1 11.48 0.49228 0.49358
355 1 4.168 11.174 11.343
356 1 10.334 7.8913 12.096
357 1 4.2027 8.9052 11.266
358 1 10.424 8.1776 5.2757
359 1 2.5546 11.602 0.72511
360 1 2.3688 1.9943 7.8454
361 1 4.4668 0.24889 4.4645
362 1 1.1798 1.9498 1.5392
363 1 1.2879 12.308 12.434
364 1 2.1844 11.649 12.417
365 1 6.7947 0.58864 5.8281
366 1 8.0583 10.312 3.5954
367 1 9.0044 2.303 9.6735
368 1 5.6027 2.5477 7.094
369 1 2.6343 8.0902 12.448
370 1 12.068 2.553 0.39827
371 1 11.895 6.7263 5.1749
372 1 1.678 10.121 6.405
373 1 0.68348 9.759 6.213
374 1 7.6385 11.658 1.1286
375 1 6.9521 3.3152 1.21
376 1 3.5696 3.0631 0.080896
377 1 3.1142 11.809 9.1302
378 1 4.603 0.40258 0.82721
379 1 4.558 1.392 10.865
380 1 2.8868 12.666 3.2271
381 1 11.302 5.4752 3.7144
382 1 2.1502 2.4916 8.7513
383 1 5.8315 11.963 3.0508
384 1 11.997 2.2525 1.48
385 1 1.4165 0.66557 0.085988
386 1 3.9127 5.959 5.7778
387 1 2.0273 7.3065 1.2863
388 1 10.665 11.878 6.3672
389 1 5.9128 4.6652 0.60572
390 1 5.1314 5.8602 8.358
391 1 4.3517 7.3176 9.1548
392 1 11.974 4.6186 5.6086
393 1 1.7134 12.142 4.5154
394 1 0.72268 6.8518 3.6103
395 1 5.9574 11.795 9.4303
396 1 9.8378 8.7376 11.632
397 1 5.4182 1.0494 9.207
398 1 4.8499 0.40736 10.488
399 1 3.4496 12.247 7.0666
400 1 3.0632 7.1838 1.686
401 1 9.2371 12.197 1.813
402 1 0.16724 8.6655 0.94583
403 1 4.7921 10.61 7.243
404 1 2.5538 0.91564 10.217
405 1 5.4337 3.7978 9.8509
406 1 1.8016 4.4498 6.1663
407 1 3.8015 8.524 10.301
408 1 4.3012 3.9261 10.177
409 1 7.0095 12.459 6.5387
410 1 1.7089 11.097 4.2449
411 1 6.9737 9.1325 1.7625
412 1 8.8182 7.6958 10.951
413 1 0.59636 12.61 6.8458
414 1 4.9337 9.4661 11.942
415 1 7.2736 6.9661 11.325
416 1 11.281 11.404 2.7958
417 1 5.0849 2.0262 9.4244
418 1 0.96428 3.7076 10.056
419 1 6.9047 0.37762 1.0582
420 1 8.6318 6.9166 2.5364
421 1 11.746 4.1822 0.78441
422 1 3.2511 4.6381 2.8642
423 1 10.566 9.3447 3.5363
424 1 1.9003 2.3871 12.313
425 1 10.566 11.048 4.0493
426 1 7.0181 0.86942 11.429
427 1 1.3212 8.2452 1.3276
428 1 2.0809 3.0358 0.46565
429 1 8.2126 1.8161 11.021
430 1 3.6702 2.8792 9.7236
431 1 8.6274 11.515 3.5294
432 1 4.8585 10.481 4.1421
433 1 3.6471 8.7403 7.9262
434 1 2.1902 1.5125 1.7178
435 1 1.8709 2.0683 2.5711
436 1 8.0194 2.8232 5.6333
437 1 9.0976 2.6871 5.3292
438 1 0.38315 6.5625 6.5216
439 1 10.605 4.5124 7.5641
440 1 2.3898 0.6503 9.1313
441 1 7.0997 3.7508 2.1999
442 1 10.411 0.14724 5.7329
443 1 0.29416 12.497 8.7284
444 1 10.053 11.551 11.028
445 1 9.5279 4.3296 11.298
446 1 11.644 8.794 0.55606
447 1 2.073 3.5187 3.6696
448 1 2.904 1.9435 5.3349
449 1 12.305 11.74 4.3977
450 1 11.523 2.7622 5.4839
451 1 2.5876 10.169 12.057
452 1 2.9293 1.9612 4.1941
453 1 9.0564 10.53 3.315
454 1 5.1345 4.8828 5.0099
455 1 6.8547 3.4265 11.152
456 1 1.4242 12.638 0.9265
457 1 7.7637 10.437 6.8862
458 1 2.9101 5.3639 1.5365
459 1 7.299 6.3214 0.38372
460 1 6.3115 11.057 1.5593
461 1 0.25496 10.324 5.4323
462 1 2.0072 9.0353 1.5106
463 1 7.1144 6.5262 9.6699
464 1 0.054927 9.7694 7.6007
465 1 9.0948 7.7048 7.1833
466 1 1.2467 4.6933 10.344
467 1 7.7442 12.44 9.1711
468 1 5.3443 3.6688 0.35063
469 1 7.7344 7.3294 9.1732
470 1 3.0151 10.964 0.033049
471 1 2.9319 7.8272 5.5997
472 1 11.071 2.8659 8.1657
473 1 2.7681 9.0596 2.3535
474 1 10.052 2.9006 3.3444
475 1 3.5916 11.228 6.6667
476 1 10.584 7.0669 11.418
477 1 10.322 6.3723 1.7084
478 1 2.9908 7.9078 7.5435
479 1 1.4082 10.732 2.5003
480 1 0.75653 5.7286 3.5957
481 1 3.7408 7.1978 2.5639
482 1 5.353 10.121 2.1325
483 1 1.8012 7.9334 0.44132
484 1 2.6364 7.3408 2.7098
485 1 9.6979 10.196 6.5027
486 1 7.6619 2.1656 4.8677
487 1 3.2038 0.077825 10.937
488 1 9.7937 7.0066 2.4165
489 1 11.105 7.2479 10.397
490 1 12.095 9.4022 1.3063
491 1 1.0623 4.7063 3.2263
492 1 4.0989 6.527 12.47
493 1 9.8091 8.5385 3.2756
494 1 6.594 4.2917 8.628
495 1 11.96 7.1256 0.064789
496 1 7.9947 0.73652 11.029
497 1 9.6387 3.8796 8.8945
498 1 11.714 9.5902 7.2509
499 1 0.91438 1.8914 3.6412
500 1 0.77272 10.727 10.209
501 1 3.8606 1.5352 4.7966
502 1 11.407 7.7684 0.72481
503 1 9.7133 12.037 5.383
504 1 1.0222 6.5384 4.7765
505 1 10.693 5.7612 9.0551
506 1 2.73 1.9743 11.692
507 1 2.0476 12.194 9.2433
508 1 8.0231 6.3743 1.248
509 1 4.3835 6.0964 0.76703
510 1 3.5405 3.6323 9.0225
511 1 1.9499 10.664 0.13959
512 1 7.5523 7.8145 5.1118
513 1 10.522 0.87749 7.6132
514 1 7.8114 8.5507 11.995
515 1 4.6278 7.1063 0.52119
516 1 4.4953 1.5151 11.911
517 1 9.9838 1.1221 4.2011
518 1 0.021625 7.9666 6.8054
519 1 0.68745 10.608 4.4759
520 1 6.6251 11.75 2.328
521 1 0.14607 8.9926 9.566
522 1 4.5229 3.7993 6.3329
523 1 11.357 1.7601 3.0544
524 1 1.4841 7.111 7.7722
525 1 3.4341 3.4879 6.3115
526 1 7.5715 2.1044 0
527 1 8.7393 1.2462 6.4303
528 1 1.6076 4.8382 7.1621
529 1 4.727 10.219 8.2376
530 1 6.4568 10.79 9.2928
531 1 4.1231 7.3817 6.1486
532 1 8.3074 2.3409 11.963
533 1 8.3728 10.218 5.3167
534 1 2.477 7.0728 0.35967
535 1 10.038 4.4936 10.31
536 1 12.283 4.7784 0.1147
537 1 11.797 8.772 9.2415
538 1 6.6448 11.15 10.261
539 1 7.4688 7.837 0.064065
540 1 3.8181 10.712 7.6643
541 1 11.373 10.09 1.9628
542 1 12.518 7.5396 0.8991
543 1 9.6292 6.9631 6.6645
544 1 11.422 1.184 1.4153
545 1 10.044 0.95685 10.5
546 1 4.1962 7.816 11.214
547 1 8.8747 5.388 5.9061
548 1 5.267 8.0404 0.18908
549 1 8.337 3.4532 6.4108
550 1 12.065 6.6546 2.5265
551 1 1.3488 0.98899 3.164
552 1 4.9561 8.8969 1.7275
553 1 8.7518 12.47 5.4626
554 1 2.5323 3.742 1.1783
555 1 9.0508 6.7024 4.7646
556 1 10.784 8.4253 1.3609
557 1 10.054 3.6255 6.9986
558 1 5.2918 6.6858 3.4798
559 1 10.088 9.4493 12.399
560 1 0.7086 1.4817 8.5133
561 1 7.6036 3.1788 2.9822
562 1 1.6352 11.949 11.485
563 1 0.24582 3.1876 0.56289
564 1 5.0049 8.9046 4.8234
565 1 6.1701 12.258 7.1757
566 1 4.1585 5.4157 4.8809
567 1 11.052 1.9973 9.1343
568 1 5.3525 0.26565 2.6441
569 1 2.9854 4.1607 8.2666
570 1 11.836 12.196 8.0212
571 1 7.3422 11.995 10.135
572 1 3.3372 9.7466 11.221
573 1 2.1457 10.929 3.2703
574 1 8.4297 10.162 12.138
575 1 11.453 9.024 2.0453
576 1 0.62323 0.45261 1.4802
577 1 11.673 1.732 10.057
578 1 0.020716 6.8096 4.4228
579 1 4.1818 4.8747 10.756
580 1 7.0744 0.35644 7.4558
581 1 6.0241 12.211 4.1953
582 1 6.2983 5.1796 6.5853
583 1 9.5655 0.6204 6.9828
584 1 2.303 9.4648 9.5441
585 1 2.4882 12.558 7.4451
586 1 0.7304 3.4658 11.68
587 1 6.6781 10.868 5.4647
588 1 3.8401 5.8761 7.7229
589 1 2.7449 3.8051 0.10355
590 1 5.6041 2.477 2.5903
591 1 7.6468 7.6335 4.0391
592 1 11.657 3.9658 4.7698
593 1 11.502 9.8001 6.2007
594 1 3.5697 2.7521 2.8168
595 1 7.1454 4.6812 3.9417
596 1 9.4881 3.4072 1.5253
597 1 8.8835 11.558 0.99025
598 1 5.422 4.5433 5.9895
599 1 7.1165 11.989 7.766
600 1 8.2939 4.5093 6.1759
601 1 9.0693 7.3922 5.6437
602 1 8.5571 8.0936 12.663
603 1 6.1378 7.2938 5.3999
604 1 4.3823 12.003 6.5493
605 1 0.38981 7.9295 1.7193
606 1 5.9581 10.03 1.2179
607 1 8.8759 8.8209 2.6442
608 1 6.0897 10.998 3.6288
609 1 5.625 7.6113 3.9251
610 1 0.57521 5.1068 7.4704
611 1 4.6003 4.4746 2.0311
612 1 10.493 8.0463 10.014
613 1 9.0694 11.14 5.2588
614 1 6.1129 10.042 5.7559
615 1 6.4818 5.624 9.641
616 1 4.3246 11.43 4.1204
617 1 11.415 6.156 1.7461
618 1 10.22 12.201 0.097466
619 1 3.549 11.028 4.8496
620 1 11.84 5.3721 1.0328
621 1 1.4728 9.6375 8.8687
622 1 9.914 4.6137 4.9147
623 1 12.381 10.5 1.1912
624 1 6.8053 3.8377 7.6715
625 1 7.0245 10.393 3.9463
626 1 5.4992 9.0974 5.9354
627 1 4.1824 9.6052 7.51
628 1 6.4751 9.5756 10.723
629 1 5.4533 2.9105 4.2575
630 1 12.665 4.6771 11.804
631 1 10.737 1.9303 5.8993
632 1 8.8841 8.8585 0.75233
633 1 3.7503 0.49437 5.1849
634 1 6.3331 2.2865 7.8512
635 1 3.5387 1.0873 10.627
636 1 2.9612 4.9725 12.436
637 1 0.77758 5.9254 10.992
638 1 8.2706 5.9201 2.2374
639 1 8.9987 4.2105 12.332
640 1 1.1512 8.9739 0.50933
641 1 1.2967 7.6034 11.769
642 1 12.463 2.5118 4.7943
643 1 3.107 5.8267 5.0732
644 1 9.4392 0.60536 5.8093
645 1 6.0233 5.2073 8.4903
646 1 1.7204 10.893 7.1157
647 1 4.2496 6.2585 2.3703
648 1 7.2953 5.028 6.1581
649 1 10.61 8.741 2.6122
650 1 0.95059 9.3799 11.958
651 1 3.7881 5.9525 10.785
652 1 6.5792 5.1115 1.4175
653 1 2.2796 7.143 12.017
654 1 6.3288 4.0938 1.4746
655 1 6.0243 8.3809 5.3085
656 1 8.3026 11.909 7.9412
657 1 4.5054 2.3602 2.5416
658 1 8.9767 9.7463 10.322
659 1 4.2182 10.853 1.3586
660 1 2.3536 11.575 8.4251
661 1 10.96 11.852 8.6495
662 1 9.3483 3.3904 6.1453
663 1 1.7314 6.3151 8.406
664 1 1.6984 12.668 8.2999
665 1 10.136 11.057 5.0481
666 1 4.2293 3.9755 7.376
667 1 9.0265 9.1891 5.8383
668 1 10.258 9.7474 11.377
669 1 5.4427 7.284 10.458
670 1 4.5523 8.9353 6.6641
671 1 0.96749 8.8503 10.998
672 1 10.904 1.0332 9.7182
673 1 12.572 6.4102 9.0944
674 1 2.9662 11.668 2.7943
675 1 4.5902 7.254 4.2521
676 1 2.9482 8.7322 3.3895
677 1 11.152 12.164 0.80713
678 1 0.14498 12.376 2.1613
679 1 6.6511 7.1628 10.446
680 1 10.685 5.3855 10.11
681 1 10.126 6.0701 11.672
682 1 5.7939 2.853 9.4085
683 1 11.749 2.0155 8.1984
684 1 5.5989 6.3925 9.8978
685 1 4.8433 12.572 1.76
686 1 0.072127 9.0074 3.8775
687 1 3.821 9.4218 12.106
688 1 0.60514 2.7525 9.7842
689 1 4.0026 5.1025 1.1806
690 1 12.249 10.688 4.6555
691 1 2.5163 5.6707 11.778
692 1 5.1571 1.5251 2.4955
693 1 9.9732 8.046 2.0546
694 1 2.4978 8.1245 1.829
695 1 12.029 6.9828 9.8293
696 1 11.284 12.386 12.434
697 1 8.1536 8.3794 3.3806
698 1 8.7374 10.63 6.234
699 1 8.6448 12.294 2.7843
700 1 12.546 9.6462 4.6815
701 1 12.314 7.4046 8.8348
702 1 5.2441 0.78216 7.2699
703 1 2.4958 7.138 4.8213
704 1 10.572 1.9532 3.8236
705 1 8.9769 6.9002 10.278
706 1 9.9725 3.8472 4.113
707 1 12.222 7.7219 4.894
708 1 2.4909 9.8881 8.4392
709 1 12.023 4.4882 2.7564
710 1 6.1309 3.1255 10.384
711 1 8.7483 3.4165 9.6868
712 1 4.8212 4.7415 9.7152
713 1 1.6134 1.3214 9.7191
714 1 9.1284 11.369 9.1426
715 1 5.846 3.8038 11.277
716 1 7.3831 12.096 4.529
717 1 0.15999 10.453 8.4767
718 1 9.7651 12.554 10.666
719 1 6.4211 3.7386 0.38664
720 1 8.079 6.6566 4.3205
721 1 11.197 0.86773 5.463
722 1 7.9233 5.9174 6.0311
723 1 7.678 7.0574 1.9726
724 1 2.6519 10.401 10.094
725 1 6.2469 1.8578 3.3223
726 1 12.52 0.86216 12.537
727 1 6.1414 8.0748 10.013
728 1 5.157 0.69526 11.485
729 1 7.6103 4.3066 2.9771
730 1 7.7787 4.8092 7.0943
731 1 7.5972 10.589 0.038543
732 1 9.1397 4.8889 0.50653
733 1 3.6692 11.621 0.78686
734 1 8.5617 4.5353 7.8524
735 1 3.2077 6.7163 3.4184
736 1 10.069 0.21505 1.7754
737 1 7.185 6.4253 3.6625
738 1 3.0183 6.3322 12.494
739 1 5.6293 0.13193 0.99909
740 1 10.665 0.054355 2.7172
741 1 4.1479 11.885 9.4014
742 1 8.1146 10.944 2.7652
743 1 3.6265 2.5803 4.79
744 1 6.5612 5.1168 12.269
745 1 0.9508 2.0054 5.9008
746 1 5.9278 8.6055 4.2633
747 1 6.0504 0.93131 5.0887
748 1 7.8392 2.8439 11.127
749 1 1.7276 9.1589 4.9757
750 1 4.2612 9.7203 4.7059
751 1 5.3852 12.328 11.025
752 1 10.67 7.3817 1.5094
753 1 9.7739 1.0143 0.49915
754 1 7.7674 8.009 10.97
755 1 9.2098 1.7016 8.8263
756 1 2.5695 6.6116 7.0686
757 1 6.3113 5.7078 2.2821
758 1 12.572 2.3229 6.9232
759 1 8.5962 7.3499 3.6069
760 1 7.4971 6.109 10.637
761 1 3.4269 0.64612 6.7411
762 1 3.37 1.017 9.5465
763 1 4.2728 1.4401 3.0997
764 1 1.9843 1.576 5.8507
765 1 3.1085 10.741 1.1277
766 1 11.693 11.546 6.4268
767 1 11.494 5.1436 7.2806
768 1 6.8005 11.9 3.5208
769 1 9.2952 1.0604 9.6931
770 1 2.1224 8.2874 2.8428
771 1 11.258 5.0617 0.19811
772 1 3.6109 12.535 6.0321
773 1 0.70846 9.2985 5.2937
774 1 0.51856 7.4606 5.1427
775 1 12.514 11.878 7.2217
776 1 5.0838 11.985 8.7848
777 1 1.5491 6.902 2.9544
778 1 8.3201 8.1595 7.8705
779 1 1.7665 6.1547 9.4466
780 1 10.52 10.805 10.173
781 1 8.3175 3.1081 4.6012
782 1 0.36581 3.1549 3.0078
783 1 0.28583 5.6033 6.0533
784 1 2.6779 3.1034 7.9965
785 1 7.3495 9.515 9.0003
786 1 8.7709 12.342 8.7793
787 1 1.9768 10.856 1.2092
788 1 6.7714 7.2936 2.4508
789 1 4.0395 7.7329 8.0564
790 1 12.333 12.554 12.056
791 1 6.2266 0.56014 6.7747
792 1 3.2572 1.97 10.115
793 1 1.7896 8.2413 9.6996
794 1 5.6415 2.6975 12.66
795 1 3.0708 9.0126 1.2915
796 1 2.5542 0.95415 11.328
797 1 12.332 4.7324 7.797
798 1 6.785 5.9948 6.0353
799 1 1.8939 9.2453 11.503
800 1 9.3649 11.129 7.0632
801 1 8.4489 5.8629 5.0433
802 1 2.369 3.5437 6.6021
803 1 3.8976 8.0814 7.0317
804 1 9.0511 12.14 7.2112
805 1 12.6 5.8057 0.1999
806 1 9.1934 6.285 1.8328
807 1 5.324 6.3844 10.997
808 1 2.6049 12.598 6.3822
809 1 6.9899 11.705 9.0138
810 1 10.938 9.4298 1.1452
811 1 11.591 0.61662 7.6456
812 1 8.6706 9.3634 3.6767
813 1 2.8347 2.2718 0.13853
814 1 10.063 4.0707 12.22
815 1 12.41 0.56235 6.7676
816 1 4.4313 3.2849 4.4829
817 1 12.012 11.999 9.0827
818 1 8.2547 3.7311 3.6228
819 1 11.257 3.1689 0.72813
820 1 2.1462 3.9761 7.5689
821 1 6.9304 5.2088 10.561
822 1 11.724 4.471 3.7962
823 1 9.1732 1.2484 4.9647
824 1 3.9522 3.8108 2.6519
825 1 0.42743 6.2765 2.6429
826 1 3.0697 1.7947 1.1873
827 1 11.968 9.401 10.11
828 1 11.88 1.7554 12.275
829 1 4.7024 11.826 1.0119
830 1 10.193 4.9478 0.33146
831 1 0.50616 0.11476 0.32116
832 1 5.9059 8.8308 11.31
833 1 8.3784 7.0761 8.3179
834 1 7.8616 4.989 5.2637
835 1 5.0408 2.2189 0.70328
836 1 0.54062 4.8197 8.5469
837 1 10.17 2.0631 0.38368
838 1 3.5038 10.997 9.6917
839 1 12.45 4.6504 1.7911
840 1 3.9681 2.1369 3.8267
841 1 12.192 12.312 0.4166
842 1 12.003 3.5154 3.3292
843 1 4.3578 0.73845 2.2246
844 1 1.7339 9.2443 2.5904
845 1 10.327 3.1452 0.20333
846 1 9.8542 4.6324 6.7121
847 1 4.9642 5.8923 5.4127
848 1 7.8006 7.0875 10.387
849 1 8.0048 5.0631 10.587
850 1 6.0746 4.7303 4.5129
851 1 5.8836 5.6574 11.505
852 1 4.7551 2.9845 9.788
853 1 2.9727 3.158 5.4377
854 1 1.0171 11.109 11.2
855 1 7.7472 0.78145 0.26172
856 1 9.5418 1.7287 5.8492
857 1 7.9166 11.059 11.798
858 1 9.1652 11.893 12.646
859 1 2.0321 1.5944 4.7322
860 1 12.515 10.834 7.4746
861 1 10.229 11.207 9.1832
862 1 4.69 0.19578 9.2841
863 1 1.8769 4.1423 9.6573
864 1 9.6915 9.2379 4.1476
865 1 5.4674 9.6146 4.1145
866 1 7.6357 11.053 7.8232
867 1 9.0032 0.64348 10.668
868 1 6.9604 1.3132 12.413
869 1 1.5419 3.4364 4.6405
870 1 1.9418 8.061 7.9725
871 1 3.9113 2.2133 0.64617
872 1 12.477 7.2959 3.3499
873 1 12.548 10.755 0.18456
874 1 4.8036 2.7461 6.3888
875 1 2.7318 10.755 4.1858
876 1 0.36216 0.85824 3.6106
877 1 5.5658 7.314 0.93239
878 1 8.4394 8.3119 5.5553
879 1 1.9705 4.5706 0.18728
880 1 3.5017 9.0869 6.8883
881 1 10.448 2.904 4.3425
882 1 3.6241 8.3326 12.011
883 1 7.6555 2.5594 1.004
884 1 0.78466 9.717 2.5443
885 1 9.0826 6.6264 7.5869
886 1 4.8021 11.035 2.3151
887 1 8.5473 8.4782 6.6776
888 1 11.372 8.0241 12.35
889 1 4.3839 11.259 10.306
890 1 0.42271 4.7543 5.4251
891 1 8.9448 7.2344 9.2589
892 1 6.2588 9.2018 0.64176
893 1 0.5574 11.816 10.461
894 1 9.3033 7.4488 0.36128
895 1 9.3354 8.728 8.7308
896 1 2.8266 12.562 2.1895
897 1 4.4901 3.0799 3.4159
898 1 6.5967 11.037 8.2696
899 1 0.084399 1.7836 11.577
900 1 5.703 1.8352 4.2963
901 1 2.6682 4.6056 6.8091
902 1 3.5963 3.7983 0.83956
903 1 11.43 3.6103 11.084
904 1 3.5003 3.9774 10.889
905 1 4.6627 10.979 6.2416
906 1 2.2208 12.646 0.19254
907 1 9.3519 3.1807 12.347
908 1 4.9547 2.7462 1.624
909 1 5.2791 10.888 1.3375
910 1 0.23044 12.039 3.4797
911 1 11.625 3.8003 9.053
912 1 1.5085 0.28822 7.2573
913 1 11.582 6.0867 0.11197
914 1 4.4955 0.86463 6.4936
915 1 7.3577 5.3709 2.085
916 1 1.5115 10.278 11.765
917 1 11.263 3.0244 1.8006
918 1 2.3554 9.8641 5.5814
919 1 11.695 7.1965 11.655
920 1 0.39848 1.2894 7.3536
921 1 10.187 10.113 1.5322
922 1 6.0218 9.3687 4.9742
923 1 7.9267 9.7522 4.4614
924 1 9.667 3.9247 0.51748
925 1 11.552 0.81463 10.675
926 1 12.187 6.9238 7.0185
927 1 6.2828 4.2311 10.395
928 1 2.1963 8.1981 11.471
929 1 4.6306 5.6532 11.424
930 1 2.2645 10.821 5.1458
931 1 11.801 8.7173 6.2734
932 1 3.8665 9.0276 2.0674
933 1 5.6249 5.72 4.5445
934 1 7.3624 8.0892 1.8242
935 1 10.584 0.17847 4.6926
936 1 0.96852 1.9673 4.7596
937 1 10.902 5.8241 2.6999
938 1 2.1864 4.4926 3.1416
939 1 12.479 5.8936 7.2274
940 1 3.5878 7.0664 10.64
941 1 3.1923 10.679 3.1812
942 1 7.4857 12.498 1.8473
943 1 4.7786 1.0351 5.205
944 1 2.9598 0.52868 12.325
945 1 4.1951 1.1066 7.6324
946 1 0.95008 10.855 6.0756
947 1 9.1283 11.354 2.5672
948 1 12.04 12.134 1.4718
949 1 10.831 2.547 10.076
950 1 5.3116 11.575 6.9568
951 1 11.92 0.32757 8.6838
952 1 0.57868 9.9662 9.4472
953 1 9.4325 3.6234 10.49
954 1 1.9615 9.1612 3.6953
955 1 0.81943 0.5496 8.0466
956 1 4.3707 11.655 7.55
957 1 10.941 9.2197 9.8098
958 1 0.8871 1.9097 10.77
959 1 8.5843 6.7512 6.4313
960 1 2.6452 6.5039 8.9994
961 1 5.8309 10.344 7.7211
962 1 7.7145 2.6112 3.8905
963 1 5.0614 11.245 3.3588
964 1 4.2606 10.357 9.2423
965 1 3.316 11.552 3.8707
966 1 4.8852 10.338 10.195
967 1 1.6514 12.138 6.5977
968 1 6.1972 2.7516 5.0349
969 1 5.9029 10.95 2.5645
970 1 5.2292 4.7887 11.635
971 1 2.2051 3.13 2.4698
972 1 0.15337 2.547 2.0494
973 1 5.5807 3.5056 6.1315
974 1 9.9573 7.8685 11.015
975 1 9.4562 11.702 8.1299
976 1 1.0784 6.9636 10.889
977 1 8.4308 3.6666 2.4695
978 1 10.027 7.3518 7.6769
979 1 0.1619 2.2501 7.9471
980 1 11.045 8.9897 7.962
981 1 0.89813 4.8872 11.34
982 1 11.521 4.0656 1.7985
983 1 11.885 3.5208 12.602
984 1 8.8426 4.8224 4.9459
985 1 4.4767 3.9304 11.35
986 1 9.1214 12.61 9.7751
987 1 9.8904 9.3005 0.83773
988 1 11.525 4.3406 11.983
989 1 2.4665 9.8812 0.94145
990 1 5.0881 3.3067 10.756
991 1 9.7735 1.7198 7.0054
992 1 3.1766 9.9483 4.8529
993 1 3.4494 3.705 4.6652
994 1 5.7922 0.09582 8.8658
995 1 0.96622 6.0129 0.093752
996 1 9.3462 4.4214 5.8201
997 1 10.826 10.085 7.8876
998 1 9.8544 3.1066 9.6393
999 1 6.3438 8.2795 2.2215
1000 1 2.9295 1.6676 6.4598
1001 1 7.2999 9.3665 7.9251
1002 1 1.6075 10.232 9.7641
1003 1 10.658 6.5183 8.2704
1004 1 9.8179 2.0935 4.764
1005 1 8.0572 0.89866 7.2667
1006 1 5.2067 9.5829 7.3785
1007 1 8.0609 10.096 8.0712
1008 1 9.6299 3.5845 5.1124
1009 1 6.5402 9.4378 3.9573
1010 1 1.3394 12 3.4855
1011 1 3.9585 2.9387 7.0243
1012 1 9.2229 7.7504 8.2672
1013 1 12.647 11.015 3.6564
1014 1 3.9931 7.7843 5.1577
1015 1 7.3247 2.2574 8.5288
1016 1 2.0775 5.4972 6.4603
1017 1 1.2079 4.2743 12.17
1018 1 3.2909 5.1703 8.5541
1019 1 1.8942 0.23843 3.8026
1020 1 2.7565 4.5895 9.2873
1021 1 8.0767 9.4307 11.429
1022 1 10.263 3.9368 3.1062
1023 1 8.1174 0.13059 10.14
1024 1 11.213 11.876 4.361
1025 1 1.2008 0.58015 9.0515
1026 1 10.659 3.8036 4.9329
1027 1 11.327 9.8769 11.72
1028 1 5.7064 0.23256 9.9116
1029 1 6.372 6.7038 0.69721
1030 1 0.78154 3.1514 7.5924
1031 1 0.009171 12.447 5.1415
1032 1 5.4608 0.52821 4.2621
1033 1 6.4629 4.4238 5.8275
1034 1 6.7263 1.2953 7.8377
1035 1 5.7334 10.667 12.102
1036 1 6.2546 6.1996 12.37
1037 1 11.721 2.0163 6.3235
1038 1 0.54636 8.3877 11.989
1039 1 9.8888 7.3595 4.7794
1040 1 12.112 10.057 3.765
1041 1 8.1609 6.8544 5.399
1042 1 1.8847 11.732 2.5973
1043 1 4.7108 8.5634 9.6475
1044 1 0.93613 7.2512 1.0583
1045 1 4.0188 5.5472 9.8208
1046 1 10.547 5.9357 12.625
1047 1 8.3148 5.9525 0.30906
1048 1 8.6439 3.6261 0.6041
1049 1 6.3592 12.413 0.36117
1050 1 10.942 7.1934 5.0293
1051 1 8.9585 1.0967 3.9506
1052 1 7.0013 10.979 2.9819
1053 1 8.8098 4.2674 1.4543
1054 1 4.6313 1.7132 1.5761
1055 1 8.3821 12.035 11.88
1056 1 10.61 4.2558 11.315
1057 1 9.8912 4.9053 2.8859
1058 1 2.3086 10.738 9.1227
1059 1 1.1703 1.1597 6.5638
1060 1 7.0769 0.30808 10.503
1061 1 5.7873 7.4271 2.8628
1062 1 12.597 2.173 10.322
1063 1 0.94164 2.4012 11.785
1064 1 10.278 3.1559 2.2758
1065 1 1.0715 12.667 5.1621
1066 1 11.019 2.0141 2.0165
1067 1 0.81635 1.8796 2.5722
1068 1 0.23452 5.194 2.7301
1069 1 5.4185 9.7528 10.992
1070 1 3.1647 3.3377 1.9842
1071 1 7.3325 2.091 3.0117
1072 1 9.61 6.3476 9.5206
1073 1 9.9464 3.2086 8.0864
1074 1 11.54 2.9434 4.4165
1075 1 9.7028 5.2489 7.5787
1076 1 3.8721 12.428 3.7134
1077 1 6.0769 6.2193 8.8511
1078 1 11.67 1.9148 4.1257
1079 1 6.8384 7.9767 5.8987
1080 1 5.6765 8.6438 9.172
1081 1 1.7247 4.4264 4.0961
1082 1 9.8301 0.040693 7.9053
1083 1 1.0004 10.999 3.4706
1084 1 12.237 9.7872 9.1075
1085 1 12.462 4.6142 4.6048
1086 1 6.489 7.5652 1.4363
1087 1 8.0803 11.597 0.14269
1088 1 10.966 8.9008 6.8962
1089 1 4.1272 11.767 1.923
1090 1 3.6539 6.0555 4.1672
1091 1 7.1356 6.9523 5.6669
1092 1 11.397 10.239 9.6799
1093 1 6.3464 10.57 11.137
1094 1 6.773 9.1402 2.8269
1095 1 11.372 3.7702 5.8182
1096 1 10.685 8.0868 6.2967
1097 1 0.59721 3.8838 4.8099
1098 1 4.7057 2.2311 4.6072
1099 1 11.264 6.2534 9.8306
1100 1 0.81889 0.079656 2.9481
1101 1 9.2016 4.8865 8.6801
1102 1 4.4498 4.9839 5.864
1103 1 1.6734 0.49182 11.756
1104 1 7.9131 2.245 10.083
1105 1 6.6449 1.7888 4.8982
1106 1 0.093498 6.8937 1.7659
1107 1 5.8584 8.3984 1.2056
1108 1 2.1295 8.9024 10.511
1109 1 4.3024 11.221 8.5473
1110 1 7.7385 5.6289 4.1635
1111 1 8.1257 4.6021 0.68068
1112 1 5.2576 5.5472 6.4602
1113 1 7.1764 0.83355 4.7729
1114 1 3.7416 4.475 6.5902
1115 1 8.2293 6.4583 9.6492
1116 1 2.6719 10.501 6.6969
1117 1 3.2165 2.5871 8.7754
1118 1 12.483 3.5117 4.2602
1119 1 4.9942 12.127 9.998
1120 1 4.3514 0.10839 7.2834
1121 1 5.2257 12.356 7.7489
1122 1 8.508 10.39 11.083
1123 1 6.1082 7.4908 8.3258
1124 1 10.753 0.80718 11.365
1125 1 2.5495 12.428 11.794
1126 1 5.4334 1.7195 11.399
1127 1 12.676 8.8579 2.0821
1128 1 0.96171 5.6483 9.9666
1129 1 8.8218 2.4087 6.3563
1130 1 5.071 11.533 11.926
1131 1 4.0452 1.8396 6.8214
1132 1 5.0218 11.138 9.4405
1133 1 10.518 4.2755 2.1284
1134 1 3.6904 5.7817 3.1402
1135 1 5.1188 4.6536 8.6695
1136 1 1.3088 3.7918 6.8764
1137 1 1.4299 5.8313 2.6929
1138 1 4.2255 12.446 8.3213
1139 1 5.5653 5.398 12.52
1140 1 8.5552 10.427 8.987
1141 1 6.6084 4.683 2.4335
1142 1 2.8373 2.9742 12.007
1143 1 6.6439 10.148 2.0358
1144 1 10.146 8.3673 8.1296
1145 1 2.7661 9.1042 12.1
1146 1 4.3886 2.7794 8.7887
1147 1 3.641 6.1551 8.7323
1148 1 6.8779 0.054759 8.5034
1149 1 3.7157 0.84271 3.9351
1150 1 6.3857 6.1534 10.641
1151 1 9.2588 9.8696 0.16318
1152 1 7.5441 5.4297 12.478
1153 1 8.6793 2.6457 1.4489
1154 1 10.299 10.253 0.5007
1155 1 2.5327 9.4358 6.5866
1156 1 12.456 5.2473 3.7459
1157 1 7.0138 1.0269 3.1492
1158 1 11.107 8.0168 11.23
1159 1 9.2107 9.3257 6.8739
1160 1 0.15391 1.9309 12.645
1161 1 1.378 2.793 3.2202
1162 1 7.0697 0.81592 2.0863
1163 1 9.49 5.6616 4.9081
1164 1 0.4762 4.1698 2.4756
1165 1 8.3245 12.495 1.1248
1166 1 2.601 6.2194 4.2141
1167 1 2.7821 8.3689 6.5791
1168 1 9.1438 4.4088 9.6947
1169 1 4.4786 3.146 0.71596
1170 1 10.54 6.9245 9.3565
1171 1 2.5398 2.6105 3.3551
1172 1 5.2979 6.9356 8.764
1173 1 8.2641 1.7608 3.4972
1174 1 1.1815 2.8508 2.1669
1175 1 8.7162 0.15238 6.4836
1176 1 1.2031 6.3981 5.8374
1177 1 3.995 10.645 0.35273
1178 1 2.3356 6.2161 3.1268
1179 1 1.2707 1.0354 4.2369
1180 1 6.6546 2.29 1.3059
1181 1 12.445 5.8067 1.8662
1182 1 12.339 3.6792 11.608
1183 1 10.311 11.932 9.9706
1184 1 5.2394 4.0028 4.2737
1185 1 8.9629 3.9683 4.3582
1186 1 5.4187 6.951 6.8633
1187 1 6.6284 2.5884 4.0521
1188 1 7.926 1.3227 2.5759
1189 1 12.026 1.5351 2.2561
1190 1 11.487 5.0627 4.6986
1191 1 6.1874 3.1302 1.9889
1192 1 2.067 1.9119 0.74088
1193 1 0.37505 0.69627 4.7448
1194 1 6.0208 4.2109 6.8548
1195 1 1.5512 7.2939 5.3614
1196 1 11.268 0.16526 3.8397
1197 1 2.4836 5.3433 2.5142
1198 1 10.864 12.525 7.7945
1199 1 0.44686 4.4983 9.614
1200 1 11.161 2.7491 3.3908
1201 1 4.9323 4.5674 12.637
1202 1 0.88746 1.3377 12.159
1203 1 10.597 10.851 2.1996
1204 1 6.9462 9.8683 4.9195
1205 1 7.7131 12.358 11.095
1206 1 2.3108 8.8856 0.47289
1207 1 7.2489 7.912 9.9632
1208 1 7.1057 11.44 11.164
1209 1 6.3005 6.4953 3.0158
1210 1 8.8261 9.1786 4.795
1211 1 4.8883 3.6949 8.1459
1212 1 3.7718 3.2709 8.0523
1213 1 9.8149 10.303 7.5758
1214 1 1.8994 0.11195 2.7424
1215 1 11.622 7.7392 6.6944
1216 1 6.8326 5.4409 3.1874
1217 1 8.5205 4.6692 11.442
1218 1 0.64234 2.8181 4.1729
1219 1 6.6701 11.311 4.4616
1220 1 3.0416 6.5533 11.419
1221 1 8.8202 3.449 7.9212
1222 1 10.109 11.91 7.2834
1223 1 9.4677 4.0741 2.3352
1224 1 1.961 3.5211 5.6146
1225 1 7.978 1.2866 11.987
1226 1 5.9532 2.5151 6.0831
1227 1 6.2416 3.6501 4.1412
1228 1 5.3655 6.1512 2.4973
1229 1 10.663 11.955 3.4415
1230 1 8.932 11.696 6.186
1231 1 6.5747 2.831 2.9591
1232 1 4.9827 0.58761 8.2899
1233 1 0.24177 3.9331 12.515
1234 1 5.855 2.6963 11.318
1235 1 10.192 1.2798 8.9056
1236 1 1.7074 0.40173 6.008
1237 1 2.9233 4.317 3.907
1238 1 4.0473 3.0379 10.694
1239 1 11.199 1.1178 8.5018
1240 1 4.2841 6.7214 11.418
1241 1 6.4785 5.6216 0.5235
1242 1 7.8107 8.7565 9.6158
1243 1 10.062 9.724 10.305
1244 1 10.314 1.0547 6.3244
1245 1 9.1219 2.9128 8.7946
1246 1 2.799 4.1954 5.8088
1247 1 2.8695 8.5293 9.6154
1248 1 5.2541 12.622 6.6558
1249 1 10.576 1.876 8.0538
1250 1 8.6133 0.37573 2.0012
1251 1 7.0114 2.3634 5.7464
1252 1 10.68 6.2391 10.753
1253 1 11.139 6.733 0.81903
1254 1 0.39437 11.375 9.3371
1255 1 6.3979 10.108 3.0926
1256 1 4.6212 6.2769 9.2724
1257 1 0.61008 0.3117 11.959
1258 1 9.9991 8.278 7.0635
1259 1 1.4297 5.2529 8.1464
1260 1 6.9575 4.0792 12.125
1261 1 7.8875 0.20673 8.1985
1262 1 9.6198 4.2215 7.8715
1263 1 0.55523 6.2197 1.0706
1264 1 6.8862 4.1344 4.8749
1265 1 8.7349 2.7918 10.575
1266 1 9.6893 11.17 1.6593
1267 1 7.1019 1.4574 0.77829
1268 1 5.185 4.4232 10.662
1269 1 6.4907 3.6826 9.5267
1270 1 1.8206 5.2997 11.048
1271 1 11.771 5.6588 9.0213
1272 1 3.8582 2.5338 1.676
1273 1 0.73624 0.56143 10.091
1274 1 6.7329 10.541 6.5083
1275 1 8.7875 8.5396 11.564
1276 1 10.952 8.004 7.5057
1277 1 0.30548 0.9202 2.521
1278 1 3.429 3.0541 3.8277
1279 1 2.8416 7.9711 0.81632
1280 1 11.912 8.5371 7.3582
1281 1 5.0508 8.6653 3.6884
1282 1 0.056004 2.192 9.035
1283 1 12.085 7.5972 10.724
1284 1 0.50595 7.1278 7.395
1285 1 5.3362 5.0595 2.6785
1286 1 12.081 10.907 9.0903
1287 1 9.6577 7.4647 3.7288
1288 1 7.1483 1.7139 9.4728
1289 1 7.9344 4.4202 12.356
1290 1 8.4526 4.0412 10.562
1291 1 6.9905 2.7516 9.5382
1292 1 1.937 12.109 5.5658
1293 1 2.4373 10.008 2.7888
1294 1 3.3387 6.8598 5.5172
1295 1 10.15 5.2172 11.062
1296 1 7.2551 9.5441 0.80404
1297 1 2.6125 8.8347 5.6086
1298 1 4.7108 2.7558 7.7209
1299 1 5.1684 3.3501 11.948
1300 1 1.6396 3.3307 8.2921
1301 1 9.3678 8.2687 5.0216
1302 1 9.4862 6.8447 11.262
1303 1 11.469 7.5214 3.1727
1304 1 4.2281 10.044 2.0766
1305 1 10.911 3.3944 12.008
1306 1 6.3786 7.7894 0.37491
1307 1 7.8212 0.28271 2.7523
1308 1 12.091 9.1304 8.231
1309 1 9.9451 8.8844 9.6106
1310 1 1.6473 11.969 10.393
1311 1 11.623 8.1409 8.3766
1312 1 11.053 11.555 11.796
1313 1 1.5148 7.9479 10.719
1314 1 3.1269 6.2789 2.3907
1315 1 7.9606 12.354 3.6651
1316 1 11.217 6.1969 11.743
1317 1 7.8943 3.78 7.3314
1318 1 3.8712 3.0964 11.724
1319 1 4.8426 7.0925 2.4924
1320 1 10.946 1.3612 0.15644
1321 1 2.3293 4.4454 10.61
1322 1 3.1275 9.1125 8.7814
1323 1 3.8246 12.505 2.6308
1324 1 5.678 9.0782 10.173
1325 1 10.073 2.3901 8.8668
1326 1 1.1669 3.9495 0.60671
1327 1 7.7323 6.1477 8.7618
1328 1 1.6955 1.6511 11.538
1329 1 6.3465 4.7152 11.329
1330 1 8.8758 8.8194 9.683
1331 1 9.2471 10.428 1.0415
1332 1 10.938 10.919 5.9612
1333 1 10.153 9.4163 8.5335
1334 1 4.595 5.0925 7.7905
1335 1 8.3306 9.2472 7.5073
1336 1 4.2973 2.1226 10.184
1337 1 12.383 8.0118 9.7185
1338 1 6.6824 6.9379 7.5245
1339 1 1.5134 5.3308 12.142
1340 1 8.9599 5.5589 3.0264
1341 1 10.865 11.339 0.14219
1342 1 8.8677 10.873 0.094956
1343 1 6.3642 6.2717 5.0931
1344 1 3.1667 1.7686 3.1369
1345 1 3.2644 10.864 8.6226
1346 1 6.0906 9.664 9.354
1347 1 9.1209 5.0309 10.586
1348 1 6.1912 8.3159 3.2828
1349 1 3.0895 9.8753 7.4975
1350 1 1.209 8.5048 4.2813
1351 1 7.2217 8.1654 2.8885
1352 1 6.9295 11.462 0.36621
1353 1 6.7509 2.2163 6.8052
1354 1 4.4459 7.6528 10.182
1355 1 7.4757 1.3897 5.6544
1356 1 6.3377 2.1131 12.082
1357 1 10.836 1.66 10.669
1358 1 5.1039 8.3283 10.701
1359 1 9.299 2.8966 7.1566
1360 1 10.871 4.0674 0.2091
1361 1 0.84678 5.8487 8.8369
1362 1 10.476 12.437 11.566
1363 1 11.018 3.6914 3.8458
1364 1 0.038825 2.7692 11.184
1365 1 7.3925 10.017 5.8702
1366 1 1.5677 3.1348 9.3853
1367 1 4.4375 8.6685 12.625
1368 1 0.18965 11.371 5.2805
1369 1 4.6836 1.2854 4.123
1370 1 4.7335 8.0094 1.1456
1371 1 0.040509 5.429 9.4329
1372 1 4.638 10.963 5.0576
1373 1 0.88932 4.5245 1.5074
1374 1 3.3623 4.028 11.968
1375 1 10.787 5.7271 0.9577
1376 1 0.30712 5.7189 4.6144
1377 1 5.478 9.9509 0.18289
1378 1 0.14664 1.4074 1.589
1379 1 8.4759 1.2308 8.2057
1380 1 8.7595 5.6017 7.9365
1381 1 10.739 5.1121 11.967
1382 1 7.7788 9.9788 1.683
1383 1 6.4182 7.0784 6.4475
1384 1 7.2846 6.2861 2.6039
1385 1 8.0523 2.7999 9.1789
1386 1 12.197 5.6059 5.324
1387 1 2.1722 6.609 2.0977
1388 1 10.694 7.3745 3.9803
1389 1 4.6908 8.5658 7.6573
1390 1 2.3211 5.1259 5.4903
1391 1 0.77318 10.229 12.587
1392 1 5.3917 6.2735 0.45532
1393 1 6.1593 6.1604 6.9518
1394 1 1.3051 1.0056 2.121
1395 1 1.9661 2.7161 11.281
1396 1 11.687 11.176 8.1032
1397 1 9.9859 1.3664 12.224
1398 1 11.492 8.3812 10.248
1399 1 10.536 5.4217 6.8449
1400 1 6.0386 11.559 11.381
1401 1 6.2321 7.1365 9.4263
1402 1 12.371 8.1838 0.032738
1403 1 8.2237 7.0708 0.32367
1404 1 12.438 6.6638 8.0382
1405 1 1.7453 6.2079 10.488
1406 1 6.6431 10.023 0.024432
1407 1 4.6834 1.7215 8.4607
1408 1 2.3848 0.81158 7.9647
1409 1 0.20937 5.2254 1.0225
1410 1 10.573 8.8539 10.782
1411 1 6.7529 2.7279 0.28959
1412 1 9.4973 11.104 4.1288
1413 1 12.097 1.5103 0.64648
1414 1 7.1799 2.846 7.5622
1415 1 8.6225 7.2378 1.5208
1416 1 3.4258 6.8933 7.6875
1417 1 4.9539 5.0054 3.9423
1418 1 1.8619 8.0715 6.0823
1419 1 9.482 1.0688 2.0483
1420 1 8.0505 5.6967 11.49
1421 1 7.833 1.994 6.4914
1422 1 4.1969 12.348 0.17925
1423 1 0.83893 11.533 6.9327
1424 1 6.2182 2.0411 9.9684
1425 1 11.731 11.092 1.8391
1426 1 11.069 11.748 10.741
1427 1 10.976 8.9995 5.6698
1428 1 3.4436 0.78404 2.8352
1429 1 0.42305 9.3679 8.5506
1430 1 5.5793 11.331 10.377
1431 1 5.0247 9.6 9.3941
1432 1 1.2353 7.905 3.3296
1433 1 4.6669 10.496 12.158
1434 1 7.1777 9.5081 6.8249
1435 1 6.0563 0.41926 7.8754
1436 1 1.346 9.8779 10.749
1437 1 0.024002 6.7875 11.127
1438 1 6.6249 3.3714 5.8211
1439 1 5.184 10.776 11.176
1440 1 3.0628 2.8466 1.0147
1441 1 2.7975 12.565 1.1059
1442 1 9.847 2.5986 10.589
1443 1 8.2125 2.7535 7.2412
1444 1 4.7751 9.357 2.6724
1445 1 7.0058 9.1156 11.568
1446 1 3.9988 11.488 3.0505
1447 1 7.9855 3.5001 1.4911
1448 1 9.5433 10.581 9.7696
1449 1 5.9119 5.3984 5.5803
1450 1 4.2158 8.2898 4.2407
1451 1 5.2043 7.8468 4.8807
1452 1 11.989 1.5036 7.24
1453 1 0.7338 10.434 7.0314
1454 1 1.4645 6.7545 6.7903
1455 1 7.9294 0.75988 3.6987
1456 1 9.4438 12.241 11.667
1457 1 3.0458 0.83866 1.7828
1458 1 5.7531 9.2671 3.1333
1459 1 12.611 5.641 8.3011
1460 1 7.5781 8.5732 7.2583
1461 1 9.2694 7.6647 11.95
1462 1 2.5836 2.7409 9.7302
1463 1 7.8922 9.2198 5.3729
1464 1 0.11269 4.1847 0.86416
1465 1 3.6478 6.5819 9.6878
1466 1 6.6755 12.64 9.5383
1467 1 1.0831 3.0801 12.626
1468 1 3.943 3.9911 3.6845
1469 1 8.4539 8.1325 8.9379
1470 1 10.942 2.9315 6.3935
1471 1 5.924 4.5907 3.4662
1472 1 8.5651 5.9544 10.536
1473 1 9.9077 7.8401 9.102
1474 1 11.369 10.343 0.89199
1475 1 4.0714 8.6694 3.1544
1476 1 8.8652 9.5848 1.6248
1477 1 11.511 0.75311 12.134
1478 1 1.2403 11.734 8.6457
1479 1 11.758 2.7201 11.744
1480 1 1.4908 3.9671 11.127
1481 1 2.1533 0.082139 10.868
1482 1 1.9861 10.027 4.4093
1483 1 11.247 11.418 9.6377
1484 1 8.755 10.921 8.0345
1485 1 10.504 9.9794 5.7448
1486 1 11.52 9.8414 5.1136
1487 1 8.2049 6.3069 3.3104
1488 1 7.5847 9.3285 3.5326
1489 1 6.0207 10.427 4.6297
1490 1 2.6589 6.3481 1.1414
1491 1 10.954 4.4368 6.5648
1492 1 5.9868 1.5397 7.0961
1493 1 11.848 11.709 5.3733
1494 1 9.6885 5.6347 1.1012
1495 1 8.4598 1.837 5.5243
1496 1 3.9058 1.8922 9.1977
1497 1 1.1947 11.216 12.264
1498 1 0.45217 10.047 3.5375
1499 1 10.546 10.462 12.198
1500 1 1.4777 11.632 0.58401
1501 1 11.516 6.7118 8.8571
1502 1 6.8358 5.1791 5.151
1503 1 12.438 10.406 9.9818
1504 1 6.9786 10.052 9.8516
1505 1 4.0543 4.3534 8.3799
1506 1 4.5713 0.44707 3.3373
1507 1 0.003769 9.1796 11.477
1508 1 8.6262 10.667 1.8786
1509 1 9.7706 5.8002 8.4986
1510 1 10.401 2.6267 7.3125
1511 1 12.183 6.4503 0.96209
1512 1 2.8322 9.7996 3.7503
1513 1 5.2388 12.251 0.14314
1514 1 0.11264 11.297 1.7552
1515 1 0.71313 11.685 4.3659
1516 1 3.165 7.3723 6.5987
1517 1 12.131 11.814 11.226
1518 1 10.848 4.7395 5.5088
1519 1 10.631 4.6702 4.0165
1520 1 11.805 1.7399 11.161
1521 1 1.0063 8.4989 2.3853
1522 1 8.1147 11.663 5.1638
1523 1 7.8143 9.0037 2.4896
1524 1 3.6756 2.1482 12.201
1525 1 7.4415 7.5586 8.0633
1526 1 12.586 1.742 3.1273
1527 1 10.234 5.6137 3.607
1528 1 8.4657 2.6003 0.33168
1529 1 5.3871 5.5325 9.3404
1530 1 11.831 12.038 3.4822
1531 1 6.7297 8.2949 7.8331
1532 1 8.369 9.2562 8.7568
1533 1 6.9171 6.8243 8.6138
1534 1 9.2669 3.6328 3.3304
1535 1 12.644 4.0444 6.1816
1536 1 4.6994 2.4843 11.377
1537 1 6.8212 8.5115 10.734
1538 1 1.8569 8.7126 7.0274
1539 1 4.2793 4.3879 4.6026
1540 1 3.7815 0.031033 1.5387
1541 1 8.0728 9.8206 9.7384
1542 1 3.7699 10.377 4.0178
1543 1 4.4603 2.0525 5.6263
1544 1 3.8831 1.1099 1.1863
1545 1 11.852 5.3743 12.024
1546 1 3.688 12.145 4.7728
1547 1 8.5209 9.8637 2.644
1548 1 0.50875 11.991 11.601
1549 1 9.7479 1.1055 3.1349
1550 1 1.9773 11.163 6.1069
1551 1 3.8361 4.1632 5.5638
1552 1 3.6075 8.8477 5.0566
1553 1 4.2819 10.463 3.0713
1554 1 6.0827 9.6279 6.7047
1555 1 5.9343 10.327 10.159
1556 1 7.8139 3.2837 8.2691
1557 1 5.7262 6.5748 7.8431
1558 1 5.3346 0.82803 1.7538
1559 1 7.3153 1.4123 10.508
1560 1 1.3058 2.2941 8.0543
1561 1 5.7375 8.9623 12.427
1562 1 10.152 12.009 1.191
1563 1 8.7492 12.277 10.839
1564 1 9.4822 0.23551 4.7128
1565 1 4.4198 9.6916 0.23823
1566 1 5.9338 9.2424 2.034
1567 1 1.4348 3.7924 2.7594
1568 1 7.9523 12.08 6.1716
1569 1 6.0224 7.7442 7.2579
1570 1 1.4086 5.5241 4.645
1571 1 1.1345 2.0481 0.3078
1572 1 7.2697 3.5804 3.9515
1573 1 10.894 1.7111 6.9966
1574 1 7.8488 0.78637 1.3622
1575 1 0.75348 2.9063 5.2905
1576 1 3.1376 10.628 5.767
1577 1 11.596 10.844 10.529
1578 1 3.2735 5.1512 5.9647
1579 1 11.733 7.1992 1.6152
1580 1 4.8513 9.8981 1.1943
1581 1 4.3494 7.0722 7.1817
1582 1 6.0467 11.764 5.1987
1583 1 2.5183 11.463 9.9217
1584 1 3.1932 10.036 9.3054
1585 1 1.2893 5.3497 5.7196
1586 1 12.357 11.544 2.6929
1587 1 8.8675 0.80104 1.041
1588 1 12.398 0.19511 3.0343
1589 1 10.373 10.068 9.341
1590 1 7.6269 0.038804 5.3692
1591 1 7.5727 4.386 8.2204
1592 1 1.9747 9.8246 7.4419
1593 1 8.2222 2.4368 2.4338
1594 1 1.2499 9.2041 9.9
1595 1 8.5408 7.6432 4.6752
1596 1 9.4293 0.51246 8.7812
1597 1 1.1136 4.1949 7.8798
1598 1 2.2848 7.0313 6.0598
1599 1 9.1359 9.6787 8.1244
1600 1 1.8774 5.9044 7.4321
1601 1 0.18404 9.1563 12.648
1602 1 5.1335 6.3352 12.076
1603 1 2.6231 7.8862 10.425
1604 1 1.9999 3.3583 10.389
1605 1 4.2844 4.8591 2.9925
1606 1 5.6972 3.731 8.8088
1607 1 9.4142 7.9052 10.044
1608 1 4.473 9.1559 8.556
1609 1 1.1698 11.393 1.6544
1610 1 9.5416 1.1667 7.9316
1611 1 7.2423 11.452 6.8172
1612 1 0.75239 6.6389 11.911
1613 1 12.425 0.5347 0.92319
1614 1 1.9961 0.47294 4.8953
1615 1 10.369 5.313 1.9129
1616 1 0.85039 0.030193 4.0838
1617 1 7.4803 3.7569 9.1561
1618 1 10.089 0.17154 3.7026
1619 1 9.4239 5.8896 6.7174
1620 1 0.82637 6.6299 9.5685
1621 1 2.6972 0.93457 3.7014
1622 1 9.8741 6.4279 4.1848
1623 1 5.9366 4.6432 9.4387
1624 1 3.1809 3.766 7.2921
1625 1 6.2892 12.165 10.436
1626 1 9.8245 4.571 1.346
1627 1 11.442 5.1086 2.0217
1628 1 9.0136 1.4165 11.632
1629 1 5.6701 10.618 6.6208
1630 1 11.802 1.756 5.2987
1631 1 11.941 1.0048 3.6124
1632 1 8.1188 7.9738 0.98436
1633 1 5.5607 10.906 5.5686
1634 1 2.0723 6.199 5.2211
1635 1 8.7648 10.225 7.2255
1636 1 5.0593 2.1609 3.4904
1637 1 11.878 9.0591 12.212
1638 1 12.494 6.2637 3.501
1639 1 11.426 12.574 5.9476
1640 1 8.949 11.967 4.4912
1641 1 0.21718 8.5333 4.7788
1642 1 1.1128 10.669 8.8785
1643 1 9.1996 7.8033 2.806
1644 1 10.179 7.2769 5.824
1645 1 0.9947 9.5682 4.2986
1646 1 6.2991 2.0382 8.8929
1647 1 11.901 0.59014 9.7081
1648 1 10.341 2.6617 1.2799
1649 1 3.4929 1.2142 11.72
1650 1 9.5327 8.2297 6.1033
1651 1 10.744 7.546 8.4925
1652 1 12.129 4.3302 9.9347
1653 1 9.561 8.5054 12.648
1654 1 1.4839 1.0459 1.056
1655 1 0.43534 3.155 6.5476
1656 1 7.5727 9.5474 12.417
1657 1 5.5789 10.485 8.8041
1658 1 6.5467 7.8052 4.5522
1659 1 1.9831 6.2162 12.568
1660 1 8.1075 7.5065 11.894
1661 1 11.216 10.898 4.9057
1662 1 10.608 8.6222 0.27212
1663 1 2.8908 8.1026 8.5606
1664 1 8.1288 1.2572 4.6214
1665 1 3.5089 0.36504 0.53819
1666 1 2.4745 10.903 2.169
1667 1 11.155 0.20189 1.6737
1668 1 5.8995 3.2718 7.8536
1669 1 9.3127 11.536 10.256
1670 1 6.7807 0.27663 12.305
1671 1 10.091 6.5598 0.66528
1672 1 10.095 9.1311 6.3113
1673 1 6.1634 6.6316 4.0913
1674 1 5.6563 5.3604 7.4841
1675 1 11.634 9.0227 11.111
1676 1 4.7001 6.1535 4.2723
1677 1 6.294 11.215 7.2956
1678 1 7.3916 10.999 1.9551
1679 1 8.8549 6.6395 12.221
1680 1 3.9365 9.308 9.5101
1681 1 6.0086 8.0041 12.086
1682 1 11.941 5.6045 2.8363
1683 1 1.5887 3.7143 1.6733
1684 1 9.856 11.177 6.068
1685 1 5.7426 6.3979 5.9628
1686 1 11.548 10.577 12.55
1687 1 2.9693 2.8245 10.766
1688 1 0.93458 2.2009 7.0212
1689 1 3.3831 11.78 8.0375
1690 1 0.15059 1.5495 5.2957
1691 1 2.7413 12.572 8.4777
1692 1 4.9063 7.8849 6.7847
1693 1 3.8989 0.16285 10.107
1694 1 6.7817 7.9615 9.0068
1695 1 1.1894 1.0873 5.3381
1696 1 7.7443 11.024 5.9471
1697 1 3.737 1.3135 5.8663
1698 1 8.9445 8.3052 1.6938
1699 1 0.69156 6.8701 8.4977
1700 1 10.221 1.1554 5.2288
1701 1 8.6364 5.2559 12.305
1702 1 1.714 11.813 7.6213
1703 1 10.937 6.3664 4.3192
1704 1 2.4009 5.1669 4.4623
1705 1 12.255 4.6283 8.8905
1706 1 6.301 3.2583 12.097
1707 1 11.218 7.956 2.2298
1708 1 0.78376 4.7081 6.4636
1709 1 9.1236 10.119 4.3938
1710 1 8.3943 8.7996 10.608
1711 1 3.559 9.6391 2.939
1712 1 1.0298 2.9691 10.796
1713 1 2.5804 2.9846 4.4826
1714 1 10.923 10.47 3.1787
1715 1 10.497 3.7094 1.2219
1716 1 11.718 7.13 4.1694
1717 1 10.047 7.0312 10.319
1718 1 2.8347 12.611 5.3064
1719 1 11.868 10.161 8.1517
1720 1 6.0831 10.803 0.47924
1721 1 0.30506 7.2699 10.205
1722 1 7.1374 7.6896 6.9358
1723 1 8.5887 1.5888 1.7739
1724 1 7.5158 10.501 10.653
1725 1 11.911 2.5863 2.6178
1726 1 11.274 6.9243 6.0315
1727 1 5.0444 11.11 0.2672
1728 1 11.269 5.3513 11.054
1729 1 5.213 7.3387 11.534
1730 1 0.78328 11.657 2.6258
1731 1 5.4477 7.7021 1.8924
1732 1 6.1596 9.7425 11.807
1733 1 9.4957 10.43 11.955
1734 1 1.3467 10.187 5.3002
1735 1 10.384 7.5701 0.45629
1736 1 12.093 8.1382 3.9
1737 1 10.377 2.861 5.4252
1738 1 9.3826 12.597 0.78618
1739 1 12.407 4.9749 6.6812
1740 1 3.3657 1.3575 0.18193
1741 1 3.8535 8.322 8.9993
1742 1 0.31178 8.6762 7.6673
1743 1 9.0361 6.5094 0.8114
1744 1 12.529 8.6086 10.598
1745 1 10.052 1.84 9.8286
1746 1 6.0953 12.502 5.9983
1747 1 3.4276 0.38541 7.8464
1748 1 4.3517 6.7483 5.1786
1749 1 11.288 6.2287 6.9846
1750 1 10.535 4.0251 9.503
1751 1 9.9201 9.1582 5.2365
1752 1 6.5286 8.9427 8.6451
1753 1 11.074 9.6056 0.065975
1754 1 0.76423 10.361 1.6823
1755 1 7.6786 5.4515 7.9116
1756 1 5.1838 0.61462 12.585
1757 1 6.0564 0.25979 3.4251
1758 1 7.5666 11.026 9.7181
1759 1 3.3751 9.5348 5.8923
1760 1 11.406 0.87021 6.5258
1761 1 1.0331 8.607 9.0183
1762 1 8.7891 4.5277 3.0361
1763 1 12.172 8.2166 11.6
1764 1 5.6738 1.9807 1.6029
1765 1 2.6718 11.711 4.7457
1766 1 2.4343 4.054 4.8146
1767 1 7.5129 1.7588 1.7169
1768 1 9.0564 1.8418 2.7401
1769 1 1.4323 7.43 4.3064
1770 1 12.014 3.1449 6.4297
1771 1 0.19472 6.4703 5.4487
1772 1 1.5076 10.052 3.3725
1773 1 10.89 2.0716 4.8571
1774 1 7.2246 3.1242 4.9209
1775 1 2.9528 2.5693 7.0945
1776 1 5.0247 8.3771 11.782
1777 1 6.0225 6.7451 1.9135
1778 1 9.9826 1.7428 11.251
1779 1 9.3596 2.9621 4.2443
1780 1 1.613 6.3923 0.89106
1781 1 0.99807 12.288 9.5505
1782 1 1.2141 2.163 9.1335
1783 1 5.5266 9.4639 8.4219
1784 1 4.6022 3.821 9.1511
1785 1 6.1143 11.976 8.2539
1786 1 5.3034 7.6809 9.502
1787 1 10.11 0.31136 9.6596
1788 1 6.6539 5.9432 7.9587
1789 1 9.9985 5.3617 5.8331
1790 1 8.0059 8.9391 1.4324
1791 1 6.6987 7.4052 3.5445
1792 1 10.699 7.152 6.8894
1793 1 4.4461 1.1304 9.7739
1794 1 2.1014 5.2558 9.9497
1795 1 7.0548 5.2862 8.762
1796 1 11.094 9.8653 10.655
1797 1 0.84753 7.5029 6.1949
1798 1 12.385 3.2138 7.464
1799 1 5.7926 5.6751 3.4814
1800 1 0.98001 3.7308 3.7481
1801 1 8.7427 5.4503 9.6147
1802 1 8.3518 7.8788 9.9762
1803 1 8.843 3.4984 11.414
1804 1 1.5972 8.5551 12.292
1805 1 10.555 1.0624 2.2987
1806 1 2.4738 4.1912 2.1696
1807 1 4.1406 3.1294 5.5413
1808 1 7.9177 4.1129 4.6386
1809 1 9.991 11.392 12.096
1810 1 7.7511 0.2292 12.004
1811 1 11.362 4.8375 8.3278
1812 1 4.9793 4.6143 6.9406
1813 1 5.6918 8.4575 8.0558
1814 1 12.542 1.1029 10.418
1815 1 11.603 11.029 3.8109
1816 1 12.5 9.4125 2.9648
1817 1 4.4076 9.2509 5.6621
1818 1 6.7738 10.962 12.098
1819 1 4.6636 6.4384 6.3194
1820 1 7.7776 6.4911 12.151
1821 1 11.742 3.8689 8.0165
1822 1 6.8189 0.0020954 2.7719
1823 1 7.6327 1.8443 7.5718
1824 1 2.0034 4.6719 1.2948
1825 1 10.415 7.6915 2.9643
1826 1 1.1048 8.3132 5.3689
1827 1 1.1723 2.9018 1.0283
1828 1 8.1194 7.308 7.239
1829 1 7.6249 6.5035 7.7516
1830 1 5.1258 7.2523 5.7964
1831 1 12.652 8.3101 5.7678
1832 1 10.027 11.047 3.0831
1833 1 0.073782 1.4582 6.335
1834 1 5.0224 6.5753 1.5167
1835 1 5.0336 5.2525 0.78755
1836 1 7.2752 11.937 12.126
1837 1 11.241 8.1102 4.5628
1838 1 10.79 9.1078 4.6002
1839 1 5.5632 4.8121 1.6518
1840 1 8.5126 4.0015 8.8045
1841 1 10.56 0.29346 8.6863
1842 1 0.19678 5.0731 10.48
1843 1 10.768 8.5516 8.9768
1844 1 0.024644 2.8817 12.247
1845 1 4.1543 8.9003 0.99101
1846 1 7.0059 8.4467 0.91195
1847 1 2.5589 3.6705 11.274
1848 1 2.8602 2.2696 2.1726
1849 1 1.1032 7.9825 7.1712
1850 1 9.4987 2.0202 3.6998
1851 1 2.532 1.7204 9.3988
1852 1 12.584 0.17462 7.7313
1853 1 2.4838 3.5236 8.9888
1854 1 3.6141 10.485 11.964
1855 1 8.3596 4.808 3.9564
1856 1 5.3755 1.6761 12.475
1857 1 3.1521 11.479 11.786
1858 1 0.29884 6.8474 0.22184
1859 1 12.171 3.3031 1.2699
1860 1 3.7337 8.437 6.0344
1861 1 7.8945 5.3185 3.091
1862 1 8.2901 9.7685 0.6058
1863 1 9.2183 8.6695 7.6827
1864 1 4.7233 12.517 11.913
1865 1 12.677 12.52 9.7751
1866 1 9.8228 11.222 0.50479
1867 1 0.33019 10.689 2.6647
1868 1 0.36564 11.745 0.04535
1869 1 10.287 4.8042 8.6635
1870 1 1.4884 11.308 9.6074
1871 1 7.2602 2.7247 2.0702
1872 1 8.7523 0.79983 2.9554
1873 1 0.81208 6.1325 7.7314
1874 1 2.0914 8.1403 4.9687
1875 1 8.3939 0.76906 5.5285
1876 1 1.2785 5.3225 0.84945
1877 1 10.726 3.8676 8.4196
1878 1 4.0951 0.59731 12.358
1879 1 10.928 1.7546 11.799
1880 1 6.8428 7.075 12.365
1881 1 7.4168 6.0564 5.0977
1882 1 8.0668 4.4964 9.675
1883 1 3.2174 9.8864 0.18025
1884 1 5.7577 4.0501 2.4617
1885 1 9.8679 12.201 8.9818
1886 1 0.19821 8.2881 3.0802
1887 1 7.7307 3.3095 10.139
1888 1 3.1443 4.9128 11.315
1889 1 7.4142 10.553 8.7878
1890 1 3.6297 9.175 4.0468
1891 1 6.3848 1.0556 4.0594
1892 1 11.864 5.3893 10.143
1893 1 12.685 11.208 6.3568
1894 1 5.1902 1.7276 6.3787
1895 1 7.4565 12.444 0.38629
1896 1 12.438 10.178 6.5939
1897 1 6.0603 1.0144 11.935
1898 1 12.402 10.037 12.056
1899 1 4.1362 0.49516 11.277
1900 1 6.6516 5.6598 4.2213
1901 1 7.0231 0.19869 3.897
1902 1 10.234 10.051 4.7173
1903 1 0.47067 12.079 1.1146
1904 1 1.043 10.017 7.9703
1905 1 2.9268 0.99737 4.7501
1906 1 4.4414 7.5719 12.254
1907 1 0.5786 1.5747 9.7497
1908 1 10.748 0.96924 3.3898
1909 1 0.28716 4.0785 7.1962
1910 1 11.126 4.4495 10.397
1911 1 7.0422 8.4886 3.8851
1912 1 12.213 0.65587 5.6917
1913 1 9.5707 0.12871 2.7143
1914 1 7.4519 10.035 2.7253
1915 1 3.3743 8.8193 0.26205
1916 1 11.434 3.4897 10.023
1917 1 8.2909 11.702 1.949
1918 1 9.7 6.8635 8.5768
1919 1 11.149 2.095 0.89558
1920 1 10.986 11.853 1.8445
1921 1 9.7081 12.393 6.4003
1922 1 12.495 3.3461 10.315
1923 1 9.9971 10.209 3.7146
1924 1 9.2329 2.4814 11.472
1925 1 6.9878 7.9463 11.707
1926 1 6.9881 8.7615 4.9136
1927 1 9.8519 5.9495 2.6084
1928 1 11.111 2.4736 12.579
1929 1 10.865 8.884 11.885
1930 1 8.6781 2.7378 3.4127
1931 1 3.8216 10.159 10.27
1932 1 5.7597 11.723 0.89174
1933 1 1.002 9.3624 7.1152
1934 1 4.9562 4.1102 3.2422
1935 1 11.498 0.71551 2.6843
1936 1 9.5102 2.2408 7.9547
1937 1 10.678 9.9204 6.8387
1938 1 3.562 0.071293 9.1067
1939 1 2.7642 10.909 7.6731
1940 1 12.309 3.5345 2.2965
1941 1 12.61 2.4537 5.8502
1942 1 0.93439 9.2503 1.5828
1943 1 1.3993 9.9983 0.83921
1944 1 8.7112 2.121 4.4421
1945 1 7.4307 0.7138 9.5559
1946 1 3.4131 5.663 0.50673
1947 1 1.8739 5.6855 1.6716
1948 1 11.82 10.834 11.563
1949 1 2.5354 0.89058 0.76077
1950 1 11.812 11.323 0.74489
1951 1 5.3104 11.241 8.0178
1952 1 9.1131 5.7952 11.468
1953 1 2.8975 0.0082388 4.2672
1954 1 7.1646 5.7187 7.011
1955 1 10.618 0.15426 6.8148
1956 1 10.09 11.882 2.4064
1957 1 2.3072 0.88111 6.8537
1958 1 5.7926 5.8442 1.348
1959 1 0.84554 7.9005 8.2025
1960 1 10.401 11.135 8.0297
1961 1 9.6482 7.2334 1.373
1962 1 3.9894 11.583 5.6549
1963 1 5.3501 1.2136 0.80364
1964 1 6.3852 3.2221 6.8692
1965 1 3.1414 12.134 0.011548
1966 1 7.45 6.6838 6.6619
1967 1 0.50871 10.157 11.352
1968 1 3.7115 1.6121 2.1786
1969 1 11.885 8.8026 5.0527
1970 1 9.6712 5.0716 12.06
1971 1 9.234 2.0792 12.507
1972 1 7.078 6.9188 4.6008
1973 1 5.1918 3.5477 7.1212
1974 1 4.4986 9.5923 3.6525
1975 1 10.955 6.9758 12.452
1976 1 3.2058 10.847 10.9
1977 1 10.856 3.0702 9.17
1978 1 11.123 12.54 9.4902
1979 1 8.4613 10.934 4.4033
1980 1 3.0624 9.9794 1.9137
1981 1 4.165 5.4542 6.7837
1982 1 0.73509 8.2688 10.085
1983 1 3.7026 9.9077 8.3956
1984 1 0.73838 12.18 7.8058
1985 1 9.2285 1.8216 0.90863
1986 1 12.644 9.1184 6.7567
1987 1 4.3639 10.055 11.206
1988 1 8.221 7.9273 2.3999
1989 1 11.946 6.0166 4.3734
1990 1 9.44 2.8264 0.66349
1991 1 10.32 1.4642 1.3136
1992 1 0.65204 4.9324 0.079924
1993 1 10.105 9.2726 7.4734
1994 1 3.3213 8.1714 2.539
1995 1 12.659 10.963 10.871
1996 1 5.0166 12.251 3.8096
1997 1 12.269 7.7257 2.384
1998 1 6.0196 11.629 12.455
1999 1 5.3203 3.7411 1.496
2000 1 4.3166 12.18 10.926
2001 1 7.3952 4.8625 11.503
2002 1 10.494 3.5043 10.502
2003 1 3.6295 5.7333 11.859
2004 1 11.358 7.7097 9.3827
2005 1 5.5197 1.8437 5.3442
2006 1 8.0666 11.412 8.8346
2007 1 8.408 2.3347 8.2323
2008 1 3.4678 4.3638 1.7711
2009 1 7.553 8.5369 8.5431
2010 1 4.5974 9.3282 10.386
2011 1 0.091237 4.2556 3.5039
2012 1 4.8565 6.1111 7.3393
2013 1 2.2029 4.5513 11.774
2014 1 6.1915 6.8272 11.498
2015 1 7.3446 4.2114 10.558
2016 1 4.7802 5.5408 1.8008
2017 1 10.225 6.4027 5.19
2018 1 3.5858 10.882 2.2269
2019 1 9.1752 1.7235 10.56
2020 1 11.053 3.5274 7.2931
2021 1 6.114 0.98935 2.5562
2022 1 10.156 8.2835 4.2543
2023 1 6.3735 1.6237 10.97
2024 1 1.7854 5.384 3.6023
2025 1 9.2519 5.1646 2.0565
2026 1 9.6137 10.543 10.865
2027 1 7.3927 3.0341 6.5185
2028 1 4.7971 8.2707 5.7808
2029 1 2.1879 8.1655 3.9183
2030 1 1.7483 0.2638 9.9228
2031 1 1.5719 7.6142 2.1827
2032 1 5.1517 9.9671 5.2291
2033 1 6.6862 12.456 11.377
2034 1 6.6728 9.1435 5.8608
2035 1 11.838 8.5532 2.9332
2036 1 3.2287 4.8743 10.244
2037 1 12.436 7.7268 7.82
2038 1 11.965 10.673 5.7247
2039 1 11.659 12.495 6.974
2040 1 9.7895 9.1157 1.9501
2041 1 11.62 5.9811 7.9958
2042 1 8.2915 1.2211 10.077
2043 1 3.8769 4.6568 0.20114
2044 1 4.3991 8.0578 2.2462
2045 1 1.657 7.1822 9.9579
2046 1 7.7425 0.52235 6.3268
2047 1 1.6209 2.3494 10.115
2048 1 4.4105 6.6996 8.2071
