2048 2048 12.688 12.688 12.688
1 1 6.9638 9.6802 8.4706
2 1 5.9078 8.0759 6.1821
3 1 2.9521 3.7248 10.042
4 1 7.415 10.907 4.8276
5 1 8.7595 1.7673 7.2577
6 1 12.052 1.006 4.511
7 1 11.679 2.6606 10.598
8 1 5.7279 12.549 11.831
9 1 10.273 3.8952 5.9189
10 1 6.3241 9.1726 7.7666
11 1 0.48575 7.5906 9.1953
12 1 0.99637 3.967 8.9564
13 1 5.6628 8.6233 7.088
14 1 11.985 4.5375 10.964
15 1 7.3322 4.3108 1.3695
16 1 10.912 4.6886 1.18
17 1 2.3376 5.4792 0.61062
18 1 8.6924 10.502 10.562
19 1 6.4237 0.96694 9.9337
20 1 10.111 6.2622 7.2351
21 1 5.5514 7.2675 12.536
22 1 10.153 11.93 4.6148
23 1 7.6595 11.249 3.6943
24 1 2.6148 8.8242 7.7375
25 1 5.451 6.7525 4.8544
26 1 2.8509 8.9536 11.252
27 1 3.0855 5.6283 9.5901
28 1 3.4271 6.974 0.80138
29 1 7.0301 4.613 9.6366
30 1 11.025 10.692 8.7459
31 1 6.5078 10.479 11.123
32 1 9.2601 9.5492 11.183
33 1 5.1502 2.8582 5.417
34 1 7.5096 3.6353 0.42256
35 1 8.3101 11.379 6.9192
36 1 9.1646 9.8546 9.1102
37 1 2.086 8.7492 8.7821
38 1 7.4575 0.98422 8.4904
39 1 0.59284 1.2245 0.64212
40 1 4.8053 5.7823 3.2948
41 1 0.67215 1.7474 4.1948
42 1 7.2997 7.3708 0.76834
43 1 5.3258 11.56 8.3263
44 1 2.3037 9.924 10.915
45 1 5.3657 10.265 2.9964
46 1 3.7166 6.3787 6.7818
47 1 5.908 3.7938 5.1817
48 1 4.7119 12.576 5.7224
49 1 6.974 4.6546 0.40629
50 1 12.271 2.6137 3.7369
51 1 5.1718 7.4836 7.7905
52 1 10.485 5.4623 4.7453
53 1 3.5936 6.169 1.5385
54 1 10.456 10.975 6.9875
55 1 8.8194 3.6346 9.3313
56 1 4.5152 6.5427 10.279
57 1 0.45426 0.36058 10.884
58 1 11.812 12.477 10.409
59 1 5.5207 0.65107 5.9655
60 1 9.0142 11.295 11.34
61 1 1.7468 2.4689 4.1893
62 1 2.2879 7.125 3.7755
63 1 7.2201 1.6695 3.9336
64 1 2.9762 4.6217 0.86149
65 1 11.569 10.691 6.9629
66 1 10.394 6.2624 6.1775
67 1 11.614 9.1169 4.0414
68 1 2.8139 6.0297 8.0661
69 1 1.4786 4.4467 5.1414
70 1 5.8748 2.8998 0.91646
71 1 1.598 6.3367 3.962
72 1 3.6903 2.0383 11.137
73 1 8.6493 10.593 0.72193
74 1 3.805 5.029 3.9761
75 1 8.799 0.27579 7.9585
76 1 9.3426 10.24 2.3823
77 1 2.1178 2.7136 1.6043
78 1 0.14687 3.8713 8.2493
79 1 11.182 11.662 7.3088
80 1 11.539 5.2048 11.423
81 1 4.9086 1.6723 7.3862
82 1 7.1016 1.1914 6.7212
83 1 0.37103 7.8097 11.055
84 1 5.7103 3.2762 3.355
85 1 6.7181 8.5534 6.9055
86 1 0.14748 11.101 11.82
87 1 9.1751 9.208 12.305
88 1 6.3099 1.1096 1.3778
89 1 1.6374 9.1845 6.0671
90 1 1.8858 10.915 10.642
91 1 3.4477 11.851 10.12
92 1 3.9434 10.416 5.7049
93 1 7.004 11.91 1.2265
94 1 12.32 1.2581 8.2291
95 1 5.5147 7.1963 5.0366
96 1 5.0055 3.3092 2.5046
97 1 5.7107 1.5459 8.1223
98 1 8.2214 3.3456 12.37
99 1 4.6719 12.245 2.7652
100 1 12.095 6.2306 6.2382
101 1 8.6137 5.6596 0.99845
102 1 7.3153 2.8658 12.022
103 1 0.91865 11.105 7.8814
104 1 6.2888 11.534 6.4238
105 1 6.8957 2.4049 10.639
106 1 0.51093 3.4888 1.6432
107 1 4.1204 7.1017 1.69
108 1 0.31555 5.613 11.96
109 1 8.0277 7.5578 6.179
110 1 12.03 8.3823 1.623
111 1 2.2909 5.4227 8.8461
112 1 11.53 7.8674 5.585
113 1 2.0758 1.4785 12.398
114 1 8.3565 6.8373 11.256
115 1 6.3269 0.74493 0.31966
116 1 7.0567 4.1023 6.6249
117 1 0.67006 7.9182 0.20242
118 1 3.1079 7.4334 12.048
119 1 11.927 4.1348 6.9664
120 1 0.91549 10.827 0.7156
121 1 8.906 1.106 12.577
122 1 8.4348 0.62417 9.0624
123 1 3.5327 4.8013 7.5904
124 1 2.4807 5.0128 7.8418
125 1 12.314 0.83821 11.457
126 1 9.8206 5.1991 9.3845
127 1 2.658 11.588 6.7151
128 1 4.3736 5.4988 6.8501
129 1 8.8775 5.7858 3.9368
130 1 5.2795 2.3138 10.493
131 1 5.836 4.3027 12.26
132 1 4.3272 5.3699 8.8222
133 1 2.0379 1.925 7.0294
134 1 2.7102 5.664 10.701
135 1 8.8728 0.20132 3.6675
136 1 2.868 5.3671 3.5736
137 1 3.4546 7.2307 8.794
138 1 3.0794 1.3352 7.4171
139 1 0.61423 7.3409 2.6685
140 1 3.6111 8.0299 1.5469
141 1 0.43626 7.768 4.0982
142 1 11.846 10.646 2.9758
143 1 3.6973 2.1023 7.9742
144 1 12.113 10.028 10.977
145 1 11.347 9.6625 3.1032
146 1 3.1015 8.0328 4.6756
147 1 2.35 1.9192 10.713
148 1 5.2394 9.2077 0.8024
149 1 10.846 11.873 5.5074
150 1 4.1745 0.91009 8.7638
151 1 8.1223 0.24918 4.4613
152 1 0.79646 8.6213 6.3433
153 1 5.9752 0.44686 10.874
154 1 2.9012 6.1574 6.1268
155 1 5.3078 11.639 5.857
156 1 7.6918 11.802 2.6936
157 1 7.4973 10.329 1.053
158 1 12.162 3.0886 8.5345
159 1 9.3498 2.8291 2.6109
160 1 12.524 8.3758 8.6826
161 1 1.801 1.4369 8.6046
162 1 0.27777 9.6066 10.428
163 1 6.2105 0.38264 1.9831
164 1 2.5676 10.976 11.504
165 1 0.33127 2.2637 1.0655
166 1 11.602 6.5427 10.746
167 1 9.729 10.579 8.6064
168 1 11.178 6.0255 5.3673
169 1 7.7661 3.801 11.519
170 1 12.54 12.275 6.1114
171 1 6.612 8.4362 9.8269
172 1 10.382 6.6002 3.2547
173 1 5.5185 7.7073 10.969
174 1 9.9094 3.3713 11.423
175 1 1.3281 8.9323 8.0292
176 1 12.516 0.12068 4.072
177 1 3.7596 5.3254 2.2308
178 1 8.9396 6.0299 8.7478
179 1 1.4161 1.3089 7.616
180 1 11.58 2.5015 7.2444
181 1 8.2292 5.1295 8.7809
182 1 7.5265 5.4498 0.94508
183 1 5.4477 1.2528 10.282
184 1 3.6272 7.121 4.4153
185 1 2.0796 0.37557 1.6635
186 1 2.0769 7.1157 10.987
187 1 7.3595 8.9519 10.461
188 1 3.2943 4.7502 4.9442
189 1 8.7606 0.39955 11.72
190 1 2.5692 7.486 9.4009
191 1 11.015 10.073 4.2083
192 1 9.7958 0.58251 11.513
193 1 5.5825 4.334 7.8818
194 1 1.227 12.364 1.9466
195 1 2.688 9.0352 4.5601
196 1 6.2315 1.8159 0.38339
197 1 12.26 6.1921 10.222
198 1 6.953 6.1181 11.836
199 1 8.1425 9.5979 6.0416
200 1 1.6045 1.0845 10.676
201 1 4.3448 3.7024 12.503
202 1 5.4552 1.218 3.3453
203 1 3.7147 10.172 6.7534
204 1 2.8303 7.6202 9.8624
205 1 0.56281 9.8124 0.71133
206 1 10.58 0.48393 12.481
207 1 3.5436 2.4196 6.1282
208 1 12.322 3.4732 5.3581
209 1 6.8288 8.723 12.253
210 1 4.5788 4.2181 0.98541
211 1 1.6812 10.089 1.902
212 1 1.1527 2.6702 10.982
213 1 2.9801 3.6463 3.0735
214 1 2.361 11.835 3.6556
215 1 0.81574 5.5492 1.8806
216 1 5.4234 2.6173 8.4568
217 1 9.4386 9.5096 3.221
218 1 9.0834 3.8565 6.92
219 1 4.5978 2.5974 12.489
220 1 2.6187 11.815 10.818
221 1 5.4784 11.301 4.1517
222 1 5.3318 11.568 2.1909
223 1 6.5356 1.9494 2.238
224 1 5.8319 5.2781 10.29
225 1 4.0706 4.7861 11.933
226 1 10.964 1.0049 4.3235
227 1 3.3334 7.3586 12.442
228 1 7.6039 5.591 9.6607
229 1 6.4289 0.9829 8.8269
230 1 10.991 6.9526 2.4082
231 1 11.992 2.7648 9.5577
232 1 1.4291 2.8654 6.2969
233 1 10.338 2.2546 2.7337
234 1 4.87 8.2295 8.8027
235 1 3.2324 7.7488 3.5983
236 1 9.2284 6.5203 3.2067
237 1 7.7068 8.6228 6.3029
238 1 6.8121 3.1223 8.5709
239 1 11.443 6.4646 3.3747
240 1 8.1961 1.6475 0.80875
241 1 6.9462 6.1665 1.4912
242 1 6.3133 1.4865 5.9975
243 1 9.9577 8.2407 1.0631
244 1 12.03 11.638 12.291
245 1 9.1248 8.2907 3.7967
246 1 11.29 4.8883 9.3538
247 1 0.96384 9.0479 3.4108
248 1 7.3056 1.8645 11.487
249 1 9.5843 12.077 3.7197
250 1 1.1108 5.7258 6.7532
251 1 2.1198 7.5949 7.0256
252 1 6.7017 3.8333 3.2261
253 1 3.0074 11.647 5.7201
254 1 11.476 7.2148 7.8149
255 1 10.38 0.17886 0.91838
256 1 1.9815 10.642 8.0075
257 1 12.276 6.4061 12.08
258 1 7.9129 12.383 7.1522
259 1 0.3502 4.1126 10.874
260 1 8.0784 8.5061 4.4058
261 1 9.704 4.9983 4.1045
262 1 3.8849 7.921 0.51294
263 1 4.2393 3.47 1.7421
264 1 9.6618 2.0199 1.8858
265 1 9.9985 2.2929 6.4165
266 1 10.296 9.8968 2.7477
267 1 9.5196 8.6926 10.542
268 1 3.245 11.669 1.6216
269 1 1.557 4.777 2.3206
270 1 12.457 9.4001 5.7183
271 1 8.1396 11.417 10.719
272 1 3.5104 1.9066 11.943
273 1 9.8918 6.9505 12.34
274 1 0.96346 3.7973 5.8502
275 1 2.5055 7.1013 8.1988
276 1 0.60078 2.9553 8.6917
277 1 7.6638 7.3027 2.9572
278 1 1.3088 7.0414 4.0865
279 1 10.721 11.037 1.4133
280 1 1.6617 9.5732 12.539
281 1 1.3503 5.0016 9.2327
282 1 8.4956 3.7971 5.2896
283 1 10.718 5.5946 7.8067
284 1 8.334 11.757 9.7288
285 1 4.8146 9.919 6.6617
286 1 2.4506 0.97997 2.7433
287 1 9.3255 6.3222 5.7483
288 1 3.0853 9.3297 10.279
289 1 10.804 0.20202 10.576
290 1 9.606 5.828 10.364
291 1 0.90993 12.029 5.9232
292 1 2.0764 1.6389 3.6287
293 1 11.074 4.8242 2.9702
294 1 8.1683 4.9734 1.6915
295 1 12.187 10.378 2.0113
296 1 8.9134 4.903 6.8657
297 1 9.1529 10.675 5.2706
298 1 12.246 11.567 10.023
299 1 12.286 0.52492 1.9385
300 1 11.121 3.6326 2.7633
301 1 6.693 4.8677 7.631
302 1 2.0547 11.896 1.4553
303 1 1.3328 11.329 5.165
304 1 1.6108 7.4618 8.8797
305 1 12.404 7.2979 6.0341
306 1 1.8529 2.5032 5.2843
307 1 0.734 4.7595 4.2797
308 1 5.1388 8.4567 2.8872
309 1 11.725 12.323 2.2938
310 1 9.5534 0.22847 12.488
311 1 10.745 10.725 11.27
312 1 3.1971 1.1729 8.4586
313 1 9.3689 5.9917 7.9361
314 1 11.828 2.0905 8.734
315 1 2.4508 2.5936 6.2234
316 1 1.9612 4.3773 8.5952
317 1 6.8937 10.129 7.5179
318 1 7.5184 3.8189 5.6927
319 1 7.0174 11.805 5.5407
320 1 3.0354 5.6068 7.0728
321 1 4.4732 1.3817 0.32651
322 1 2.5715 0.85062 5.7645
323 1 4.9181 5.6072 10.622
324 1 10.193 2.5104 12.045
325 1 8.5405 1.6398 1.258
326 1 12.21 9.8715 0.39971
327 1 4.3153 7.7294 3.3738
328 1 12.232 5.7484 11.163
329 1 8.0554 1.7012 9.1013
330 1 11.466 5.3787 6.1864
331 1 0.53798 0.49646 5.8672
332 1 4.1674 11.476 12.271
333 1 1.987 3.5405 12.167
334 1 4.8871 11.87 4.8587
335 1 11.177 9.6282 8.7791
336 1 3.021 7.5487 11.406
337 1 1.6388 6.2793 11.571
338 1 3.8563 4.6247 9.4398
339 1 4.8814 3.8933 5.4102
340 1 2.6491 6.6331 10.164
341 1 4.2457 6.6782 3.5074
342 1 8.1693 5.6786 6.7854
343 1 11.031 8.4326 3.4286
344 1 1.1421 6.6423 1.9305
345 1 6.6016 11.339 4.875
346 1 1.8426 2.9295 7.3189
347 1 1.75 0.96114 9.2251
348 1 11.762 1.3441 4.8407
349 1 0.66154 0.9802 11.142
350 1 3.6415 9.7664 0.8112
351 1 3.5259 7.6859 9.8516
352 1 10.728 2.7243 11.122
353 1 8.029 9.0358 12.353
354 1 11.374 0.5373 0.61357
355 1 4.4211 11.185 11.261
356 1 10.391 7.8524 12.001
357 1 3.9187 9.0633 11.487
358 1 10.485 8.1636 5.1913
359 1 2.6587 11.568 0.67317
360 1 2.5258 1.9906 8.0121
361 1 4.5608 0.16056 4.4878
362 1 1.2617 1.9414 1.5416
363 1 1.3977 12.309 12.335
364 1 2.2144 11.557 12.336
365 1 6.7788 0.56512 5.7571
366 1 8.0668 10.194 3.7305
367 1 8.8385 2.3295 9.6586
368 1 5.5749 2.4891 7.2116
369 1 2.4742 7.9957 12.522
370 1 12.088 2.5976 0.43148
371 1 11.921 6.7954 5.2127
372 1 1.7412 10.2 6.4486
373 1 0.73727 9.7927 6.2217
374 1 7.8939 11.35 1.0247
375 1 6.8837 3.2697 1.1944
376 1 3.5577 3.0651 0.10302
377 1 3.0161 11.828 9.1093
378 1 4.6995 0.41084 0.83624
379 1 4.5732 1.3847 10.882
380 1 2.8608 11.659 3.1641
381 1 11.387 5.4734 3.7482
382 1 2.1082 2.5141 8.8041
383 1 5.8137 12.112 2.9543
384 1 12.039 2.2542 1.5192
385 1 1.5439 0.58689 0.066481
386 1 3.9456 5.9543 5.7925
387 1 1.9975 7.2889 1.3706
388 1 10.733 12.254 6.5261
389 1 5.8852 4.6783 0.59091
390 1 5.1371 5.7879 8.2961
391 1 4.3951 7.3668 9.3209
392 1 11.968 4.588 5.6332
393 1 1.7113 12.109 4.4674
394 1 0.7287 6.8247 3.6507
395 1 5.7678 11.944 9.4038
396 1 9.8403 8.7158 11.603
397 1 5.3852 1.0812 9.1258
398 1 4.8667 0.35994 10.517
399 1 3.503 12.114 7.1332
400 1 3.0207 7.1537 1.7976
401 1 9.5026 11.979 1.7736
402 1 0.19201 8.6285 0.96271
403 1 4.5632 10.661 7.3939
404 1 2.5864 0.99053 10.18
405 1 5.4241 3.8267 9.898
406 1 1.8206 4.4451 6.1827
407 1 3.5894 8.3629 10.68
408 1 4.3132 3.9484 10.24
409 1 6.9943 12.413 6.4886
410 1 1.7405 11.041 4.2115
411 1 6.2661 9.2503 1.5791
412 1 8.9283 7.7616 10.939
413 1 0.64694 7.9261 6.7984
414 1 4.9139 9.2888 11.779
415 1 7.1252 6.9503 11.101
416 1 11.172 11.436 2.6323
417 1 5.0618 2.0378 9.4302
418 1 0.92484 3.7541 10.046
419 1 6.9338 0.29689 1.0945
420 1 8.5953 6.9705 2.4028
421 1 11.761 4.1712 0.82235
422 1 3.2889 4.6433 2.9112
423 1 10.493 9.3009 3.6436
424 1 1.9174 2.4691 12.296
425 1 10.497 10.999 4.2454
426 1 7.0016 0.74501 11.368
427 1 1.3701 8.2666 1.423
428 1 2.1089 3.0164 0.49935
429 1 8.2487 1.8036 10.968
430 1 3.628 2.8634 9.7747
431 1 8.6743 11.543 3.4183
432 1 4.9158 10.361 4.0766
433 1 3.692 8.6648 7.8362
434 1 2.2481 1.4304 1.796
435 1 1.9731 2.0551 2.6366
436 1 7.931 2.8019 5.5647
437 1 9.0012 2.7202 5.2712
438 1 0.38721 6.5341 6.5763
439 1 10.724 4.5456 7.5263
440 1 2.4147 0.62959 9.0583
441 1 6.8401 3.7074 2.1868
442 1 10.545 0.47162 5.9573
443 1 0.2816 12.576 8.7426
444 1 10.085 11.567 11.012
445 1 9.4212 4.3431 11.432
446 1 11.827 8.9235 0.70663
447 1 2.1005 3.4928 3.702
448 1 2.8796 1.9868 5.3642
449 1 12.289 11.798 4.3597
450 1 11.384 2.7254 5.4832
451 1 2.5425 10.027 11.965
452 1 2.9744 1.9231 4.2288
453 1 9.0099 10.521 3.3918
454 1 5.1927 4.8597 5.0279
455 1 6.8592 3.3592 11.144
456 1 1.4725 12.317 0.90233
457 1 7.7701 10.399 6.8406
458 1 2.8948 5.3523 1.5957
459 1 7.1967 6.348 0.2881
460 1 6.5751 10.945 1.2838
461 1 0.23107 10.343 5.4841
462 1 1.9758 9.0644 1.7456
463 1 6.9383 6.4157 10.042
464 1 0.06658 9.8027 7.5997
465 1 9.0304 7.8545 6.64
466 1 1.2237 4.7212 10.377
467 1 7.6309 12.395 9.1623
468 1 5.3393 3.6392 0.33788
469 1 7.8233 7.1485 9.227
470 1 2.9643 10.817 11.084
471 1 2.8417 7.7601 5.6883
472 1 11.146 2.8278 8.2245
473 1 2.8515 9.0947 2.3862
474 1 10.12 3.1258 3.3356
475 1 3.6551 11.228 6.5141
476 1 10.643 7.0146 11.352
477 1 10.362 6.4216 1.6764
478 1 3.0448 7.7942 7.5522
479 1 1.3461 10.713 2.6342
480 1 0.76361 5.705 3.6376
481 1 3.6928 7.1639 2.6774
482 1 5.4781 9.9808 1.8664
483 1 1.6991 7.8985 0.51632
484 1 2.5732 7.3491 2.7719
485 1 9.8681 10.465 6.1469
486 1 7.5939 2.1979 4.7752
487 1 3.2506 2.7611 10.878
488 1 9.8471 7.0122 2.403
489 1 10.987 7.4042 10.338
490 1 12.476 9.5331 1.4066
491 1 1.0648 4.6923 3.2645
492 1 3.972 6.4817 3.6221
493 1 9.9168 8.5842 3.0927
494 1 6.5843 4.2374 8.5674
495 1 11.925 7.1524 0.10937
496 1 8.0058 0.71323 10.994
497 1 9.6534 3.9108 8.7753
498 1 11.714 9.6357 7.2396
499 1 1.0042 1.8564 3.6557
500 1 0.74456 10.661 10.232
501 1 3.9143 1.5316 4.7936
502 1 11.482 7.884 0.77948
503 1 9.8751 12.433 5.5722
504 1 1.0294 6.505 4.8184
505 1 10.688 5.8095 8.9227
506 1 2.7247 1.9049 11.766
507 1 2.0213 12.233 9.3297
508 1 7.9215 6.5128 1.0893
509 1 4.4112 6.066 0.93177
510 1 3.5408 3.6571 9.0947
511 1 1.8668 10.602 3.7222
512 1 7.655 7.7819 5.1212
513 1 10.502 1.0136 7.9627
514 1 7.6182 8.6516 11.462
515 1 4.5678 7.0793 0.70424
516 1 4.4984 1.5559 11.922
517 1 9.9166 0.96052 4.0516
518 1 3.9565 8.0089 6.7972
519 1 0.6868 10.634 4.5265
520 1 6.6293 11.776 2.2584
521 1 0.11398 8.9912 9.5541
522 1 4.4983 3.6972 6.3963
523 1 11.274 1.7321 2.9938
524 1 1.5129 7.098 7.8013
525 1 3.4083 3.4671 6.3436
526 1 7.5737 2.0235 10.165
527 1 8.5896 1.2432 6.3163
528 1 1.6403 4.8473 7.1685
529 1 4.8685 10.138 8.2951
530 1 6.5533 10.245 9.3233
531 1 4.1463 7.3904 6.1103
532 1 8.3219 2.3463 11.913
533 1 8.1871 10.252 5.2004
534 1 2.3758 7.051 0.40546
535 1 9.9884 4.5764 10.327
536 1 12.267 4.7554 0.13263
537 1 11.738 8.808 9.2145
538 1 6.5093 11.105 10.108
539 1 7.585 8.0979 4.0113
540 1 3.5532 10.957 7.5586
541 1 11.137 10.339 2.18
542 1 12.531 7.5858 0.95293
543 1 9.5787 6.9526 6.6157
544 1 11.619 1.2256 1.4679
545 1 10.105 0.92941 10.559
546 1 4.0662 7.8369 11.511
547 1 8.7633 5.3532 5.8619
548 1 5.0809 8.1775 0.32195
549 1 8.4481 3.3281 6.2818
550 1 12.07 6.6676 2.5476
551 1 1.396 0.97791 3.1459
552 1 5.0567 8.8292 1.8609
553 1 8.6843 12.52 5.3726
554 1 2.5211 3.7024 1.23
555 1 9.1225 6.6287 4.7322
556 1 10.926 8.5761 1.4339
557 1 10.133 3.5344 6.9771
558 1 5.3166 6.7001 3.5699
559 1 10.21 9.4595 12.508
560 1 0.66305 1.5688 8.4414
561 1 7.5948 3.2649 2.8796
562 1 1.7068 11.83 11.408
563 1 0.28522 3.1736 0.56685
564 1 4.7412 8.8426 4.8633
565 1 6.3145 12.226 7.3092
566 1 4.1794 5.3875 4.9247
567 1 10.863 2.0447 9.1788
568 1 5.3243 0.35892 2.6374
569 1 2.9883 4.1468 8.3084
570 1 11.834 12.245 8.0029
571 1 7.298 11.95 10.107
572 1 3.3311 9.9203 11.143
573 1 2.2234 10.867 3.2109
574 1 8.5096 9.9544 12.576
575 1 11.692 9.33 2.1062
576 1 0.60792 0.38336 1.4326
577 1 11.73 1.7066 9.8008
578 1 1.3457 6.7957 4.4488
579 1 4.1838 4.8723 10.853
580 1 7.0929 0.35394 7.421
581 1 6.0701 12.231 4.0568
582 1 6.3419 5.1054 6.5674
583 1 9.2132 0.80341 7.1004
584 1 2.3072 9.4553 9.5525
585 1 2.4911 12.527 7.3195
586 1 0.67696 3.4752 11.693
587 1 6.5464 10.873 5.559
588 1 3.9112 5.815 7.7658
589 1 2.774 3.8095 0.17775
590 1 5.586 2.3527 2.6482
591 1 7.6849 7.5598 4.0237
592 1 11.559 4.0078 4.7618
593 1 11.569 9.7409 6.1772
594 1 3.548 2.7409 2.8701
595 1 7.0613 4.7058 3.7406
596 1 9.4173 3.2565 1.5814
597 1 8.938 11.592 0.93971
598 1 5.5626 4.5215 5.9886
599 1 7.1813 11.826 7.9737
600 1 8.2093 4.3685 6.2942
601 1 9.1051 7.3856 5.614
602 1 8.6908 8.2941 3.0974
603 1 6.161 7.3093 5.4304
604 1 4.4896 11.929 6.5965
605 1 0.42944 7.9798 1.8163
606 1 5.9653 10.105 0.93206
607 1 8.8869 8.7601 2.7167
608 1 6.0791 11.129 3.2641
609 1 5.8127 7.5486 4.1292
610 1 0.6167 5.1142 7.4638
611 1 4.6451 4.4118 2.0974
612 1 10.417 8.2508 9.9029
613 1 9.2851 11.686 5.1534
614 1 6.1042 9.8337 5.6379
615 1 6.4667 5.5921 9.4946
616 1 4.3845 11.402 4.0327
617 1 11.457 6.2121 1.7413
618 1 10.279 12.11 12.428
619 1 3.4832 11.07 4.9528
620 1 11.874 5.3796 1.0271
621 1 1.4353 9.6021 8.9194
622 1 9.9619 4.5698 5.0553
623 1 12.574 10.607 1.0811
624 1 6.952 3.7933 7.6448
625 1 7.0334 10.378 3.7822
626 1 5.4055 9.1837 6.1963
627 1 4.2301 9.5772 7.5321
628 1 6.2988 9.2071 10.55
629 1 5.4756 2.936 4.3373
630 1 12.344 4.6444 11.801
631 1 10.729 1.7364 5.8571
632 1 9.1275 8.9108 0.80222
633 1 3.887 0.44229 5.2386
634 1 6.3822 2.3544 7.8652
635 1 3.5855 1.0463 10.595
636 1 2.9586 4.9242 12.493
637 1 0.71866 5.9125 11.004
638 1 8.1746 6.0347 2.0201
639 1 8.9033 4.1892 12.428
640 1 1.1312 8.8831 0.53189
641 1 1.2298 7.5691 11.737
642 1 12.484 2.5748 4.8059
643 1 3.1086 5.8012 5.1274
644 1 9.3318 0.6562 5.7249
645 1 6.0239 5.1889 8.4881
646 1 1.7004 11.087 7.0814
647 1 4.2586 6.2694 2.4068
648 1 7.3734 5.0788 6.21
649 1 10.735 8.9767 2.4683
650 1 0.87953 9.3877 11.862
651 1 3.7398 5.9143 10.841
652 1 6.5914 5.0788 1.4827
653 1 2.2132 7.0864 12.038
654 1 6.2562 4.0612 1.3792
655 1 5.747 8.7658 5.3309
656 1 8.3069 11.74 7.9564
657 1 4.4836 2.3666 2.6185
658 1 8.9923 9.5503 10.123
659 1 4.1995 10.758 1.2843
660 1 2.0735 11.454 8.6639
661 1 11.014 11.869 8.664
662 1 9.4976 3.2065 6.1338
663 1 1.7556 6.2951 8.4325
664 1 1.5459 0.9276 8.5016
665 1 10.176 11.041 5.2626
666 1 4.2465 3.9663 7.4323
667 1 9.1801 9.732 5.7336
668 1 10.315 9.7208 11.447
669 1 5.3208 7.35 9.9223
670 1 4.5878 8.8684 6.788
671 1 0.85907 8.8074 10.95
672 1 10.858 1.0045 9.7962
673 1 12.416 6.501 9.1481
674 1 2.9622 11.581 2.7849
675 1 4.7001 7.3038 4.2798
676 1 2.9817 8.8022 3.4525
677 1 11.216 12.162 0.89734
678 1 0.17327 12.361 2.1766
679 1 6.2719 7.1576 10.492
680 1 10.631 5.4013 10.026
681 1 10.114 6.0934 11.755
682 1 5.7486 2.8701 9.4504
683 1 11.286 1.7413 7.9158
684 1 5.7764 6.3375 9.8837
685 1 5.0205 12.492 1.7565
686 1 12.01 9.1127 3.7199
687 1 3.4904 9.6644 12.302
688 1 0.55527 2.7913 9.8067
689 1 3.9793 5.0933 1.2074
690 1 12.27 10.756 4.7136
691 1 2.4601 5.6117 11.852
692 1 5.0015 1.4715 2.4127
693 1 10.108 8.1284 2.1248
694 1 2.4954 8.1304 1.865
695 1 11.867 6.9751 9.7792
696 1 11.3 12.394 12.477
697 1 8.1574 8.2888 3.3401
698 1 8.6574 10.601 6.2256
699 1 9.0275 12.334 2.7379
700 1 8.2879 9.706 4.6483
701 1 12.149 7.4078 8.7966
702 1 5.2279 0.71488 7.053
703 1 2.5002 7.1015 4.8488
704 1 10.503 1.8623 3.7651
705 1 9.0003 6.8287 10.333
706 1 9.919 3.9056 4.1574
707 1 12.264 7.762 4.8325
708 1 2.3911 9.7484 8.4197
709 1 12.068 4.4888 2.7598
710 1 6.137 3.1528 10.389
711 1 8.4962 3.4438 9.7162
712 1 4.8524 4.7707 9.8106
713 1 1.7864 1.4584 9.6793
714 1 9.196 11.408 9.1229
715 1 5.9246 3.8595 11.288
716 1 7.428 11.972 4.4894
717 1 0.19935 10.478 8.4775
718 1 9.7729 12.558 10.665
719 1 6.4113 3.749 0.34971
720 1 8.2188 6.623 4.1836
721 1 11.252 0.94672 5.3235
722 1 7.8209 5.9745 5.7961
723 1 7.5376 7.2117 1.8282
724 1 2.7277 10.38 10.09
725 1 6.2988 1.8622 3.3217
726 1 12.002 0.94182 12.507
727 1 5.5254 8.474 10.179
728 1 5.12 0.69978 11.559
729 1 7.6818 4.2882 2.4028
730 1 7.7185 4.7534 7.1685
731 1 7.7801 10.695 0.161
732 1 9.1632 4.8415 0.60602
733 1 3.782 11.536 0.68046
734 1 8.5987 4.4669 7.7807
735 1 3.1987 6.6724 3.4903
736 1 10.055 0.1578 2.0781
737 1 7.2284 6.5737 3.7079
738 1 2.9387 6.3646 12.408
739 1 5.7232 0.15836 0.97726
740 1 10.87 12.588 2.866
741 1 4.0892 11.93 9.1996
742 1 8.1666 10.812 2.7597
743 1 3.6405 2.5696 4.8171
744 1 6.4651 5.2191 12.265
745 1 0.90782 2.0033 5.934
746 1 5.9471 8.6129 4.3177
747 1 6.0081 0.92314 5.0419
748 1 7.8045 2.8154 11.072
749 1 1.7356 9.1182 5.0096
750 1 4.2717 9.8104 4.8356
751 1 5.2767 12.139 10.949
752 1 10.668 7.4858 1.4898
753 1 9.8481 0.99344 0.45777
754 1 7.8062 7.7888 10.862
755 1 9.0959 1.5723 8.9702
756 1 2.6027 6.6318 7.1512
757 1 6.3259 5.7184 2.3508
758 1 12.585 2.3058 6.9379
759 1 8.5971 7.3274 3.4884
760 1 7.5024 5.9927 10.877
761 1 3.3878 0.61892 6.6945
762 1 3.4072 0.96229 9.5279
763 1 4.2906 1.4516 3.1871
764 1 1.9184 1.6644 5.9855
765 1 3.1488 10.704 1.0803
766 1 11.656 11.664 6.372
767 1 11.554 5.2061 7.2428
768 1 6.8506 11.896 3.4129
769 1 9.3658 0.92817 9.7457
770 1 2.158 8.3821 2.8784
771 1 11.255 5.0608 0.21984
772 1 3.6894 12.461 6.0964
773 1 0.73514 9.2725 5.3299
774 1 0.52166 7.4315 5.1622
775 1 12.443 11.955 7.1703
776 1 5.0126 11.936 8.6326
777 1 1.5368 6.8686 2.9891
778 1 8.3707 8.8881 8.0788
779 1 1.7576 6.1327 9.464
780 1 10.517 10.795 10.217
781 1 8.2005 3.086 4.5295
782 1 0.35464 3.1256 3.0688
783 1 0.34196 5.6085 6.0452
784 1 2.6505 3.1096 8.0276
785 1 7.1476 9.3295 9.4682
786 1 8.6734 12.279 8.7985
787 1 2.012 10.782 1.0504
788 1 6.6973 7.4484 2.4706
789 1 4.1236 7.6944 8.068
790 1 12.437 12.603 11.991
791 1 6.2621 0.48884 6.7136
792 1 3.2262 1.9187 10.115
793 1 1.7936 8.2394 9.6887
794 1 5.6753 2.6345 12.576
795 1 3.0875 8.9405 1.3454
796 1 2.6344 0.97506 11.245
797 1 12.373 4.7782 7.7773
798 1 6.7714 6.0069 6.0644
799 1 1.8277 9.1849 11.508
800 1 9.3699 11.117 6.8981
801 1 8.3722 5.7481 4.8986
802 1 2.364 3.5762 6.6289
803 1 3.9244 8.0376 6.9889
804 1 9.0132 12.172 7.2441
805 1 12.545 5.8022 0.2315
806 1 9.2063 6.3269 1.7704
807 1 5.4159 6.5656 10.829
808 1 2.6283 12.419 6.2884
809 1 6.8148 11.64 9.16
810 1 11.134 9.6023 1.2513
811 1 11.492 0.66651 7.7848
812 1 8.5887 9.2332 3.8065
813 1 2.8391 2.2474 0.14556
814 1 10.022 4.0705 12.284
815 1 12.418 0.52481 6.6283
816 1 4.4536 3.2885 4.5342
817 1 12.031 11.99 9.0615
818 1 8.1867 4.0237 3.3254
819 1 11.257 3.1877 0.76743
820 1 2.1491 3.9855 7.5983
821 1 6.8797 5.2511 10.461
822 1 11.735 4.4427 3.7947
823 1 9.1004 1.1348 4.7756
824 1 3.9935 3.7759 2.7127
825 1 0.42611 6.2742 2.6681
826 1 3.1562 1.702 1.2463
827 1 11.932 9.4172 10.101
828 1 11.945 1.8259 12.257
829 1 4.8182 11.803 0.99781
830 1 10.202 4.8934 0.38357
831 1 0.56173 0.16517 0.33967
832 1 5.7608 8.702 11.291
833 1 8.4878 7.0441 8.3235
834 1 7.9539 4.8041 5.3408
835 1 5.0814 2.2075 0.68224
836 1 0.52278 4.8552 8.5424
837 1 10.214 2.0526 0.38064
838 1 3.5678 10.977 9.4585
839 1 12.472 4.6595 1.7924
840 1 3.9742 2.1831 3.8506
841 1 12.212 12.465 0.313
842 1 11.985 3.5178 3.3142
843 1 4.3234 0.57573 2.1143
844 1 1.8591 9.432 2.7777
845 1 10.327 3.1487 0.22676
846 1 9.9226 4.5438 6.6995
847 1 5.0032 5.8701 5.3973
848 1 7.8831 6.827 10.321
849 1 7.9482 5.0575 10.57
850 1 6.1755 4.7293 4.6246
851 1 5.6463 5.8536 11.617
852 1 4.7356 2.9931 9.8468
853 1 2.9679 3.1246 5.4702
854 1 0.97611 11.126 11.142
855 1 7.8626 0.79865 0.26112
856 1 9.4937 1.7681 5.606
857 1 7.9714 11.116 11.761
858 1 9.2334 11.902 11.455
859 1 2.0945 1.5544 4.7789
860 1 12.555 10.891 7.4596
861 1 10.251 11.256 9.2274
862 1 4.7508 0.15951 9.2067
863 1 1.8601 4.1653 9.6743
864 1 9.6058 9.2002 4.2511
865 1 5.9504 10.313 3.9264
866 1 7.6954 10.885 7.7882
867 1 9.0305 0.67208 10.711
868 1 7.045 1.1718 12.35
869 1 1.5444 3.4044 4.6645
870 1 1.9202 8.0465 7.9789
871 1 3.9115 2.207 0.64482
872 1 12.491 7.2674 3.3936
873 1 8.9491 10.85 0.10236
874 1 4.7995 2.6402 6.4589
875 1 2.7677 10.737 4.1664
876 1 0.43021 0.91046 3.6487
877 1 5.5506 7.3754 0.93752
878 1 8.5055 8.3115 5.5503
879 1 1.9802 4.5549 0.20172
880 1 3.5513 9.0849 6.8346
881 1 10.416 2.813 4.3031
882 1 3.3115 8.3679 12.019
883 1 7.6444 2.5766 0.93737
884 1 0.81584 9.7133 2.5952
885 1 9.1212 6.5807 7.5671
886 1 4.7029 10.655 2.223
887 1 8.9098 8.8955 6.3668
888 1 11.376 7.9891 12.355
889 1 4.3038 11.21 10.21
890 1 0.44091 4.748 5.4252
891 1 9.0021 7.1307 9.2718
892 1 6.294 9.1809 0.48679
893 1 0.54798 11.841 10.435
894 1 9.3715 7.5541 0.39036
895 1 9.2529 8.8791 8.6227
896 1 2.6568 12.37 2.1721
897 1 4.518 3.1111 3.4609
898 1 6.8689 10.811 8.4469
899 1 0.14879 1.7485 11.679
900 1 5.7229 1.8218 4.3021
901 1 2.6891 4.6125 6.8305
902 1 3.5849 3.7271 0.94095
903 1 11.36 3.6267 11.057
904 1 3.5167 3.9358 10.943
905 1 4.6645 10.905 6.3231
906 1 2.3286 12.512 0.21056
907 1 9.3341 3.1796 12.362
908 1 4.9463 2.6457 1.6639
909 1 5.3733 10.934 1.3329
910 1 0.22801 12.019 3.4548
911 1 11.488 3.8204 9.0279
912 1 1.4932 0.25577 7.3706
913 1 11.532 6.0972 0.14366
914 1 4.4347 0.78695 6.2811
915 1 7.3418 5.3795 2.1873
916 1 1.5649 10.361 11.66
917 1 11.291 3.031 1.8388
918 1 2.3219 9.836 5.5699
919 1 11.69 7.1957 11.659
920 1 0.34456 1.3182 7.362
921 1 10.211 10.032 1.6922
922 1 5.529 9.6212 4.6751
923 1 7.5736 9.6563 4.5179
924 1 9.6077 3.8615 0.58408
925 1 11.548 0.85452 10.686
926 1 12.192 6.9012 7.0732
927 1 6.2646 4.2875 10.383
928 1 2.1614 8.1526 11.496
929 1 4.529 5.8173 11.581
930 1 2.3397 10.825 5.1393
931 1 11.837 8.6501 6.2434
932 1 3.9429 8.9201 2.0586
933 1 5.6644 5.6969 4.5186
934 1 7.2314 8.2802 1.8997
935 1 10.69 0.1157 4.9581
936 1 1.0289 1.9399 4.7635
937 1 10.935 5.8773 2.6214
938 1 2.211 4.4642 3.1717
939 1 12.476 5.8705 7.2933
940 1 3.551 6.9994 10.682
941 1 3.28 10.661 3.2285
942 1 7.5453 12.518 1.8569
943 1 4.8265 0.99465 5.2191
944 1 2.6821 0.67002 12.309
945 1 4.0875 1.0635 7.6938
946 1 0.93654 10.904 6.086
947 1 9.1707 11.28 2.5124
948 1 12.224 12.283 1.3433
949 1 10.763 2.6481 10.034
950 1 5.3831 11.45 7.0333
951 1 11.982 0.32125 8.7005
952 1 0.56555 9.9985 9.4155
953 1 9.3374 3.7281 10.559
954 1 1.9232 9.135 3.8263
955 1 0.74123 0.59874 8.0824
956 1 4.4575 11.718 7.6433
957 1 10.897 9.2492 9.7908
958 1 0.84986 1.9856 10.884
959 1 8.553 6.6349 6.4069
960 1 2.682 6.4729 9.0596
961 1 5.9892 10.139 8.2564
962 1 7.524 2.6806 3.7792
963 1 5.0261 11.268 3.1688
964 1 4.3083 10.158 9.2238
965 1 3.3545 11.561 3.8743
966 1 4.8463 10.294 10.153
967 1 1.6959 12.108 6.6656
968 1 6.1631 2.7142 5.1247
969 1 6.0689 10.812 2.2323
970 1 5.1226 4.9082 11.692
971 1 2.2275 3.1338 2.5551
972 1 0.18202 2.5035 2.1362
973 1 5.5525 3.4737 6.2086
974 1 10.065 7.8374 10.943
975 1 9.3175 11.361 7.9617
976 1 0.99795 6.9463 10.821
977 1 8.5722 3.5253 2.4056
978 1 9.8912 7.4431 7.5578
979 1 6.1718 2.2981 7.9978
980 1 11.011 9.0521 7.9012
981 1 0.8669 4.8796 11.393
982 1 11.55 4.0681 1.8519
983 1 11.837 3.5345 12.309
984 1 8.9157 4.7352 4.8863
985 1 4.492 3.9611 11.409
986 1 9.1379 12.514 9.7633
987 1 10.145 9.2738 0.92819
988 1 11.485 4.3566 11.954
989 1 2.5802 9.8805 1.4109
990 1 5.1211 3.3337 10.813
991 1 9.8478 1.7326 7.3226
992 1 3.158 10.03 4.9244
993 1 3.4701 3.6972 4.7295
994 1 5.7286 0.11206 8.7231
995 1 0.89615 6.0041 0.10117
996 1 9.2325 4.3337 5.8979
997 1 10.852 10.177 7.7852
998 1 9.6376 3.2927 9.648
999 1 6.1709 8.3551 2.2213
1000 1 2.887 1.6413 6.4448
1001 1 7.4072 9.0361 7.5892
1002 1 1.6024 10.188 9.8648
1003 1 10.607 6.6443 8.0574
1004 1 9.7601 1.9858 4.5796
1005 1 8.1046 0.78472 7.2426
1006 1 5.2933 9.477 7.5612
1007 1 7.9545 9.8806 8.0737
1008 1 9.5425 3.6077 5.12
1009 1 6.5678 9.406 3.8229
1010 1 1.3524 12.01 3.4445
1011 1 3.9528 2.9399 7.0515
1012 1 9.0134 7.9417 7.9392
1013 1 12.575 11.021 3.6843
1014 1 4.1284 7.8675 5.092
1015 1 7.2381 2.0905 8.4711
1016 1 2.1243 5.5268 6.4578
1017 1 1.1964 4.235 12.213
1018 1 3.3076 5.1711 8.5801
1019 1 1.9578 0.21998 3.7732
1020 1 2.7872 4.5583 9.3236
1021 1 8.1355 9.5063 11.077
1022 1 10.274 4.1696 3.1979
1023 1 8.1261 0.10576 10.083
1024 1 11.206 11.922 4.4642
1025 1 1.0879 0.79426 9.1305
1026 1 10.616 3.6279 4.9511
1027 1 11.343 9.9006 11.768
1028 1 5.6369 0.24849 9.8184
1029 1 6.3665 6.7407 0.80533
1030 1 0.75902 3.143 7.6206
1031 1 0.19621 12.455 5.085
1032 1 5.5005 0.48533 4.1138
1033 1 6.5986 4.4695 5.7074
1034 1 6.7503 1.344 7.7864
1035 1 5.912 10.689 12.096
1036 1 6.1203 6.306 12.493
1037 1 11.703 2.0206 6.2746
1038 1 0.48922 8.3943 11.937
1039 1 9.867 7.3995 4.7654
1040 1 12.048 10.078 3.8634
1041 1 8.2294 6.8424 5.3069
1042 1 1.8759 11.694 2.5613
1043 1 4.4482 8.3406 9.8612
1044 1 0.91469 7.2963 1.0751
1045 1 4.1295 5.5953 9.8688
1046 1 10.471 5.9113 3.0757
1047 1 8.2424 6.1873 0.11728
1048 1 8.5918 3.506 0.68725
1049 1 6.3892 12.275 0.41805
1050 1 10.946 7.1695 5.0131
1051 1 8.9726 1.2607 3.69
1052 1 7.0278 10.953 2.8599
1053 1 8.83 4.1706 1.4908
1054 1 4.5516 1.5962 1.4209
1055 1 8.4278 12.076 11.826
1056 1 10.537 4.276 11.312
1057 1 9.7084 4.9425 2.8013
1058 1 2.2492 10.532 9.1333
1059 1 1.1153 1.1235 6.5851
1060 1 7.0484 0.25778 10.431
1061 1 5.743 7.5582 3.0238
1062 1 12.581 2.1424 10.299
1063 1 0.93324 2.4372 11.866
1064 1 10.298 3.2102 2.237
1065 1 1.1326 4.8506 5.1161
1066 1 11.052 2.006 1.9619
1067 1 0.94965 1.835 2.5592
1068 1 0.26192 5.1956 2.7494
1069 1 5.231 9.4381 10.663
1070 1 3.1783 3.3141 2.0126
1071 1 7.3369 2.0677 2.892
1072 1 9.7719 6.3079 9.4051
1073 1 9.9242 3.0752 8.1422
1074 1 11.502 2.9237 4.4559
1075 1 9.7409 5.2152 7.5094
1076 1 3.8986 12.42 3.5831
1077 1 5.9394 6.2859 8.8167
1078 1 11.583 1.8802 4.0676
1079 1 6.9811 7.8931 6.0371
1080 1 5.8218 8.0651 9.2113
1081 1 1.7258 4.4001 4.1146
1082 1 9.827 0.17516 7.7419
1083 1 0.92345 11.049 3.539
1084 1 12.223 9.7913 9.0877
1085 1 12.444 4.5786 4.6384
1086 1 6.4965 7.6349 1.423
1087 1 8.1561 11.707 0.084075
1088 1 10.965 8.9555 6.8206
1089 1 4.2875 11.635 1.9313
1090 1 3.6602 6.0594 4.2492
1091 1 7.1856 6.9203 5.6139
1092 1 11.371 10.249 9.6617
1093 1 5.8391 9.74 11.495
1094 1 6.8041 9.1687 2.5408
1095 1 11.341 3.7365 5.7952
1096 1 10.732 8.0592 6.2698
1097 1 0.57547 3.8382 4.8342
1098 1 4.7241 2.2353 4.6409
1099 1 10.934 6.4117 9.8308
1100 1 0.79816 0.09273 2.9395
1101 1 9.2602 4.9277 8.5086
1102 1 4.5205 4.9332 5.883
1103 1 1.7299 0.59733 11.702
1104 1 7.8298 2.2773 10.081
1105 1 6.6296 1.7694 4.9103
1106 1 0.092847 6.9336 1.7969
1107 1 5.7722 8.3857 1.1931
1108 1 2.0562 8.9108 10.493
1109 1 4.2175 11.065 8.4832
1110 1 7.766 5.6389 3.988
1111 1 8.1374 4.5512 0.67928
1112 1 5.2905 5.5167 6.4187
1113 1 7.2079 0.84611 4.7663
1114 1 3.7638 4.441 6.6257
1115 1 8.4008 6.3104 9.5944
1116 1 2.6365 10.553 7.0781
1117 1 3.1917 2.6313 8.8186
1118 1 12.428 3.536 4.2702
1119 1 4.851 12.103 9.9497
1120 1 4.3263 0.13335 7.1646
1121 1 5.2915 12.421 7.7023
1122 1 8.6089 10.298 11.583
1123 1 6.2911 7.2984 8.3288
1124 1 10.818 0.85037 11.457
1125 1 2.5035 12.436 11.77
1126 1 5.4621 1.7103 11.392
1127 1 0.091457 8.9069 2.2459
1128 1 0.88372 5.6447 9.9613
1129 1 8.8772 2.3174 6.3056
1130 1 5.2385 11.498 11.894
1131 1 3.9826 1.7237 6.8129
1132 1 4.8982 11.109 9.3179
1133 1 10.572 4.3383 2.1606
1134 1 3.7475 5.77 3.2026
1135 1 5.0837 4.6532 8.7401
1136 1 1.309 3.7938 6.8947
1137 1 1.4193 5.8074 2.7216
1138 1 4.2975 12.069 8.2323
1139 1 5.4774 5.4531 12.609
1140 1 8.514 10.668 9.534
1141 1 6.6112 4.7254 2.6316
1142 1 2.8632 2.9401 11.976
1143 1 6.8437 10.11 1.9348
1144 1 10.033 8.4777 8.0107
1145 1 2.5298 9.0226 12.3
1146 1 4.3614 2.7821 8.8527
1147 1 3.6759 6.1927 8.7271
1148 1 6.7814 1.6022 8.4162
1149 1 3.7945 0.76644 4.0393
1150 1 6.384 6.085 10.89
1151 1 9.4524 9.9357 0.40796
1152 1 7.4867 5.4265 12.54
1153 1 8.635 2.5176 1.4099
1154 1 10.464 10.289 0.67667
1155 1 2.5644 9.4756 6.612
1156 1 12.476 5.2179 3.7786
1157 1 6.9864 1.0502 3.0996
1158 1 11.129 8.0322 11.228
1159 1 9.2631 9.8451 6.8211
1160 1 0.24026 2.0157 2.1523
1161 1 1.3899 2.7727 3.2446
1162 1 7.0784 0.85146 2.0644
1163 1 9.4501 5.6284 4.9471
1164 1 0.48884 4.1618 2.4949
1165 1 8.2214 12.436 1.0072
1166 1 2.5896 6.1784 4.2696
1167 1 2.803 8.3519 6.6411
1168 1 9.1791 4.3261 9.6517
1169 1 4.4909 3.1218 0.76431
1170 1 10.334 7.2371 9.3957
1171 1 2.5892 2.581 3.4158
1172 1 5.3258 7.1672 8.8146
1173 1 8.1884 1.9037 3.4676
1174 1 1.202 2.8397 2.2002
1175 1 8.6876 0.12733 6.437
1176 1 1.1982 6.3876 5.8771
1177 1 3.9921 10.561 0.18494
1178 1 2.3229 6.1991 3.178
1179 1 1.3551 1.0062 4.2497
1180 1 6.6616 2.2227 1.2455
1181 1 12.46 5.822 1.8675
1182 1 12.293 3.6555 11.56
1183 1 10.387 11.902 10.051
1184 1 5.292 4.0017 4.3007
1185 1 8.8124 3.9125 4.2337
1186 1 5.4607 6.9417 6.8493
1187 1 6.5056 2.5986 4.0883
1188 1 7.993 1.2603 2.5723
1189 1 12.118 1.5695 2.3505
1190 1 11.511 5.1027 4.7354
1191 1 6.0754 2.9875 1.9535
1192 1 2.1606 1.95 0.87896
1193 1 0.41091 0.74983 4.742
1194 1 6.0259 4.1615 6.942
1195 1 1.5568 7.273 5.4035
1196 1 11.51 0.27923 3.7511
1197 1 2.4637 5.3302 2.5627
1198 1 10.813 12.511 7.7871
1199 1 0.43915 4.5773 9.6293
1200 1 11.143 2.7053 3.4226
1201 1 4.9 4.5661 5.5221
1202 1 0.97974 1.3596 12.269
1203 1 10.22 10.942 2.3409
1204 1 6.601 10.225 4.7349
1205 1 7.7013 12.358 11.063
1206 1 2.2164 8.8623 0.66532
1207 1 7.1658 7.5458 10.023
1208 1 7.1138 11.402 11.041
1209 1 6.2939 6.5987 3.0144
1210 1 8.6319 9.2333 4.9637
1211 1 4.8403 3.5771 8.2169
1212 1 3.7497 3.2562 8.0983
1213 1 9.7985 10.396 7.572
1214 1 1.8444 0.084451 2.7215
1215 1 11.625 7.7061 6.7324
1216 1 6.9792 5.649 3.1961
1217 1 8.4055 4.7576 11.527
1218 1 0.63341 2.768 4.1463
1219 1 6.5748 11.241 4.2497
1220 1 2.8609 6.4751 11.377
1221 1 8.8942 3.4125 7.8678
1222 1 10.049 11.905 7.3021
1223 1 9.5796 4.0072 2.2938
1224 1 1.9739 3.5122 5.6373
1225 1 8.0668 1.2761 11.947
1226 1 5.9136 2.4647 6.18
1227 1 6.3596 3.6832 4.2236
1228 1 5.3967 6.1808 2.5289
1229 1 10.699 11.752 3.5385
1230 1 8.9771 11.8 6.1636
1231 1 6.585 2.8256 2.9244
1232 1 5.0291 0.72634 8.1296
1233 1 0.19666 3.9193 12.524
1234 1 5.8964 2.6929 11.323
1235 1 10.145 1.2205 8.9879
1236 1 1.6196 0.31859 6.0673
1237 1 2.9596 4.299 3.9394
1238 1 4.0827 3.0124 10.717
1239 1 11.299 1.1305 8.812
1240 1 3.865 6.7405 11.679
1241 1 6.4311 5.6389 0.58571
1242 1 7.7372 8.4139 9.6167
1243 1 10.04 9.7242 10.368
1244 1 9.9408 1.2 6.4152
1245 1 8.9293 2.9996 8.8271
1246 1 2.8185 4.1856 5.8236
1247 1 2.8918 8.5327 9.5646
1248 1 5.4203 12.449 6.6253
1249 1 10.322 2.0344 8.2548
1250 1 8.836 0.19428 1.7877
1251 1 6.965 2.3767 5.7699
1252 1 10.622 6.0803 10.823
1253 1 11.14 6.8081 0.83249
1254 1 0.35928 11.242 9.3577
1255 1 6.3937 10.066 2.9603
1256 1 4.6953 6.3439 9.2277
1257 1 0.70816 0.35148 11.977
1258 1 9.9642 8.3373 6.9365
1259 1 1.4432 5.2629 8.1702
1260 1 6.8395 4.2156 11.905
1261 1 7.8209 3.1403 8.1727
1262 1 9.7081 4.1699 7.754
1263 1 0.52823 6.2437 1.0972
1264 1 7.133 4.3032 4.8002
1265 1 8.7207 2.8231 10.578
1266 1 9.6187 10.895 1.4207
1267 1 7.1503 1.379 0.78348
1268 1 5.2258 4.4665 10.747
1269 1 6.4974 3.6898 9.5192
1270 1 1.7814 5.2912 11.088
1271 1 11.708 5.9112 9.1745
1272 1 3.873 2.467 1.7034
1273 1 0.72926 0.53066 10.14
1274 1 6.7197 10.518 6.5421
1275 1 8.7223 8.6544 11.527
1276 1 10.88 8.0597 7.4485
1277 1 0.29997 0.97247 2.6096
1278 1 3.4524 3.1024 3.866
1279 1 2.8112 7.9357 0.84767
1280 1 11.875 8.5615 7.3367
1281 1 5.007 8.3308 3.9375
1282 1 0.14788 2.0614 9.1913
1283 1 12.003 7.6071 10.697
1284 1 0.52356 7.1573 7.4026
1285 1 5.4018 5.0334 2.7201
1286 1 12.057 10.895 9.0492
1287 1 9.6484 7.3446 3.7286
1288 1 7.0657 1.6925 9.4656
1289 1 7.8 4.411 12.374
1290 1 8.3165 4.0157 10.626
1291 1 6.8707 2.714 9.5768
1292 1 2.0004 12.136 5.5222
1293 1 2.6467 10.135 2.5023
1294 1 3.3782 6.8625 5.4743
1295 1 10.024 5.2222 11.161
1296 1 7.3101 9.5018 0.31757
1297 1 2.6186 8.7996 5.6478
1298 1 4.6362 2.6367 7.7563
1299 1 5.2142 3.3685 11.94
1300 1 1.6103 3.3454 8.3206
1301 1 9.3373 8.3362 4.8613
1302 1 9.5017 6.8816 11.309
1303 1 11.488 7.5117 3.2027
1304 1 4.5 9.7234 1.56
1305 1 10.867 3.4202 11.997
1306 1 6.2145 8.0339 0.28752
1307 1 8.1106 0.18256 2.6575
1308 1 12.069 9.157 8.2046
1309 1 9.868 9.1014 9.4929
1310 1 1.6587 12.007 10.348
1311 1 11.548 8.1956 8.3331
1312 1 10.978 11.502 11.965
1313 1 1.4678 7.9608 10.712
1314 1 3.1261 6.2346 2.4707
1315 1 7.9346 12.329 3.58
1316 1 11.229 6.1546 11.733
1317 1 7.9827 3.7363 7.2085
1318 1 3.895 3.0907 11.737
1319 1 4.8399 7.0954 2.6691
1320 1 11.028 1.4333 0.084624
1321 1 2.3181 4.4643 10.634
1322 1 3.1884 9.1102 8.6423
1323 1 3.6793 12.404 2.4204
1324 1 4.9024 9.2705 9.5918
1325 1 9.7965 2.3929 9.0971
1326 1 1.1994 3.9673 0.66411
1327 1 7.9103 6.1643 8.6492
1328 1 1.6882 1.6914 11.55
1329 1 6.1856 4.9329 11.272
1330 1 8.9477 8.5845 9.6106
1331 1 9.1331 9.8847 1.4111
1332 1 10.93 10.921 6.0564
1333 1 10.117 9.5459 8.4508
1334 1 4.6268 4.9949 7.7751
1335 1 8.2908 9.475 7.1175
1336 1 4.2671 2.0875 10.176
1337 1 12.296 8.0166 9.6893
1338 1 6.762 6.79 7.4184
1339 1 1.4683 5.3018 12.189
1340 1 8.8444 5.6125 2.7872
1341 1 10.878 11.281 0.34698
1342 1 8.8409 10.964 12.392
1343 1 6.4103 6.2899 5.0903
1344 1 3.1932 1.716 3.1401
1345 1 3.0384 10.878 8.5095
1346 1 5.9941 9.3103 9.5569
1347 1 9.0189 4.9145 10.632
1348 1 6.1803 8.5118 3.2919
1349 1 3.1049 9.7442 7.5783
1350 1 1.2213 8.4761 4.3079
1351 1 7.1708 8.2712 2.9884
1352 1 7.0673 11.457 0.26733
1353 1 6.7868 2.1827 6.836
1354 1 4.472 7.5485 10.566
1355 1 7.4281 1.4204 5.6557
1356 1 6.4089 2.0459 12.026
1357 1 10.964 1.7509 10.607
1358 1 4.7345 8.5069 10.968
1359 1 9.3955 2.7609 7.174
1360 1 10.889 4.061 0.21728
1361 1 0.80323 5.8501 8.87
1362 1 10.518 12.441 11.591
1363 1 10.982 3.6564 3.8628
1364 1 5.679 2.7055 11.187
1365 1 7.1967 9.9372 5.6082
1366 1 1.5221 3.1505 9.4102
1367 1 4.2701 8.5588 12.409
1368 1 0.24403 11.401 5.3228
1369 1 4.7576 1.2732 4.1682
1370 1 4.6901 7.9696 1.2945
1371 1 12.325 5.4416 9.4552
1372 1 4.5835 10.854 4.9661
1373 1 0.88883 4.534 1.5358
1374 1 3.3495 3.9864 12.008
1375 1 10.852 5.7485 0.9849
1376 1 0.31473 5.687 4.6661
1377 1 5.5315 9.8458 12.437
1378 1 0.22433 1.3973 1.6412
1379 1 8.4157 1.2854 8.1584
1380 1 8.7331 5.579 7.7598
1381 1 10.646 5.0735 12.047
1382 1 8.0097 9.9915 1.9187
1383 1 6.4656 7.0433 6.4298
1384 1 7.2226 6.4309 2.4994
1385 1 7.861 2.7701 9.1299
1386 1 12.207 5.5932 5.3809
1387 1 2.1664 6.5579 2.1606
1388 1 10.693 7.3299 3.988
1389 1 4.7729 8.5309 7.7707
1390 1 2.3511 5.0978 5.5084
1391 1 0.78692 10.262 12.437
1392 1 5.3953 6.3248 0.60658
1393 1 6.102 6.098 6.9134
1394 1 1.2704 0.91172 2.0898
1395 1 1.91 2.7585 11.274
1396 1 11.691 11.211 8.0856
1397 1 10.078 1.3959 12.169
1398 1 11.445 8.4258 10.239
1399 1 10.56 5.3875 6.7668
1400 1 6.0511 11.436 11.172
1401 1 6.9707 6.4072 8.9882
1402 1 12.34 8.1963 0.40423
1403 1 8.2694 7.3045 0.29972
1404 1 12.509 6.6847 8.0746
1405 1 1.7041 6.1834 10.505
1406 1 6.7329 10.451 0.3049
1407 1 4.6856 1.7814 8.4412
1408 1 2.314 0.74092 7.9463
1409 1 0.23636 5.2286 1.0229
1410 1 10.576 8.8679 10.797
1411 1 6.7739 2.7271 0.25193
1412 1 9.4451 11.089 4.2875
1413 1 12.115 1.5606 0.59308
1414 1 7.3073 2.7815 7.5772
1415 1 8.5118 7.3831 1.369
1416 1 3.4988 6.8313 7.7648
1417 1 4.9614 4.984 3.9687
1418 1 1.837 8.0825 6.1089
1419 1 9.6285 0.9625 1.5612
1420 1 8.0871 5.8858 11.757
1421 1 7.8331 2.049 6.4318
1422 1 4.3072 12.336 0.19297
1423 1 0.76547 11.594 6.9335
1424 1 6.1474 2.0093 9.9762
1425 1 11.731 11.348 1.7158
1426 1 11.142 11.764 10.896
1427 1 10.953 8.9692 5.7218
1428 1 3.5927 0.68517 2.9456
1429 1 0.41023 9.3599 8.5454
1430 1 5.4477 11.251 10.252
1431 1 5.4165 10.143 9.228
1432 1 1.3016 7.894 3.3605
1433 1 4.7672 10.433 12.079
1434 1 7.2257 9.517 6.6393
1435 1 6.0465 0.53486 7.7737
1436 1 1.2715 9.7932 10.788
1437 1 12.427 6.7926 11.132
1438 1 6.5766 3.3751 5.8998
1439 1 5.3413 10.61 11.124
1440 1 3.0527 2.772 1.0593
1441 1 2.8827 12.562 1.1397
1442 1 9.7946 2.6749 10.52
1443 1 8.3067 2.726 7.1791
1444 1 4.6675 9.5149 2.65
1445 1 6.974 9.5026 11.297
1446 1 3.9972 11.46 2.9967
1447 1 7.9294 3.4381 1.5634
1448 1 9.5309 10.567 9.8465
1449 1 6.0015 5.396 5.5428
1450 1 3.9399 8.4346 4.1414
1451 1 5.2829 7.8868 4.9695
1452 1 11.984 1.4211 7.1691
1453 1 0.7861 10.456 7.047
1454 1 1.4471 6.7511 6.8326
1455 1 7.9363 0.78725 3.537
1456 1 9.4762 12.228 11.655
1457 1 3.1277 0.64716 1.9308
1458 1 5.5228 9.3438 3.6087
1459 1 12.508 5.6523 8.3927
1460 1 8.2529 8.3794 7.1422
1461 1 9.3234 7.8075 11.954
1462 1 2.5303 2.6791 9.784
1463 1 7.584 8.8955 5.291
1464 1 0.13271 4.1765 0.87567
1465 1 3.6257 6.5981 9.6925
1466 1 6.6144 8.9072 9.4649
1467 1 1.123 3.1444 11.365
1468 1 3.9966 4.0157 3.7299
1469 1 8.4537 8.028 8.8774
1470 1 10.864 2.9255 6.3824
1471 1 5.9549 4.5572 3.5616
1472 1 8.5405 5.9262 10.627
1473 1 9.6875 7.9856 8.9623
1474 1 11.527 10.527 0.96696
1475 1 4.067 8.7178 3.1137
1476 1 8.5356 9.0662 1.7387
1477 1 11.621 0.72468 12.248
1478 1 1.0535 11.773 8.6909
1479 1 11.7 2.7463 11.686
1480 1 1.4757 3.9733 11.159
1481 1 2.1951 0.12437 10.803
1482 1 2.0633 9.9969 4.4934
1483 1 11.258 11.383 9.623
1484 1 8.612 10.68 8.4761
1485 1 10.695 9.9953 5.5672
1486 1 11.661 9.8534 5.0524
1487 1 8.1045 6.2848 3.1425
1488 1 7.5597 9.1796 3.5315
1489 1 5.6507 10.679 4.9967
1490 1 2.6102 6.3408 1.1802
1491 1 11.01 4.4188 6.5291
1492 1 5.9868 1.4926 7.0521
1493 1 11.906 11.723 5.3426
1494 1 9.7452 5.701 0.99863
1495 1 8.4149 1.8406 5.404
1496 1 3.8655 1.8727 9.1769
1497 1 1.1586 11.252 12.212
1498 1 0.4296 10.069 3.6042
1499 1 10.581 10.481 12.312
1500 1 1.5535 11.643 0.50255
1501 1 11.245 6.8355 8.8721
1502 1 7.041 5.3527 5.204
1503 1 12.405 10.419 9.9458
1504 1 6.9593 10.013 10.28
1505 1 4.0589 4.3408 8.423
1506 1 4.6303 0.47636 3.4075
1507 1 12.525 9.2042 11.456
1508 1 8.5897 10.838 1.742
1509 1 9.8323 5.9082 8.292
1510 1 10.504 2.5937 7.3591
1511 1 12.173 6.4985 0.97823
1512 1 2.6322 9.8557 3.5432
1513 1 5.373 12.124 0.31303
1514 1 0.15603 11.337 1.7717
1515 1 0.69123 11.727 4.3857
1516 1 3.1976 7.3076 6.5909
1517 1 12.209 11.855 11.218
1518 1 10.881 4.7523 5.5188
1519 1 10.726 4.6431 4.1252
1520 1 11.929 1.7811 11.123
1521 1 1.1457 8.6147 2.4456
1522 1 8.2067 11.535 5.2628
1523 1 7.8319 8.9831 2.5007
1524 1 3.6793 2.1473 12.214
1525 1 7.8684 7.9242 8.0093
1526 1 0.070215 1.9527 3.1088
1527 1 10.361 5.5167 3.4631
1528 1 8.4884 2.5152 0.28575
1529 1 5.3618 5.5332 9.3237
1530 1 11.758 11.992 3.4273
1531 1 6.8313 8.166 7.9302
1532 1 8.2554 9.3021 9.1164
1533 1 7.3594 7.0446 8.2404
1534 1 9.2511 3.7782 3.2721
1535 1 9.6352 4.0332 6.1821
1536 1 4.725 2.4853 11.409
1537 1 6.6618 8.1504 10.891
1538 1 1.8498 8.7168 7.0132
1539 1 4.315 4.3719 4.6608
1540 1 3.9518 12.479 1.3158
1541 1 7.9705 9.8247 10.038
1542 1 3.8303 10.494 4.1368
1543 1 4.4291 1.9993 5.6514
1544 1 3.79 0.86843 1.1202
1545 1 11.854 5.3731 12.07
1546 1 3.7908 12.111 4.739
1547 1 8.4915 9.7504 2.83
1548 1 0.58891 12.033 11.579
1549 1 9.837 1.3552 3.0023
1550 1 1.958 11.193 6.0445
1551 1 3.8581 4.1473 5.614
1552 1 3.64 8.9399 5.0518
1553 1 4.3146 10.414 3.1853
1554 1 6.1713 9.5998 6.7789
1555 1 5.9022 10.204 10.239
1556 1 7.8868 3.3771 8.2284
1557 1 5.7228 6.55 7.8121
1558 1 5.3143 0.8161 1.6892
1559 1 7.3313 1.3658 10.465
1560 1 1.3461 2.3102 8.0565
1561 1 5.7109 8.8286 12.367
1562 1 10.115 11.795 0.93312
1563 1 8.7506 12.308 10.821
1564 1 9.4822 0.11331 4.6147
1565 1 4.4557 9.5358 0.91173
1566 1 5.7513 9.2787 2.583
1567 1 1.4327 3.7778 2.8159
1568 1 7.927 12.033 6.1448
1569 1 6.1365 7.6697 7.2592
1570 1 1.4276 5.4917 4.6557
1571 1 1.2381 2.0943 0.37772
1572 1 7.4545 3.7006 3.9974
1573 1 10.859 1.6525 6.9346
1574 1 7.899 0.74956 1.4055
1575 1 0.77444 2.875 5.2947
1576 1 2.9129 10.594 6.0392
1577 1 11.57 10.86 10.516
1578 1 3.2963 5.1511 6.0232
1579 1 11.736 7.2754 1.6536
1580 1 4.9063 10.215 0.71756
1581 1 4.393 7.071 7.1742
1582 1 6.0192 11.705 5.0412
1583 1 2.4686 11.372 9.8551
1584 1 3.1909 10.003 9.2147
1585 1 1.329 5.3417 5.7238
1586 1 12.335 11.536 2.6733
1587 1 8.8065 0.75979 0.86735
1588 1 12.361 0.1651 3.011
1589 1 10.345 10.09 9.3605
1590 1 7.5895 10.959 5.3342
1591 1 7.6153 4.4138 8.2272
1592 1 1.9476 9.7223 7.4367
1593 1 8.2075 2.4951 2.4014
1594 1 1.1735 9.1701 9.8992
1595 1 8.6462 7.5817 4.5736
1596 1 9.4879 0.34718 8.8226
1597 1 1.123 4.2181 7.8925
1598 1 2.2407 6.9704 6.1305
1599 1 9.0765 9.7494 8.0298
1600 1 1.9085 5.9007 7.4493
1601 1 0.19569 9.1444 11.75
1602 1 4.9717 6.3974 12.338
1603 1 2.585 7.914 10.443
1604 1 1.9649 3.3787 10.393
1605 1 4.3288 4.8615 3.0234
1606 1 5.6664 3.7362 8.8422
1607 1 9.506 7.7279 10.009
1608 1 4.3496 9.1949 8.5679
1609 1 1.2461 11.247 1.6837
1610 1 9.465 1.1384 8.0962
1611 1 7.2527 11.443 6.914
1612 1 0.68836 6.6202 11.896
1613 1 12.413 0.61846 0.89932
1614 1 2.0823 0.42045 4.8505
1615 1 10.366 5.3447 1.8683
1616 1 0.89997 0.30769 4.0598
1617 1 7.5032 3.7866 9.1377
1618 1 10.475 2.2558 3.9361
1619 1 9.2981 5.8627 6.7092
1620 1 0.86159 6.6579 9.6388
1621 1 2.7921 0.89826 3.7579
1622 1 9.862 6.2267 4.0985
1623 1 5.9521 4.6313 9.4058
1624 1 3.1843 3.7593 7.3279
1625 1 6.2142 12.146 10.345
1626 1 9.8491 4.5473 1.3748
1627 1 11.468 5.1382 1.9967
1628 1 9.0978 1.4287 11.559
1629 1 5.6499 10.419 7.2475
1630 1 11.829 1.8167 5.2001
1631 1 12.094 1.1517 3.4263
1632 1 8.0898 8.3461 1.0216
1633 1 5.6889 10.649 6.2026
1634 1 2.0751 6.1673 5.2842
1635 1 8.6664 10.512 7.424
1636 1 5.0551 2.2024 3.5657
1637 1 11.871 9.0647 12.268
1638 1 12.49 6.2335 3.5354
1639 1 11.53 10.483 5.8824
1640 1 8.6664 12.03 4.3646
1641 1 0.19094 8.641 4.6616
1642 1 1.2154 10.666 8.8268
1643 1 9.2449 7.779 2.7738
1644 1 10.196 7.2682 5.8042
1645 1 1.0249 9.5843 4.3565
1646 1 6.2248 2.0625 8.9079
1647 1 11.843 0.62496 9.6942
1648 1 10.347 2.6208 1.3026
1649 1 3.5236 1.1469 11.789
1650 1 9.6808 8.2627 5.8943
1651 1 10.606 7.6474 8.4281
1652 1 12.102 4.3929 9.9216
1653 1 9.8254 8.4631 4.4841
1654 1 1.5481 1.0509 1.0239
1655 1 0.43167 3.15 6.5753
1656 1 7.6186 9.9822 11.977
1657 1 5.9305 11.017 8.9577
1658 1 6.6272 8.1759 5.0705
1659 1 1.9218 6.1736 12.531
1660 1 8.2491 7.7516 11.878
1661 1 11.227 10.896 5.0011
1662 1 10.839 8.674 0.32476
1663 1 2.8565 8.0792 8.5434
1664 1 8.1032 1.3168 4.4463
1665 1 3.425 0.23693 0.31069
1666 1 2.455 11.014 1.977
1667 1 11.134 0.30076 1.6806
1668 1 5.9862 3.3535 7.8987
1669 1 9.2789 11.517 10.271
1670 1 6.6993 0.11803 12.238
1671 1 10.084 6.6747 0.66683
1672 1 10.021 9.2464 6.3182
1673 1 6.2196 6.5458 4.0768
1674 1 5.6599 5.2967 7.445
1675 1 11.607 9.0496 11.117
1676 1 4.7172 6.1385 4.3311
1677 1 6.3912 11.139 7.5133
1678 1 7.4783 11.034 1.923
1679 1 8.8415 6.8363 12.205
1680 1 3.8146 9.1857 9.5028
1681 1 6.1447 7.924 11.893
1682 1 11.961 5.6022 2.8343
1683 1 1.5897 3.734 1.7495
1684 1 10.015 11.563 6.1801
1685 1 5.7519 6.4001 5.9298
1686 1 11.621 10.659 12.579
1687 1 2.9963 2.8252 10.788
1688 1 0.96787 2.1871 7.0341
1689 1 3.5351 11.891 8.1954
1690 1 0.16604 1.614 5.2673
1691 1 2.5564 12.429 8.3706
1692 1 4.9814 7.8748 6.7868
1693 1 3.9415 0.12301 9.9636
1694 1 7.018 7.8363 8.9629
1695 1 1.2798 1.0828 5.3624
1696 1 7.6029 10.947 5.9401
1697 1 3.6205 1.2928 5.7984
1698 1 9.1153 8.1969 1.7342
1699 1 0.77795 6.8479 8.5256
1700 1 10.167 1.071 5.1151
1701 1 8.5527 5.2217 12.506
1702 1 1.6623 11.93 7.7649
1703 1 10.926 6.3231 4.3018
1704 1 2.4198 5.1214 4.4795
1705 1 12.249 4.5745 8.8697
1706 1 6.3355 3.2872 12.096
1707 1 11.226 8.0344 2.3123
1708 1 0.80776 4.7017 6.462
1709 1 8.9775 10.069 4.3746
1710 1 8.3934 8.6505 10.503
1711 1 3.5799 9.6531 2.9654
1712 1 0.96475 3.0356 10.798
1713 1 2.6104 2.9593 4.5094
1714 1 10.822 10.636 3.2676
1715 1 10.472 3.6919 1.2645
1716 1 11.724 7.1116 4.1847
1717 1 10.061 6.8601 10.372
1718 1 2.9546 12.368 5.2776
1719 1 11.884 10.2 8.1435
1720 1 5.9782 11.224 0.42428
1721 1 0.1677 7.2388 10.165
1722 1 7.3266 7.6683 7.0677
1723 1 8.677 1.4376 1.7567
1724 1 7.6392 10.452 10.976
1725 1 11.895 2.5866 2.6551
1726 1 11.266 6.9155 6.0569
1727 1 4.9496 11.121 0.19994
1728 1 11.192 5.2295 11.145
1729 1 4.8655 7.0759 11.526
1730 1 0.78291 11.625 2.6189
1731 1 5.4405 7.6381 1.9802
1732 1 6.562 9.7598 12.244
1733 1 9.5597 10.223 12.053
1734 1 1.3411 10.206 5.3249
1735 1 10.497 7.6327 0.38087
1736 1 12.123 8.1648 3.8461
1737 1 10.18 2.6954 5.4015
1738 1 9.3638 12.571 0.83325
1739 1 12.439 4.9987 6.6464
1740 1 3.391 1.3181 0.17909
1741 1 3.8179 8.2639 8.9505
1742 1 0.28348 8.6888 7.6724
1743 1 9.0007 6.6263 0.75619
1744 1 12.489 8.6049 10.576
1745 1 10.089 1.7932 9.9253
1746 1 6.1324 12.418 5.8487
1747 1 3.3463 0.28894 7.8012
1748 1 4.4138 6.7763 5.2004
1749 1 11.262 6.2469 7.0054
1750 1 10.473 4.1696 9.4513
1751 1 9.9183 9.119 5.282
1752 1 6.4623 8.7831 8.7732
1753 1 11.192 9.6889 0.15476
1754 1 0.65226 10.32 1.7272
1755 1 7.6682 5.4538 7.913
1756 1 5.3332 0.49992 12.433
1757 1 6.1723 0.35018 3.2836
1758 1 7.5469 10.901 9.936
1759 1 3.3264 9.5647 5.8881
1760 1 11.451 0.93876 6.3745
1761 1 1.0008 8.5554 9.0141
1762 1 8.712 4.5737 2.5281
1763 1 12.143 8.2276 11.595
1764 1 5.6603 1.8992 1.5946
1765 1 2.6702 11.736 4.6996
1766 1 2.4441 4.0267 4.8281
1767 1 7.5875 1.7777 1.7228
1768 1 8.9495 1.8356 2.7101
1769 1 1.4322 7.4065 4.3493
1770 1 11.971 3.1543 6.4442
1771 1 0.19196 6.472 5.4827
1772 1 1.5131 10.117 3.5443
1773 1 10.823 1.9676 4.8286
1774 1 7.1109 3.1728 4.8953
1775 1 2.9795 2.5257 7.1606
1776 1 5.0837 8.0927 11.899
1777 1 6.1113 6.7437 1.9125
1778 1 10.064 1.8104 11.175
1779 1 9.3505 3.0016 4.2457
1780 1 1.5696 6.3974 0.91359
1781 1 0.97718 12.351 9.5617
1782 1 1.1718 2.1636 9.1497
1783 1 5.4483 9.2019 8.6067
1784 1 4.5963 3.8282 9.2136
1785 1 6.1018 11.861 8.3097
1786 1 6.3215 7.1466 9.417
1787 1 10.152 0.20051 9.6813
1788 1 6.654 5.9382 8.0348
1789 1 9.91 5.3018 5.8794
1790 1 7.3798 9.264 1.4643
1791 1 6.6986 7.4958 3.5532
1792 1 10.662 7.147 6.8995
1793 1 4.4744 1.0947 9.793
1794 1 2.1077 5.2403 9.9398
1795 1 7.097 5.2114 8.748
1796 1 11.074 9.8857 10.661
1797 1 0.83776 7.4931 6.2226
1798 1 12.348 3.243 7.469
1799 1 5.8956 5.67 3.4471
1800 1 0.98017 3.7043 3.7898
1801 1 8.7954 5.348 9.6815
1802 1 8.4167 7.6867 9.9706
1803 1 8.7818 3.4634 11.465
1804 1 1.5087 8.4932 12.297
1805 1 10.551 1.1047 2.2392
1806 1 2.5138 4.2179 2.1846
1807 1 4.1279 3.1086 5.577
1808 1 8.0227 4.6402 4.2586
1809 1 9.8941 11.262 12.002
1810 1 7.7344 0.25091 11.999
1811 1 11.453 5.037 8.3192
1812 1 4.9752 4.5575 6.8734
1813 1 5.773 8.2768 8.1309
1814 1 12.545 1.0815 10.392
1815 1 11.537 11.05 3.947
1816 1 12.413 9.7163 2.85
1817 1 4.3386 9.3004 5.8354
1818 1 6.968 10.864 12.011
1819 1 4.7044 6.4469 6.2952
1820 1 7.6886 6.8633 12.137
1821 1 11.725 3.9849 8.0216
1822 1 7.0415 3.1591 2.7729
1823 1 7.6799 1.7685 7.477
1824 1 1.989 4.6498 1.3088
1825 1 10.421 7.6597 3.019
1826 1 1.0866 8.2835 5.3652
1827 1 1.2125 2.9306 1.0704
1828 1 8.3562 7.3084 7.2446
1829 1 7.9385 6.4056 7.5702
1830 1 5.176 7.3011 5.8464
1831 1 4.642 8.2975 5.6878
1832 1 9.8628 11.125 3.3188
1833 1 3.6883 1.4677 6.3007
1834 1 5.0624 6.6339 1.6157
1835 1 5.0215 5.2214 0.8676
1836 1 7.3417 11.931 12.018
1837 1 11.261 8.11 4.4691
1838 1 10.772 9.123 4.6747
1839 1 5.5612 4.7733 1.6873
1840 1 8.5554 4.0482 8.7791
1841 1 10.642 0.26422 8.7291
1842 1 0.11882 5.1083 10.521
1843 1 10.667 8.6449 8.8883
1844 1 11.788 2.8861 12.236
1845 1 4.2095 8.8591 0.95567
1846 1 7.0003 8.4675 0.85748
1847 1 2.5501 3.6701 11.273
1848 1 2.9133 2.235 2.1711
1849 1 1.0971 8.0115 7.1737
1850 1 9.493 2.2337 3.5391
1851 1 2.7012 1.725 9.208
1852 1 12.512 0.30432 7.6615
1853 1 2.4779 3.51 9.0468
1854 1 3.6386 10.662 11.819
1855 1 8.8567 4.7973 3.5578
1856 1 5.4005 1.6013 12.448
1857 1 3.4416 11.738 11.5
1858 1 0.25942 6.8606 0.24341
1859 1 12.199 3.2978 1.2806
1860 1 3.6909 8.403 5.9845
1861 1 7.9177 5.1027 3.078
1862 1 8.2479 9.544 0.83125
1863 1 9.1876 8.8765 7.4062
1864 1 4.6292 12.383 11.836
1865 1 12.074 12.283 9.7615
1866 1 9.7257 10.987 0.33284
1867 1 0.26914 10.665 2.7068
1868 1 0.37995 11.857 10.177
1869 1 10.353 4.8347 8.516
1870 1 1.4217 11.286 9.6357
1871 1 7.2327 2.731 2.0244
1872 1 8.9993 0.77418 2.6639
1873 1 0.82747 6.1417 7.7269
1874 1 2.075 8.111 4.9914
1875 1 8.2652 0.7952 5.3919
1876 1 1.2911 5.3058 0.81831
1877 1 10.673 3.8268 8.2952
1878 1 4.2926 0.59166 12.366
1879 1 11.012 1.8577 11.729
1880 1 6.7047 7.1974 12.53
1881 1 7.4184 6.2853 4.7815
1882 1 8.0991 4.5009 9.6746
1883 1 2.6432 9.8424 0.35111
1884 1 5.8178 4.0059 2.4671
1885 1 9.9227 12.079 8.5344
1886 1 0.28027 8.2652 3.1186
1887 1 7.4752 3.3784 10.173
1888 1 3.1307 4.8803 11.359
1889 1 7.6476 10.26 9.0526
1890 1 3.5118 9.4817 4.067
1891 1 6.4018 1.0356 4.0552
1892 1 11.734 5.4706 10.209
1893 1 12.441 11.219 6.3689
1894 1 5.1743 1.6139 6.3445
1895 1 7.4403 12.49 0.2816
1896 1 12.484 10.184 6.5882
1897 1 6.0897 0.9602 11.907
1898 1 12.399 10.068 12.062
1899 1 4.1492 0.47155 11.261
1900 1 6.7054 5.6092 4.2303
1901 1 7.0667 0.18709 3.8996
1902 1 9.9647 10.087 4.8312
1903 1 0.59528 11.983 1.0451
1904 1 1.0742 10.015 7.987
1905 1 3.0199 0.96076 4.8087
1906 1 4.4314 7.4274 12.423
1907 1 0.73535 1.5649 9.9107
1908 1 10.724 0.87754 3.3049
1909 1 0.30252 4.0852 7.1986
1910 1 11.08 4.4837 10.362
1911 1 7.0163 8.4205 4.0972
1912 1 12.257 0.73242 5.5547
1913 1 9.8295 0.28136 3.1318
1914 1 7.453 9.9833 2.8366
1915 1 3.3149 8.8259 0.31067
1916 1 11.396 3.5287 10.006
1917 1 8.4194 11.871 1.9206
1918 1 9.664 6.9696 8.4812
1919 1 11.206 2.1178 0.88904
1920 1 10.704 12.011 1.8502
1921 1 9.7501 4.9421 6.6029
1922 1 12.444 3.3951 10.376
1923 1 9.9625 10.198 3.7981
1924 1 9.2683 2.4891 11.445
1925 1 7.1756 7.7556 11.771
1926 1 6.643 9.2066 4.8773
1927 1 9.852 5.956 2.5559
1928 1 11.147 2.528 12.582
1929 1 10.873 8.8663 11.906
1930 1 8.5607 2.9389 3.4343
1931 1 3.7814 10.181 10.162
1932 1 5.9256 11.866 1.3493
1933 1 0.97112 9.3477 7.1279
1934 1 5.0059 4.0931 3.2469
1935 1 11.508 0.72177 2.6129
1936 1 9.2708 2.222 8.1144
1937 1 10.695 9.9984 6.7081
1938 1 3.4468 0.10367 8.9044
1939 1 2.6347 11.502 7.7456
1940 1 12.336 3.5069 2.3107
1941 1 12.399 2.4948 5.8607
1942 1 0.90206 9.2533 1.5798
1943 1 1.6231 9.7938 0.88452
1944 1 8.7153 2.1577 4.367
1945 1 7.441 0.71642 9.5278
1946 1 3.3961 5.6841 0.53415
1947 1 1.8599 5.6625 1.6813
1948 1 11.793 10.889 11.552
1949 1 2.5792 0.85805 0.75837
1950 1 12 11.455 0.66668
1951 1 5.3349 11.091 8.06
1952 1 9.1174 5.7812 11.519
1953 1 2.9895 12.21 4.2181
1954 1 7.1147 5.7437 7.0568
1955 1 10.63 0.56014 7.0171
1956 1 10.04 11.956 2.7047
1957 1 2.236 0.84643 6.8312
1958 1 5.7752 5.8129 1.4475
1959 1 0.80919 7.8855 8.1938
1960 1 10.428 11.214 8.0373
1961 1 9.6021 7.282 1.418
1962 1 4.1577 11.593 5.6251
1963 1 5.4379 1.2079 0.74562
1964 1 6.3946 3.1589 6.9346
1965 1 3.2127 11.92 12.542
1966 1 7.4996 6.6712 6.6152
1967 1 0.46358 10.2 11.323
1968 1 3.7699 1.5161 2.2074
1969 1 11.855 8.7843 5.0712
1970 1 9.5811 5.0681 12.2
1971 1 9.2979 2.0825 12.462
1972 1 6.8516 7.2215 4.6029
1973 1 5.1768 3.4809 7.2028
1974 1 4.5142 9.3914 3.8201
1975 1 10.945 6.9209 12.42
1976 1 3.3668 10.969 10.755
1977 1 10.593 3.1378 9.1093
1978 1 11.172 12.492 9.5481
1979 1 8.4084 10.974 4.3893
1980 1 3.5115 9.8643 1.8894
1981 1 4.1902 5.4083 6.7899
1982 1 0.68273 8.2023 10.041
1983 1 3.758 10.105 8.3124
1984 1 0.64464 12.248 7.7837
1985 1 9.26 1.7635 0.8756
1986 1 12.111 9.1361 6.7538
1987 1 4.3896 10.077 11.139
1988 1 8.2081 7.9876 2.2776
1989 1 11.96 6.0418 4.442
1990 1 9.4447 2.7746 0.66043
1991 1 10.588 1.2865 1.162
1992 1 0.62042 4.9179 0.25376
1993 1 10.121 9.3852 7.3883
1994 1 3.3034 8.1523 2.5903
1995 1 12.617 10.977 10.812
1996 1 5.0415 12.22 3.7649
1997 1 12.28 7.7492 2.4593
1998 1 6.2975 11.717 12.187
1999 1 5.2988 3.6524 1.5051
2000 1 4.1997 12.16 10.834
2001 1 7.3216 5.0943 11.501
2002 1 10.412 3.5863 10.447
2003 1 3.5381 5.7154 11.951
2004 1 11.266 7.8206 9.3384
2005 1 5.5101 1.8415 5.3466
2006 1 7.82 11.338 8.8553
2007 1 8.2414 2.3634 8.1985
2008 1 3.5344 4.338 1.8417
2009 1 7.4977 8.7337 8.6227
2010 1 4.19 9.2607 10.471
2011 1 0.10279 4.2279 3.5187
2012 1 4.8818 6.0805 7.2928
2013 1 2.185 4.5471 11.796
2014 1 6.1136 6.9039 11.589
2015 1 7.2474 4.2807 10.732
2016 1 4.785 5.5108 1.8871
2017 1 10.181 6.4212 5.1181
2018 1 3.5739 10.845 2.2146
2019 1 9.202 1.7453 10.508
2020 1 11.143 3.4921 7.2841
2021 1 6.0683 1.0691 2.4632
2022 1 10.194 8.2877 4.1284
2023 1 6.3708 1.5001 10.932
2024 1 1.8051 5.3577 3.6211
2025 1 9.2156 5.2481 1.8404
2026 1 9.7006 10.546 10.988
2027 1 7.4211 3.0638 6.5294
2028 1 4.8039 8.327 5.8378
2029 1 2.2498 8.1474 3.9477
2030 1 1.7448 0.37882 9.8805
2031 1 1.5859 7.6426 2.2789
2032 1 5.0244 10.057 5.5882
2033 1 6.6477 12.36 11.284
2034 1 6.6445 8.94 5.9222
2035 1 11.936 8.6912 2.9242
2036 1 3.2689 4.8171 10.289
2037 1 12.421 7.7523 7.8081
2038 1 11.937 10.682 5.7748
2039 1 11.609 12.121 6.987
2040 1 9.6781 9.1467 2.0551
2041 1 11.596 6.1285 8.0631
2042 1 8.3384 1.2249 10.024
2043 1 3.8432 4.5503 0.26128
2044 1 4.374 7.9814 2.317
2045 1 1.7089 7.1874 9.9699
2046 1 7.7225 0.47851 6.2753
2047 1 1.5427 2.3781 10.171
2048 1 4.5205 6.6819 8.2012
