1 26.1061
2 29.3306
3 40.8942
4 49.6196
5 83.5010
6 130.9590
7 167.6142
8 175.8201
9 211.0948
10 216.8545
11 260.3943
12 337.7416
13 355.7191
14 385.7585
15 417.9252
16 492.4863
17 526.7187
18 582.2278
19 586.6186
20 637.5164
21 657.1976
22 715.5758
23 756.9072
24 763.7349
25 813.9007
26 837.8691
27 862.1633
28 884.4993
29 922.9794
30 933.9675
31 966.6569
32 993.3091
33 1000.3279
34 1009.6149
35 1018.0613
36 1047.5408
37 1060.3742
38 1069.9368
39 1104.4624
40 1125.3882
41 1171.8457
42 1184.6875
43 1192.1086
44 1213.5715
45 1214.5924
46 1222.6361
47 1233.8984
48 1253.2504
49 1270.2413
50 1340.5137
51 1349.0425
52 1363.8968
53 1369.8608
54 1387.6152
55 1410.8692
56 1427.2595
57 1488.9827
58 1493.0748
59 1501.5632
60 1511.2766
61 1512.8661
62 1518.9780
63 1525.3690
64 1526.0978
65 1547.3665
66 1643.5499
67 1665.4866
68 1821.7908
69 3028.2631
70 3038.0209
71 3044.2702
72 3056.9484
73 3073.9834
74 3077.6874
75 3081.5056
76 3088.4409
77 3104.9387
78 3147.6378
79 3170.4648
80 3173.9425
81 3179.8599
82 3185.8158
83 3194.4173
84 3207.1038
