Initial Guess from Harmonic Frequencies
12.5105	0.0	0.250211	1.33221
12.5105	0.0	0.250211	1.33221
12.5105	0.0	0.250211	1.33221
12.5105	0.0	0.250211	1.33221
5.70186	0.0	0.114037	2.92302
5.70186	0.0	0.114037	2.92302
5.70186	0.0	0.114037	2.92302
5.70186	0.0	0.114037	2.92302
5.70186	0.0	0.114037	2.92302
5.70186	0.0	0.114037	2.92302
5.70186	0.0	0.114037	2.92302
5.70186	0.0	0.114037	2.92302
12.2124	0.0	0.244248	1.36473
12.2124	0.0	0.244248	1.36473
12.2124	0.0	0.244248	1.36473
12.2124	0.0	0.244248	1.36473
6.34419	0.0	0.126884	2.62708
6.34419	0.0	0.126884	2.62708
6.34419	0.0	0.126884	2.62708
6.34419	0.0	0.126884	2.62708
5.70021	0.0	0.114004	2.92387
5.70021	0.0	0.114004	2.92387
5.70021	0.0	0.114004	2.92387
5.70021	0.0	0.114004	2.92387
11.3988	0.0	0.227977	1.46214
11.3988	0.0	0.227977	1.46214
11.3988	0.0	0.227977	1.46214
11.3988	0.0	0.227977	1.46214
7.75823	0.0	0.155165	2.14826
7.75823	0.0	0.155165	2.14826
7.75823	0.0	0.155165	2.14826
7.75823	0.0	0.155165	2.14826
5.69691	0.0	0.113938	2.92556
5.69691	0.0	0.113938	2.92556
5.69691	0.0	0.113938	2.92556
5.69691	0.0	0.113938	2.92556
10.6715	0.0	0.21343	1.5618
10.6715	0.0	0.21343	1.5618
10.6715	0.0	0.21343	1.5618
10.6715	0.0	0.21343	1.5618
8.75267	0.0	0.175054	1.90418
8.75267	0.0	0.175054	1.90418
8.75267	0.0	0.175054	1.90418
8.75267	0.0	0.175054	1.90418
5.69526	0.0	0.113905	2.92641
5.69526	0.0	0.113905	2.92641
5.69526	0.0	0.113905	2.92641
5.69526	0.0	0.113905	2.92641
11.3988	0.0	0.227977	1.46214
11.3988	0.0	0.227977	1.46214
11.3988	0.0	0.227977	1.46214
11.3988	0.0	0.227977	1.46214
7.75823	0.0	0.155165	2.14826
7.75823	0.0	0.155165	2.14826
7.75823	0.0	0.155165	2.14826
7.75823	0.0	0.155165	2.14826
5.69691	0.0	0.113938	2.92556
5.69691	0.0	0.113938	2.92556
5.69691	0.0	0.113938	2.92556
5.69691	0.0	0.113938	2.92556
12.2124	0.0	0.244248	1.36473
12.2124	0.0	0.244248	1.36473
12.2124	0.0	0.244248	1.36473
12.2124	0.0	0.244248	1.36473
6.34419	0.0	0.126884	2.62708
6.34419	0.0	0.126884	2.62708
6.34419	0.0	0.126884	2.62708
6.34419	0.0	0.126884	2.62708
5.70021	0.0	0.114004	2.92387
5.70021	0.0	0.114004	2.92387
5.70021	0.0	0.114004	2.92387
5.70021	0.0	0.114004	2.92387
12.2124	0.0	0.244248	1.36473
12.2124	0.0	0.244248	1.36473
12.2124	0.0	0.244248	1.36473
12.2124	0.0	0.244248	1.36473
6.34419	0.0	0.126884	2.62708
6.34419	0.0	0.126884	2.62708
6.34419	0.0	0.126884	2.62708
6.34419	0.0	0.126884	2.62708
5.70021	0.0	0.114004	2.92387
5.70021	0.0	0.114004	2.92387
5.70021	0.0	0.114004	2.92387
5.70021	0.0	0.114004	2.92387
12.2186	0.0	0.244372	1.36404
12.2186	0.0	0.244372	1.36404
11.6469	0.0	0.232939	1.43099
11.6469	0.0	0.232939	1.43099
7.29737	0.0	0.145947	2.28393
7.29737	0.0	0.145947	2.28393
6.27767	0.0	0.125553	2.65491
6.27767	0.0	0.125553	2.65491
5.8006	0.0	0.116012	2.87327
5.8006	0.0	0.116012	2.87327
5.77086	0.0	0.115417	2.88807
5.77086	0.0	0.115417	2.88807
11.6628	0.0	0.233255	1.42905
11.6628	0.0	0.233255	1.42905
10.6812	0.0	0.213625	1.56037
10.6812	0.0	0.213625	1.56037
8.75958	0.0	0.175192	1.90268
8.75958	0.0	0.175192	1.90268
6.76467	0.0	0.135293	2.46378
6.76467	0.0	0.135293	2.46378
6.65808	0.0	0.133162	2.50322
6.65808	0.0	0.133162	2.50322
5.40409	0.0	0.108082	3.08408
5.40409	0.0	0.108082	3.08408
10.9783	0.0	0.219566	1.51815
10.9783	0.0	0.219566	1.51815
9.98374	0.0	0.199675	1.66938
9.98374	0.0	0.199675	1.66938
9.81003	0.0	0.196201	1.69894
9.81003	0.0	0.196201	1.69894
7.54091	0.0	0.150818	2.21017
7.54091	0.0	0.150818	2.21017
6.77773	0.0	0.135555	2.45903
6.77773	0.0	0.135555	2.45903
5.26167	0.0	0.105233	3.16756
5.26167	0.0	0.105233	3.16756
11.6628	0.0	0.233255	1.42905
11.6628	0.0	0.233255	1.42905
10.6812	0.0	0.213625	1.56037
10.6812	0.0	0.213625	1.56037
8.75958	0.0	0.175192	1.90268
8.75958	0.0	0.175192	1.90268
6.76467	0.0	0.135293	2.46378
6.76467	0.0	0.135293	2.46378
6.65808	0.0	0.133162	2.50322
6.65808	0.0	0.133162	2.50322
5.40409	0.0	0.108082	3.08408
5.40409	0.0	0.108082	3.08408
12.2186	0.0	0.244372	1.36404
12.2186	0.0	0.244372	1.36404
11.6469	0.0	0.232939	1.43099
11.6469	0.0	0.232939	1.43099
7.29737	0.0	0.145947	2.28393
7.29737	0.0	0.145947	2.28393
6.27767	0.0	0.125553	2.65491
6.27767	0.0	0.125553	2.65491
5.8006	0.0	0.116012	2.87327
5.8006	0.0	0.116012	2.87327
5.77086	0.0	0.115417	2.88807
5.77086	0.0	0.115417	2.88807
11.3988	0.0	0.227977	1.46214
11.3988	0.0	0.227977	1.46214
11.3988	0.0	0.227977	1.46214
11.3988	0.0	0.227977	1.46214
7.75823	0.0	0.155165	2.14826
7.75823	0.0	0.155165	2.14826
7.75823	0.0	0.155165	2.14826
7.75823	0.0	0.155165	2.14826
5.69691	0.0	0.113938	2.92556
5.69691	0.0	0.113938	2.92556
5.69691	0.0	0.113938	2.92556
5.69691	0.0	0.113938	2.92556
11.6628	0.0	0.233255	1.42905
11.6628	0.0	0.233255	1.42905
10.6812	0.0	0.213625	1.56037
10.6812	0.0	0.213625	1.56037
8.75958	0.0	0.175192	1.90268
8.75958	0.0	0.175192	1.90268
6.76467	0.0	0.135293	2.46378
6.76467	0.0	0.135293	2.46378
6.65808	0.0	0.133162	2.50322
6.65808	0.0	0.133162	2.50322
5.40409	0.0	0.108082	3.08408
5.40409	0.0	0.108082	3.08408
11.4265	0.0	0.22853	1.45859
11.4265	0.0	0.22853	1.45859
9.74036	0.0	0.194807	1.71109
9.74036	0.0	0.194807	1.71109
9.70044	0.0	0.194009	1.71814
9.70044	0.0	0.194009	1.71814
7.57624	0.0	0.151525	2.19986
7.57624	0.0	0.151525	2.19986
5.99072	0.0	0.119814	2.78208
5.99072	0.0	0.119814	2.78208
5.9382	0.0	0.118764	2.80669
5.9382	0.0	0.118764	2.80669
10.909	0.0	0.218181	1.52779
10.909	0.0	0.218181	1.52779
10.5136	0.0	0.210273	1.58524
10.5136	0.0	0.210273	1.58524
9.08325	0.0	0.181665	1.83488
9.08325	0.0	0.181665	1.83488
7.9254	0.0	0.158508	2.10294
7.9254	0.0	0.158508	2.10294
6.50631	0.0	0.130126	2.56162
6.50631	0.0	0.130126	2.56162
5.64564	0.0	0.112913	2.95213
5.64564	0.0	0.112913	2.95213
11.4265	0.0	0.22853	1.45859
11.4265	0.0	0.22853	1.45859
9.74036	0.0	0.194807	1.71109
9.74036	0.0	0.194807	1.71109
9.70044	0.0	0.194009	1.71814
9.70044	0.0	0.194009	1.71814
7.57624	0.0	0.151525	2.19986
7.57624	0.0	0.151525	2.19986
5.99072	0.0	0.119814	2.78208
5.99072	0.0	0.119814	2.78208
5.9382	0.0	0.118764	2.80669
5.9382	0.0	0.118764	2.80669
11.6628	0.0	0.233255	1.42905
11.6628	0.0	0.233255	1.42905
10.6812	0.0	0.213625	1.56037
10.6812	0.0	0.213625	1.56037
8.75958	0.0	0.175192	1.90268
8.75958	0.0	0.175192	1.90268
6.76467	0.0	0.135293	2.46378
6.76467	0.0	0.135293	2.46378
6.65808	0.0	0.133162	2.50322
6.65808	0.0	0.133162	2.50322
5.40409	0.0	0.108082	3.08408
5.40409	0.0	0.108082	3.08408
10.6715	0.0	0.21343	1.5618
10.6715	0.0	0.21343	1.5618
10.6715	0.0	0.21343	1.5618
10.6715	0.0	0.21343	1.5618
8.75267	0.0	0.175054	1.90418
8.75267	0.0	0.175054	1.90418
8.75267	0.0	0.175054	1.90418
8.75267	0.0	0.175054	1.90418
5.69526	0.0	0.113905	2.92641
5.69526	0.0	0.113905	2.92641
5.69526	0.0	0.113905	2.92641
5.69526	0.0	0.113905	2.92641
10.9783	0.0	0.219566	1.51815
10.9783	0.0	0.219566	1.51815
9.98374	0.0	0.199675	1.66938
9.98374	0.0	0.199675	1.66938
9.81003	0.0	0.196201	1.69894
9.81003	0.0	0.196201	1.69894
7.54091	0.0	0.150818	2.21017
7.54091	0.0	0.150818	2.21017
6.77773	0.0	0.135555	2.45903
6.77773	0.0	0.135555	2.45903
5.26167	0.0	0.105233	3.16756
5.26167	0.0	0.105233	3.16756
10.909	0.0	0.218181	1.52779
10.909	0.0	0.218181	1.52779
10.5136	0.0	0.210273	1.58524
10.5136	0.0	0.210273	1.58524
9.08325	0.0	0.181665	1.83488
9.08325	0.0	0.181665	1.83488
7.9254	0.0	0.158508	2.10294
7.9254	0.0	0.158508	2.10294
6.50631	0.0	0.130126	2.56162
6.50631	0.0	0.130126	2.56162
5.64564	0.0	0.112913	2.95213
5.64564	0.0	0.112913	2.95213
10.7591	0.0	0.215181	1.54908
10.7591	0.0	0.215181	1.54908
10.7591	0.0	0.215181	1.54908
10.7591	0.0	0.215181	1.54908
8.53484	0.0	0.170697	1.95278
8.53484	0.0	0.170697	1.95278
8.47291	0.0	0.169458	1.96705
8.47291	0.0	0.169458	1.96705
6.08233	0.0	0.121647	2.74018
6.08233	0.0	0.121647	2.74018
6.08233	0.0	0.121647	2.74018
6.08233	0.0	0.121647	2.74018
10.909	0.0	0.218181	1.52779
10.909	0.0	0.218181	1.52779
10.5136	0.0	0.210273	1.58524
10.5136	0.0	0.210273	1.58524
9.08325	0.0	0.181665	1.83488
9.08325	0.0	0.181665	1.83488
7.9254	0.0	0.158508	2.10294
7.9254	0.0	0.158508	2.10294
6.50631	0.0	0.130126	2.56162
6.50631	0.0	0.130126	2.56162
5.64564	0.0	0.112913	2.95213
5.64564	0.0	0.112913	2.95213
10.9783	0.0	0.219566	1.51815
10.9783	0.0	0.219566	1.51815
9.98374	0.0	0.199675	1.66938
9.98374	0.0	0.199675	1.66938
9.81003	0.0	0.196201	1.69894
9.81003	0.0	0.196201	1.69894
7.54091	0.0	0.150818	2.21017
7.54091	0.0	0.150818	2.21017
6.77773	0.0	0.135555	2.45903
6.77773	0.0	0.135555	2.45903
5.26167	0.0	0.105233	3.16756
5.26167	0.0	0.105233	3.16756
11.3988	0.0	0.227977	1.46214
11.3988	0.0	0.227977	1.46214
11.3988	0.0	0.227977	1.46214
11.3988	0.0	0.227977	1.46214
7.75823	0.0	0.155165	2.14826
7.75823	0.0	0.155165	2.14826
7.75823	0.0	0.155165	2.14826
7.75823	0.0	0.155165	2.14826
5.69691	0.0	0.113938	2.92556
5.69691	0.0	0.113938	2.92556
5.69691	0.0	0.113938	2.92556
5.69691	0.0	0.113938	2.92556
11.6628	0.0	0.233255	1.42905
11.6628	0.0	0.233255	1.42905
10.6812	0.0	0.213625	1.56037
10.6812	0.0	0.213625	1.56037
8.75958	0.0	0.175192	1.90268
8.75958	0.0	0.175192	1.90268
6.76467	0.0	0.135293	2.46378
6.76467	0.0	0.135293	2.46378
6.65808	0.0	0.133162	2.50322
6.65808	0.0	0.133162	2.50322
5.40409	0.0	0.108082	3.08408
5.40409	0.0	0.108082	3.08408
11.4265	0.0	0.22853	1.45859
11.4265	0.0	0.22853	1.45859
9.74036	0.0	0.194807	1.71109
9.74036	0.0	0.194807	1.71109
9.70044	0.0	0.194009	1.71814
9.70044	0.0	0.194009	1.71814
7.57624	0.0	0.151525	2.19986
7.57624	0.0	0.151525	2.19986
5.99072	0.0	0.119814	2.78208
5.99072	0.0	0.119814	2.78208
5.9382	0.0	0.118764	2.80669
5.9382	0.0	0.118764	2.80669
10.909	0.0	0.218181	1.52779
10.909	0.0	0.218181	1.52779
10.5136	0.0	0.210273	1.58524
10.5136	0.0	0.210273	1.58524
9.08325	0.0	0.181665	1.83488
9.08325	0.0	0.181665	1.83488
7.9254	0.0	0.158508	2.10294
7.9254	0.0	0.158508	2.10294
6.50631	0.0	0.130126	2.56162
6.50631	0.0	0.130126	2.56162
5.64564	0.0	0.112913	2.95213
5.64564	0.0	0.112913	2.95213
11.4265	0.0	0.22853	1.45859
11.4265	0.0	0.22853	1.45859
9.74036	0.0	0.194807	1.71109
9.74036	0.0	0.194807	1.71109
9.70044	0.0	0.194009	1.71814
9.70044	0.0	0.194009	1.71814
7.57624	0.0	0.151525	2.19986
7.57624	0.0	0.151525	2.19986
5.99072	0.0	0.119814	2.78208
5.99072	0.0	0.119814	2.78208
5.9382	0.0	0.118764	2.80669
5.9382	0.0	0.118764	2.80669
11.6628	0.0	0.233255	1.42905
11.6628	0.0	0.233255	1.42905
10.6812	0.0	0.213625	1.56037
10.6812	0.0	0.213625	1.56037
8.75958	0.0	0.175192	1.90268
8.75958	0.0	0.175192	1.90268
6.76467	0.0	0.135293	2.46378
6.76467	0.0	0.135293	2.46378
6.65808	0.0	0.133162	2.50322
6.65808	0.0	0.133162	2.50322
5.40409	0.0	0.108082	3.08408
5.40409	0.0	0.108082	3.08408
12.2124	0.0	0.244248	1.36473
12.2124	0.0	0.244248	1.36473
12.2124	0.0	0.244248	1.36473
12.2124	0.0	0.244248	1.36473
6.34419	0.0	0.126884	2.62708
6.34419	0.0	0.126884	2.62708
6.34419	0.0	0.126884	2.62708
6.34419	0.0	0.126884	2.62708
5.70021	0.0	0.114004	2.92387
5.70021	0.0	0.114004	2.92387
5.70021	0.0	0.114004	2.92387
5.70021	0.0	0.114004	2.92387
12.2186	0.0	0.244372	1.36404
12.2186	0.0	0.244372	1.36404
11.6469	0.0	0.232939	1.43099
11.6469	0.0	0.232939	1.43099
7.29737	0.0	0.145947	2.28393
7.29737	0.0	0.145947	2.28393
6.27767	0.0	0.125553	2.65491
6.27767	0.0	0.125553	2.65491
5.8006	0.0	0.116012	2.87327
5.8006	0.0	0.116012	2.87327
5.77086	0.0	0.115417	2.88807
5.77086	0.0	0.115417	2.88807
11.6628	0.0	0.233255	1.42905
11.6628	0.0	0.233255	1.42905
10.6812	0.0	0.213625	1.56037
10.6812	0.0	0.213625	1.56037
8.75958	0.0	0.175192	1.90268
8.75958	0.0	0.175192	1.90268
6.76467	0.0	0.135293	2.46378
6.76467	0.0	0.135293	2.46378
6.65808	0.0	0.133162	2.50322
6.65808	0.0	0.133162	2.50322
5.40409	0.0	0.108082	3.08408
5.40409	0.0	0.108082	3.08408
10.9783	0.0	0.219566	1.51815
10.9783	0.0	0.219566	1.51815
9.98374	0.0	0.199675	1.66938
9.98374	0.0	0.199675	1.66938
9.81003	0.0	0.196201	1.69894
9.81003	0.0	0.196201	1.69894
7.54091	0.0	0.150818	2.21017
7.54091	0.0	0.150818	2.21017
6.77773	0.0	0.135555	2.45903
6.77773	0.0	0.135555	2.45903
5.26167	0.0	0.105233	3.16756
5.26167	0.0	0.105233	3.16756
11.6628	0.0	0.233255	1.42905
11.6628	0.0	0.233255	1.42905
10.6812	0.0	0.213625	1.56037
10.6812	0.0	0.213625	1.56037
8.75958	0.0	0.175192	1.90268
8.75958	0.0	0.175192	1.90268
6.76467	0.0	0.135293	2.46378
6.76467	0.0	0.135293	2.46378
6.65808	0.0	0.133162	2.50322
6.65808	0.0	0.133162	2.50322
5.40409	0.0	0.108082	3.08408
5.40409	0.0	0.108082	3.08408
12.2186	0.0	0.244372	1.36404
12.2186	0.0	0.244372	1.36404
11.6469	0.0	0.232939	1.43099
11.6469	0.0	0.232939	1.43099
7.29737	0.0	0.145947	2.28393
7.29737	0.0	0.145947	2.28393
6.27767	0.0	0.125553	2.65491
6.27767	0.0	0.125553	2.65491
5.8006	0.0	0.116012	2.87327
5.8006	0.0	0.116012	2.87327
5.77086	0.0	0.115417	2.88807
5.77086	0.0	0.115417	2.88807
12.2124	0.0	0.244248	1.36473
12.2124	0.0	0.244248	1.36473
12.2124	0.0	0.244248	1.36473
12.2124	0.0	0.244248	1.36473
6.34419	0.0	0.126884	2.62708
6.34419	0.0	0.126884	2.62708
6.34419	0.0	0.126884	2.62708
6.34419	0.0	0.126884	2.62708
5.70021	0.0	0.114004	2.92387
5.70021	0.0	0.114004	2.92387
5.70021	0.0	0.114004	2.92387
5.70021	0.0	0.114004	2.92387
12.2186	0.0	0.244372	1.36404
12.2186	0.0	0.244372	1.36404
11.6469	0.0	0.232939	1.43099
11.6469	0.0	0.232939	1.43099
7.29737	0.0	0.145947	2.28393
7.29737	0.0	0.145947	2.28393
6.27767	0.0	0.125553	2.65491
6.27767	0.0	0.125553	2.65491
5.8006	0.0	0.116012	2.87327
5.8006	0.0	0.116012	2.87327
5.77086	0.0	0.115417	2.88807
5.77086	0.0	0.115417	2.88807
11.6628	0.0	0.233255	1.42905
11.6628	0.0	0.233255	1.42905
10.6812	0.0	0.213625	1.56037
10.6812	0.0	0.213625	1.56037
8.75958	0.0	0.175192	1.90268
8.75958	0.0	0.175192	1.90268
6.76467	0.0	0.135293	2.46378
6.76467	0.0	0.135293	2.46378
6.65808	0.0	0.133162	2.50322
6.65808	0.0	0.133162	2.50322
5.40409	0.0	0.108082	3.08408
5.40409	0.0	0.108082	3.08408
10.9783	0.0	0.219566	1.51815
10.9783	0.0	0.219566	1.51815
9.98374	0.0	0.199675	1.66938
9.98374	0.0	0.199675	1.66938
9.81003	0.0	0.196201	1.69894
9.81003	0.0	0.196201	1.69894
7.54091	0.0	0.150818	2.21017
7.54091	0.0	0.150818	2.21017
6.77773	0.0	0.135555	2.45903
6.77773	0.0	0.135555	2.45903
5.26167	0.0	0.105233	3.16756
5.26167	0.0	0.105233	3.16756
11.6628	0.0	0.233255	1.42905
11.6628	0.0	0.233255	1.42905
10.6812	0.0	0.213625	1.56037
10.6812	0.0	0.213625	1.56037
8.75958	0.0	0.175192	1.90268
8.75958	0.0	0.175192	1.90268
6.76467	0.0	0.135293	2.46378
6.76467	0.0	0.135293	2.46378
6.65808	0.0	0.133162	2.50322
6.65808	0.0	0.133162	2.50322
5.40409	0.0	0.108082	3.08408
5.40409	0.0	0.108082	3.08408
12.2186	0.0	0.244372	1.36404
12.2186	0.0	0.244372	1.36404
11.6469	0.0	0.232939	1.43099
11.6469	0.0	0.232939	1.43099
7.29737	0.0	0.145947	2.28393
7.29737	0.0	0.145947	2.28393
6.27767	0.0	0.125553	2.65491
6.27767	0.0	0.125553	2.65491
5.8006	0.0	0.116012	2.87327
5.8006	0.0	0.116012	2.87327
5.77086	0.0	0.115417	2.88807
5.77086	0.0	0.115417	2.88807
12.2186	0.0	0.244372	1.36404
12.2186	0.0	0.244372	1.36404
11.6469	0.0	0.232939	1.43099
11.6469	0.0	0.232939	1.43099
7.29737	0.0	0.145947	2.28393
7.29737	0.0	0.145947	2.28393
6.27767	0.0	0.125553	2.65491
6.27767	0.0	0.125553	2.65491
5.8006	0.0	0.116012	2.87327
5.8006	0.0	0.116012	2.87327
5.77086	0.0	0.115417	2.88807
5.77086	0.0	0.115417	2.88807
11.9928	0.0	0.239855	1.38973
11.9928	0.0	0.239855	1.38973
11.9928	0.0	0.239855	1.38973
10.7338	0.0	0.214677	1.55272
7.4594	0.0	0.149188	2.23432
7.4594	0.0	0.149188	2.23432
7.4594	0.0	0.149188	2.23432
6.54118	0.0	0.130824	2.54796
6.54118	0.0	0.130824	2.54796
6.54118	0.0	0.130824	2.54796
4.94442	0.0	0.0988884	3.3708
4.94442	0.0	0.0988884	3.3708
11.6898	0.0	0.233796	1.42574
11.4101	0.0	0.228202	1.46069
11.4101	0.0	0.228202	1.46069
9.46695	0.0	0.189339	1.76051
9.26169	0.0	0.185234	1.79953
8.14896	0.0	0.162979	2.04525
8.14896	0.0	0.162979	2.04525
7.03257	0.0	0.140651	2.36993
6.80163	0.0	0.136033	2.45039
6.80163	0.0	0.136033	2.45039
5.43372	0.0	0.108674	3.06727
4.20219	0.0	0.0840437	3.96619
10.9733	0.0	0.219466	1.51884
10.9733	0.0	0.219466	1.51884
10.7921	0.0	0.215842	1.54434
10.6992	0.0	0.213985	1.55774
8.70829	0.0	0.174166	1.91389
8.70829	0.0	0.174166	1.91389
8.60609	0.0	0.172122	1.93661
7.20392	0.0	0.144078	2.31355
6.84927	0.0	0.136985	2.43335
6.84927	0.0	0.136985	2.43335
6.14774	0.0	0.122955	2.71102
3.89351	0.0	0.0778701	4.28063
11.6898	0.0	0.233796	1.42574
11.4101	0.0	0.228202	1.46069
11.4101	0.0	0.228202	1.46069
9.46695	0.0	0.189339	1.76051
9.26169	0.0	0.185234	1.79953
8.14896	0.0	0.162979	2.04525
8.14896	0.0	0.162979	2.04525
7.03257	0.0	0.140651	2.36993
6.80163	0.0	0.136033	2.45039
6.80163	0.0	0.136033	2.45039
5.43372	0.0	0.108674	3.06727
4.20219	0.0	0.0840437	3.96619
11.9928	0.0	0.239855	1.38973
11.9928	0.0	0.239855	1.38973
11.9928	0.0	0.239855	1.38973
10.7338	0.0	0.214677	1.55272
7.4594	0.0	0.149188	2.23432
7.4594	0.0	0.149188	2.23432
7.4594	0.0	0.149188	2.23432
6.54118	0.0	0.130824	2.54796
6.54118	0.0	0.130824	2.54796
6.54118	0.0	0.130824	2.54796
4.94442	0.0	0.0988884	3.3708
4.94442	0.0	0.0988884	3.3708
11.6628	0.0	0.233255	1.42905
11.6628	0.0	0.233255	1.42905
10.6812	0.0	0.213625	1.56037
10.6812	0.0	0.213625	1.56037
8.75958	0.0	0.175192	1.90268
8.75958	0.0	0.175192	1.90268
6.76467	0.0	0.135293	2.46378
6.76467	0.0	0.135293	2.46378
6.65808	0.0	0.133162	2.50322
6.65808	0.0	0.133162	2.50322
5.40409	0.0	0.108082	3.08408
5.40409	0.0	0.108082	3.08408
11.6898	0.0	0.233796	1.42574
11.4101	0.0	0.228202	1.46069
11.4101	0.0	0.228202	1.46069
9.46695	0.0	0.189339	1.76051
9.26169	0.0	0.185234	1.79953
8.14896	0.0	0.162979	2.04525
8.14896	0.0	0.162979	2.04525
7.03257	0.0	0.140651	2.36993
6.80163	0.0	0.136033	2.45039
6.80163	0.0	0.136033	2.45039
5.43372	0.0	0.108674	3.06727
4.20219	0.0	0.0840437	3.96619
11.5835	0.0	0.231671	1.43882
11.5835	0.0	0.231671	1.43882
11.014	0.0	0.220281	1.51322
9.47938	0.0	0.189588	1.7582
9.47938	0.0	0.189588	1.7582
7.98634	0.0	0.159727	2.0869
7.73544	0.0	0.154709	2.15459
7.68187	0.0	0.153637	2.16961
7.68187	0.0	0.153637	2.16961
7.19179	0.0	0.143836	2.31746
4.4668	0.0	0.0893359	3.73124
3.99995	0.0	0.0799991	4.16671
11.5215	0.0	0.230431	1.44657
11.4527	0.0	0.229054	1.45526
10.7886	0.0	0.215771	1.54484
10.1637	0.0	0.203274	1.63982
9.46972	0.0	0.189394	1.76
8.04811	0.0	0.160962	2.07088
7.96455	0.0	0.159291	2.09261
7.79736	0.0	0.155947	2.13748
7.21915	0.0	0.144383	2.30868
7.00997	0.0	0.140199	2.37757
4.87341	0.0	0.0974683	3.41992
3.68114	0.0	0.0736229	4.52758
11.5835	0.0	0.231671	1.43882
11.5835	0.0	0.231671	1.43882
11.014	0.0	0.220281	1.51322
9.47938	0.0	0.189588	1.7582
9.47938	0.0	0.189588	1.7582
7.98634	0.0	0.159727	2.0869
7.73544	0.0	0.154709	2.15459
7.68187	0.0	0.153637	2.16961
7.68187	0.0	0.153637	2.16961
7.19179	0.0	0.143836	2.31746
4.4668	0.0	0.0893359	3.73124
3.99995	0.0	0.0799991	4.16671
11.6898	0.0	0.233796	1.42574
11.4101	0.0	0.228202	1.46069
11.4101	0.0	0.228202	1.46069
9.46695	0.0	0.189339	1.76051
9.26169	0.0	0.185234	1.79953
8.14896	0.0	0.162979	2.04525
8.14896	0.0	0.162979	2.04525
7.03257	0.0	0.140651	2.36993
6.80163	0.0	0.136033	2.45039
6.80163	0.0	0.136033	2.45039
5.43372	0.0	0.108674	3.06727
4.20219	0.0	0.0840437	3.96619
10.9783	0.0	0.219566	1.51815
10.9783	0.0	0.219566	1.51815
9.98374	0.0	0.199675	1.66938
9.98374	0.0	0.199675	1.66938
9.81003	0.0	0.196201	1.69894
9.81003	0.0	0.196201	1.69894
7.54091	0.0	0.150818	2.21017
7.54091	0.0	0.150818	2.21017
6.77773	0.0	0.135555	2.45903
6.77773	0.0	0.135555	2.45903
5.26167	0.0	0.105233	3.16756
5.26167	0.0	0.105233	3.16756
10.9733	0.0	0.219466	1.51884
10.9733	0.0	0.219466	1.51884
10.7921	0.0	0.215842	1.54434
10.6992	0.0	0.213985	1.55774
8.70829	0.0	0.174166	1.91389
8.70829	0.0	0.174166	1.91389
8.60609	0.0	0.172122	1.93661
7.20392	0.0	0.144078	2.31355
6.84927	0.0	0.136985	2.43335
6.84927	0.0	0.136985	2.43335
6.14774	0.0	0.122955	2.71102
3.89351	0.0	0.0778701	4.28063
11.5215	0.0	0.230431	1.44657
11.4527	0.0	0.229054	1.45526
10.7886	0.0	0.215771	1.54484
10.1637	0.0	0.203274	1.63982
9.46972	0.0	0.189394	1.76
8.04811	0.0	0.160962	2.07088
7.96455	0.0	0.159291	2.09261
7.79736	0.0	0.155947	2.13748
7.21915	0.0	0.144383	2.30868
7.00997	0.0	0.140199	2.37757
4.87341	0.0	0.0974683	3.41992
3.68114	0.0	0.0736229	4.52758
11.6841	0.0	0.233681	1.42645
11.6841	0.0	0.233681	1.42645
10.6674	0.0	0.213347	1.5624
9.7332	0.0	0.194664	1.71235
9.7332	0.0	0.194664	1.71235
8.49794	0.0	0.169959	1.96126
8.49794	0.0	0.169959	1.96126
7.43476	0.0	0.148695	2.24172
7.43476	0.0	0.148695	2.24172
5.89209	0.0	0.117842	2.82865
4.31147	0.0	0.0862294	3.86566
4.31147	0.0	0.0862294	3.86566
11.5215	0.0	0.230431	1.44657
11.4527	0.0	0.229054	1.45526
10.7886	0.0	0.215771	1.54484
10.1637	0.0	0.203274	1.63982
9.46972	0.0	0.189394	1.76
8.04811	0.0	0.160962	2.07088
7.96455	0.0	0.159291	2.09261
7.79736	0.0	0.155947	2.13748
7.21915	0.0	0.144383	2.30868
7.00997	0.0	0.140199	2.37757
4.87341	0.0	0.0974683	3.41992
3.68114	0.0	0.0736229	4.52758
10.9733	0.0	0.219466	1.51884
10.9733	0.0	0.219466	1.51884
10.7921	0.0	0.215842	1.54434
10.6992	0.0	0.213985	1.55774
8.70829	0.0	0.174166	1.91389
8.70829	0.0	0.174166	1.91389
8.60609	0.0	0.172122	1.93661
7.20392	0.0	0.144078	2.31355
6.84927	0.0	0.136985	2.43335
6.84927	0.0	0.136985	2.43335
6.14774	0.0	0.122955	2.71102
3.89351	0.0	0.0778701	4.28063
11.6628	0.0	0.233255	1.42905
11.6628	0.0	0.233255	1.42905
10.6812	0.0	0.213625	1.56037
10.6812	0.0	0.213625	1.56037
8.75958	0.0	0.175192	1.90268
8.75958	0.0	0.175192	1.90268
6.76467	0.0	0.135293	2.46378
6.76467	0.0	0.135293	2.46378
6.65808	0.0	0.133162	2.50322
6.65808	0.0	0.133162	2.50322
5.40409	0.0	0.108082	3.08408
5.40409	0.0	0.108082	3.08408
11.6898	0.0	0.233796	1.42574
11.4101	0.0	0.228202	1.46069
11.4101	0.0	0.228202	1.46069
9.46695	0.0	0.189339	1.76051
9.26169	0.0	0.185234	1.79953
8.14896	0.0	0.162979	2.04525
8.14896	0.0	0.162979	2.04525
7.03257	0.0	0.140651	2.36993
6.80163	0.0	0.136033	2.45039
6.80163	0.0	0.136033	2.45039
5.43372	0.0	0.108674	3.06727
4.20219	0.0	0.0840437	3.96619
11.5835	0.0	0.231671	1.43882
11.5835	0.0	0.231671	1.43882
11.014	0.0	0.220281	1.51322
9.47938	0.0	0.189588	1.7582
9.47938	0.0	0.189588	1.7582
7.98634	0.0	0.159727	2.0869
7.73544	0.0	0.154709	2.15459
7.68187	0.0	0.153637	2.16961
7.68187	0.0	0.153637	2.16961
7.19179	0.0	0.143836	2.31746
4.4668	0.0	0.0893359	3.73124
3.99995	0.0	0.0799991	4.16671
11.5215	0.0	0.230431	1.44657
11.4527	0.0	0.229054	1.45526
10.7886	0.0	0.215771	1.54484
10.1637	0.0	0.203274	1.63982
9.46972	0.0	0.189394	1.76
8.04811	0.0	0.160962	2.07088
7.96455	0.0	0.159291	2.09261
7.79736	0.0	0.155947	2.13748
7.21915	0.0	0.144383	2.30868
7.00997	0.0	0.140199	2.37757
4.87341	0.0	0.0974683	3.41992
3.68114	0.0	0.0736229	4.52758
11.5835	0.0	0.231671	1.43882
11.5835	0.0	0.231671	1.43882
11.014	0.0	0.220281	1.51322
9.47938	0.0	0.189588	1.7582
9.47938	0.0	0.189588	1.7582
7.98634	0.0	0.159727	2.0869
7.73544	0.0	0.154709	2.15459
7.68187	0.0	0.153637	2.16961
7.68187	0.0	0.153637	2.16961
7.19179	0.0	0.143836	2.31746
4.4668	0.0	0.0893359	3.73124
3.99995	0.0	0.0799991	4.16671
11.6898	0.0	0.233796	1.42574
11.4101	0.0	0.228202	1.46069
11.4101	0.0	0.228202	1.46069
9.46695	0.0	0.189339	1.76051
9.26169	0.0	0.185234	1.79953
8.14896	0.0	0.162979	2.04525
8.14896	0.0	0.162979	2.04525
7.03257	0.0	0.140651	2.36993
6.80163	0.0	0.136033	2.45039
6.80163	0.0	0.136033	2.45039
5.43372	0.0	0.108674	3.06727
4.20219	0.0	0.0840437	3.96619
12.2186	0.0	0.244372	1.36404
12.2186	0.0	0.244372	1.36404
11.6469	0.0	0.232939	1.43099
11.6469	0.0	0.232939	1.43099
7.29737	0.0	0.145947	2.28393
7.29737	0.0	0.145947	2.28393
6.27767	0.0	0.125553	2.65491
6.27767	0.0	0.125553	2.65491
5.8006	0.0	0.116012	2.87327
5.8006	0.0	0.116012	2.87327
5.77086	0.0	0.115417	2.88807
5.77086	0.0	0.115417	2.88807
11.9928	0.0	0.239855	1.38973
11.9928	0.0	0.239855	1.38973
11.9928	0.0	0.239855	1.38973
10.7338	0.0	0.214677	1.55272
7.4594	0.0	0.149188	2.23432
7.4594	0.0	0.149188	2.23432
7.4594	0.0	0.149188	2.23432
6.54118	0.0	0.130824	2.54796
6.54118	0.0	0.130824	2.54796
6.54118	0.0	0.130824	2.54796
4.94442	0.0	0.0988884	3.3708
4.94442	0.0	0.0988884	3.3708
11.6898	0.0	0.233796	1.42574
11.4101	0.0	0.228202	1.46069
11.4101	0.0	0.228202	1.46069
9.46695	0.0	0.189339	1.76051
9.26169	0.0	0.185234	1.79953
8.14896	0.0	0.162979	2.04525
8.14896	0.0	0.162979	2.04525
7.03257	0.0	0.140651	2.36993
6.80163	0.0	0.136033	2.45039
6.80163	0.0	0.136033	2.45039
5.43372	0.0	0.108674	3.06727
4.20219	0.0	0.0840437	3.96619
10.9733	0.0	0.219466	1.51884
10.9733	0.0	0.219466	1.51884
10.7921	0.0	0.215842	1.54434
10.6992	0.0	0.213985	1.55774
8.70829	0.0	0.174166	1.91389
8.70829	0.0	0.174166	1.91389
8.60609	0.0	0.172122	1.93661
7.20392	0.0	0.144078	2.31355
6.84927	0.0	0.136985	2.43335
6.84927	0.0	0.136985	2.43335
6.14774	0.0	0.122955	2.71102
3.89351	0.0	0.0778701	4.28063
11.6898	0.0	0.233796	1.42574
11.4101	0.0	0.228202	1.46069
11.4101	0.0	0.228202	1.46069
9.46695	0.0	0.189339	1.76051
9.26169	0.0	0.185234	1.79953
8.14896	0.0	0.162979	2.04525
8.14896	0.0	0.162979	2.04525
7.03257	0.0	0.140651	2.36993
6.80163	0.0	0.136033	2.45039
6.80163	0.0	0.136033	2.45039
5.43372	0.0	0.108674	3.06727
4.20219	0.0	0.0840437	3.96619
11.9928	0.0	0.239855	1.38973
11.9928	0.0	0.239855	1.38973
11.9928	0.0	0.239855	1.38973
10.7338	0.0	0.214677	1.55272
7.4594	0.0	0.149188	2.23432
7.4594	0.0	0.149188	2.23432
7.4594	0.0	0.149188	2.23432
6.54118	0.0	0.130824	2.54796
6.54118	0.0	0.130824	2.54796
6.54118	0.0	0.130824	2.54796
4.94442	0.0	0.0988884	3.3708
4.94442	0.0	0.0988884	3.3708
11.3988	0.0	0.227977	1.46214
11.3988	0.0	0.227977	1.46214
11.3988	0.0	0.227977	1.46214
11.3988	0.0	0.227977	1.46214
7.75823	0.0	0.155165	2.14826
7.75823	0.0	0.155165	2.14826
7.75823	0.0	0.155165	2.14826
7.75823	0.0	0.155165	2.14826
5.69691	0.0	0.113938	2.92556
5.69691	0.0	0.113938	2.92556
5.69691	0.0	0.113938	2.92556
5.69691	0.0	0.113938	2.92556
11.6628	0.0	0.233255	1.42905
11.6628	0.0	0.233255	1.42905
10.6812	0.0	0.213625	1.56037
10.6812	0.0	0.213625	1.56037
8.75958	0.0	0.175192	1.90268
8.75958	0.0	0.175192	1.90268
6.76467	0.0	0.135293	2.46378
6.76467	0.0	0.135293	2.46378
6.65808	0.0	0.133162	2.50322
6.65808	0.0	0.133162	2.50322
5.40409	0.0	0.108082	3.08408
5.40409	0.0	0.108082	3.08408
11.4265	0.0	0.22853	1.45859
11.4265	0.0	0.22853	1.45859
9.74036	0.0	0.194807	1.71109
9.74036	0.0	0.194807	1.71109
9.70044	0.0	0.194009	1.71814
9.70044	0.0	0.194009	1.71814
7.57624	0.0	0.151525	2.19986
7.57624	0.0	0.151525	2.19986
5.99072	0.0	0.119814	2.78208
5.99072	0.0	0.119814	2.78208
5.9382	0.0	0.118764	2.80669
5.9382	0.0	0.118764	2.80669
10.909	0.0	0.218181	1.52779
10.909	0.0	0.218181	1.52779
10.5136	0.0	0.210273	1.58524
10.5136	0.0	0.210273	1.58524
9.08325	0.0	0.181665	1.83488
9.08325	0.0	0.181665	1.83488
7.9254	0.0	0.158508	2.10294
7.9254	0.0	0.158508	2.10294
6.50631	0.0	0.130126	2.56162
6.50631	0.0	0.130126	2.56162
5.64564	0.0	0.112913	2.95213
5.64564	0.0	0.112913	2.95213
11.4265	0.0	0.22853	1.45859
11.4265	0.0	0.22853	1.45859
9.74036	0.0	0.194807	1.71109
9.74036	0.0	0.194807	1.71109
9.70044	0.0	0.194009	1.71814
9.70044	0.0	0.194009	1.71814
7.57624	0.0	0.151525	2.19986
7.57624	0.0	0.151525	2.19986
5.99072	0.0	0.119814	2.78208
5.99072	0.0	0.119814	2.78208
5.9382	0.0	0.118764	2.80669
5.9382	0.0	0.118764	2.80669
11.6628	0.0	0.233255	1.42905
11.6628	0.0	0.233255	1.42905
10.6812	0.0	0.213625	1.56037
10.6812	0.0	0.213625	1.56037
8.75958	0.0	0.175192	1.90268
8.75958	0.0	0.175192	1.90268
6.76467	0.0	0.135293	2.46378
6.76467	0.0	0.135293	2.46378
6.65808	0.0	0.133162	2.50322
6.65808	0.0	0.133162	2.50322
5.40409	0.0	0.108082	3.08408
5.40409	0.0	0.108082	3.08408
11.6628	0.0	0.233255	1.42905
11.6628	0.0	0.233255	1.42905
10.6812	0.0	0.213625	1.56037
10.6812	0.0	0.213625	1.56037
8.75958	0.0	0.175192	1.90268
8.75958	0.0	0.175192	1.90268
6.76467	0.0	0.135293	2.46378
6.76467	0.0	0.135293	2.46378
6.65808	0.0	0.133162	2.50322
6.65808	0.0	0.133162	2.50322
5.40409	0.0	0.108082	3.08408
5.40409	0.0	0.108082	3.08408
11.6898	0.0	0.233796	1.42574
11.4101	0.0	0.228202	1.46069
11.4101	0.0	0.228202	1.46069
9.46695	0.0	0.189339	1.76051
9.26169	0.0	0.185234	1.79953
8.14896	0.0	0.162979	2.04525
8.14896	0.0	0.162979	2.04525
7.03257	0.0	0.140651	2.36993
6.80163	0.0	0.136033	2.45039
6.80163	0.0	0.136033	2.45039
5.43372	0.0	0.108674	3.06727
4.20219	0.0	0.0840437	3.96619
11.5835	0.0	0.231671	1.43882
11.5835	0.0	0.231671	1.43882
11.014	0.0	0.220281	1.51322
9.47938	0.0	0.189588	1.7582
9.47938	0.0	0.189588	1.7582
7.98634	0.0	0.159727	2.0869
7.73544	0.0	0.154709	2.15459
7.68187	0.0	0.153637	2.16961
7.68187	0.0	0.153637	2.16961
7.19179	0.0	0.143836	2.31746
4.4668	0.0	0.0893359	3.73124
3.99995	0.0	0.0799991	4.16671
11.5215	0.0	0.230431	1.44657
11.4527	0.0	0.229054	1.45526
10.7886	0.0	0.215771	1.54484
10.1637	0.0	0.203274	1.63982
9.46972	0.0	0.189394	1.76
8.04811	0.0	0.160962	2.07088
7.96455	0.0	0.159291	2.09261
7.79736	0.0	0.155947	2.13748
7.21915	0.0	0.144383	2.30868
7.00997	0.0	0.140199	2.37757
4.87341	0.0	0.0974683	3.41992
3.68114	0.0	0.0736229	4.52758
11.5835	0.0	0.231671	1.43882
11.5835	0.0	0.231671	1.43882
11.014	0.0	0.220281	1.51322
9.47938	0.0	0.189588	1.7582
9.47938	0.0	0.189588	1.7582
7.98634	0.0	0.159727	2.0869
7.73544	0.0	0.154709	2.15459
7.68187	0.0	0.153637	2.16961
7.68187	0.0	0.153637	2.16961
7.19179	0.0	0.143836	2.31746
4.4668	0.0	0.0893359	3.73124
3.99995	0.0	0.0799991	4.16671
11.6898	0.0	0.233796	1.42574
11.4101	0.0	0.228202	1.46069
11.4101	0.0	0.228202	1.46069
9.46695	0.0	0.189339	1.76051
9.26169	0.0	0.185234	1.79953
8.14896	0.0	0.162979	2.04525
8.14896	0.0	0.162979	2.04525
7.03257	0.0	0.140651	2.36993
6.80163	0.0	0.136033	2.45039
6.80163	0.0	0.136033	2.45039
5.43372	0.0	0.108674	3.06727
4.20219	0.0	0.0840437	3.96619
11.4265	0.0	0.22853	1.45859
11.4265	0.0	0.22853	1.45859
9.74036	0.0	0.194807	1.71109
9.74036	0.0	0.194807	1.71109
9.70044	0.0	0.194009	1.71814
9.70044	0.0	0.194009	1.71814
7.57624	0.0	0.151525	2.19986
7.57624	0.0	0.151525	2.19986
5.99072	0.0	0.119814	2.78208
5.99072	0.0	0.119814	2.78208
5.9382	0.0	0.118764	2.80669
5.9382	0.0	0.118764	2.80669
11.5835	0.0	0.231671	1.43882
11.5835	0.0	0.231671	1.43882
11.014	0.0	0.220281	1.51322
9.47938	0.0	0.189588	1.7582
9.47938	0.0	0.189588	1.7582
7.98634	0.0	0.159727	2.0869
7.73544	0.0	0.154709	2.15459
7.68187	0.0	0.153637	2.16961
7.68187	0.0	0.153637	2.16961
7.19179	0.0	0.143836	2.31746
4.4668	0.0	0.0893359	3.73124
3.99995	0.0	0.0799991	4.16671
11.8199	0.0	0.236398	1.41005
11.8199	0.0	0.236398	1.41005
11.8199	0.0	0.236398	1.41005
8.97101	0.0	0.17942	1.85784
8.97101	0.0	0.17942	1.85784
8.97101	0.0	0.17942	1.85784
7.95462	0.0	0.159092	2.09522
7.95462	0.0	0.159092	2.09522
7.95462	0.0	0.159092	2.09522
6.07934	0.0	0.121587	2.74153
2.86212	0.0	0.0572423	5.8232
2.86212	0.0	0.0572423	5.8232
12.0871	0.0	0.241742	1.37888
11.9158	0.0	0.238315	1.39871
11.9158	0.0	0.238315	1.39871
9.41174	0.0	0.188235	1.77084
8.61824	0.0	0.172365	1.93388
8.61824	0.0	0.172365	1.93388
8.21594	0.0	0.164319	2.02858
8.21064	0.0	0.164213	2.02989
8.21064	0.0	0.164213	2.02989
4.77723	0.0	0.0955445	3.48877
3.16935	0.0	0.063387	5.2587
1.96536	0.0	0.0393073	8.48019
11.8199	0.0	0.236398	1.41005
11.8199	0.0	0.236398	1.41005
11.8199	0.0	0.236398	1.41005
8.97101	0.0	0.17942	1.85784
8.97101	0.0	0.17942	1.85784
8.97101	0.0	0.17942	1.85784
7.95462	0.0	0.159092	2.09522
7.95462	0.0	0.159092	2.09522
7.95462	0.0	0.159092	2.09522
6.07934	0.0	0.121587	2.74153
2.86212	0.0	0.0572423	5.8232
2.86212	0.0	0.0572423	5.8232
11.5835	0.0	0.231671	1.43882
11.5835	0.0	0.231671	1.43882
11.014	0.0	0.220281	1.51322
9.47938	0.0	0.189588	1.7582
9.47938	0.0	0.189588	1.7582
7.98634	0.0	0.159727	2.0869
7.73544	0.0	0.154709	2.15459
7.68187	0.0	0.153637	2.16961
7.68187	0.0	0.153637	2.16961
7.19179	0.0	0.143836	2.31746
4.4668	0.0	0.0893359	3.73124
3.99995	0.0	0.0799991	4.16671
10.909	0.0	0.218181	1.52779
10.909	0.0	0.218181	1.52779
10.5136	0.0	0.210273	1.58524
10.5136	0.0	0.210273	1.58524
9.08325	0.0	0.181665	1.83488
9.08325	0.0	0.181665	1.83488
7.9254	0.0	0.158508	2.10294
7.9254	0.0	0.158508	2.10294
6.50631	0.0	0.130126	2.56162
6.50631	0.0	0.130126	2.56162
5.64564	0.0	0.112913	2.95213
5.64564	0.0	0.112913	2.95213
11.5215	0.0	0.230431	1.44657
11.4527	0.0	0.229054	1.45526
10.7886	0.0	0.215771	1.54484
10.1637	0.0	0.203274	1.63982
9.46972	0.0	0.189394	1.76
8.04811	0.0	0.160962	2.07088
7.96455	0.0	0.159291	2.09261
7.79736	0.0	0.155947	2.13748
7.21915	0.0	0.144383	2.30868
7.00997	0.0	0.140199	2.37757
4.87341	0.0	0.0974683	3.41992
3.68114	0.0	0.0736229	4.52758
12.0871	0.0	0.241742	1.37888
11.9158	0.0	0.238315	1.39871
11.9158	0.0	0.238315	1.39871
9.41174	0.0	0.188235	1.77084
8.61824	0.0	0.172365	1.93388
8.61824	0.0	0.172365	1.93388
8.21594	0.0	0.164319	2.02858
8.21064	0.0	0.164213	2.02989
8.21064	0.0	0.164213	2.02989
4.77723	0.0	0.0955445	3.48877
3.16935	0.0	0.063387	5.2587
1.96536	0.0	0.0393073	8.48019
12.3096	0.0	0.246192	1.35396
12.3096	0.0	0.246192	1.35396
12.0507	0.0	0.241014	1.38304
8.89954	0.0	0.177991	1.87276
8.89954	0.0	0.177991	1.87276
8.54776	0.0	0.170955	1.94983
8.54776	0.0	0.170955	1.94983
8.28324	0.0	0.165665	2.0121
8.28324	0.0	0.165665	2.0121
2.98908	0.0	0.0597817	5.57585
2.23652	0.0	0.0447304	7.45205
2.23652	0.0	0.0447304	7.45205
12.0871	0.0	0.241742	1.37888
11.9158	0.0	0.238315	1.39871
11.9158	0.0	0.238315	1.39871
9.41174	0.0	0.188235	1.77084
8.61824	0.0	0.172365	1.93388
8.61824	0.0	0.172365	1.93388
8.21594	0.0	0.164319	2.02858
8.21064	0.0	0.164213	2.02989
8.21064	0.0	0.164213	2.02989
4.77723	0.0	0.0955445	3.48877
3.16935	0.0	0.063387	5.2587
1.96536	0.0	0.0393073	8.48019
11.5215	0.0	0.230431	1.44657
11.4527	0.0	0.229054	1.45526
10.7886	0.0	0.215771	1.54484
10.1637	0.0	0.203274	1.63982
9.46972	0.0	0.189394	1.76
8.04811	0.0	0.160962	2.07088
7.96455	0.0	0.159291	2.09261
7.79736	0.0	0.155947	2.13748
7.21915	0.0	0.144383	2.30868
7.00997	0.0	0.140199	2.37757
4.87341	0.0	0.0974683	3.41992
3.68114	0.0	0.0736229	4.52758
11.4265	0.0	0.22853	1.45859
11.4265	0.0	0.22853	1.45859
9.74036	0.0	0.194807	1.71109
9.74036	0.0	0.194807	1.71109
9.70044	0.0	0.194009	1.71814
9.70044	0.0	0.194009	1.71814
7.57624	0.0	0.151525	2.19986
7.57624	0.0	0.151525	2.19986
5.99072	0.0	0.119814	2.78208
5.99072	0.0	0.119814	2.78208
5.9382	0.0	0.118764	2.80669
5.9382	0.0	0.118764	2.80669
11.5835	0.0	0.231671	1.43882
11.5835	0.0	0.231671	1.43882
11.014	0.0	0.220281	1.51322
9.47938	0.0	0.189588	1.7582
9.47938	0.0	0.189588	1.7582
7.98634	0.0	0.159727	2.0869
7.73544	0.0	0.154709	2.15459
7.68187	0.0	0.153637	2.16961
7.68187	0.0	0.153637	2.16961
7.19179	0.0	0.143836	2.31746
4.4668	0.0	0.0893359	3.73124
3.99995	0.0	0.0799991	4.16671
11.8199	0.0	0.236398	1.41005
11.8199	0.0	0.236398	1.41005
11.8199	0.0	0.236398	1.41005
8.97101	0.0	0.17942	1.85784
8.97101	0.0	0.17942	1.85784
8.97101	0.0	0.17942	1.85784
7.95462	0.0	0.159092	2.09522
7.95462	0.0	0.159092	2.09522
7.95462	0.0	0.159092	2.09522
6.07934	0.0	0.121587	2.74153
2.86212	0.0	0.0572423	5.8232
2.86212	0.0	0.0572423	5.8232
12.0871	0.0	0.241742	1.37888
11.9158	0.0	0.238315	1.39871
11.9158	0.0	0.238315	1.39871
9.41174	0.0	0.188235	1.77084
8.61824	0.0	0.172365	1.93388
8.61824	0.0	0.172365	1.93388
8.21594	0.0	0.164319	2.02858
8.21064	0.0	0.164213	2.02989
8.21064	0.0	0.164213	2.02989
4.77723	0.0	0.0955445	3.48877
3.16935	0.0	0.063387	5.2587
1.96536	0.0	0.0393073	8.48019
11.8199	0.0	0.236398	1.41005
11.8199	0.0	0.236398	1.41005
11.8199	0.0	0.236398	1.41005
8.97101	0.0	0.17942	1.85784
8.97101	0.0	0.17942	1.85784
8.97101	0.0	0.17942	1.85784
7.95462	0.0	0.159092	2.09522
7.95462	0.0	0.159092	2.09522
7.95462	0.0	0.159092	2.09522
6.07934	0.0	0.121587	2.74153
2.86212	0.0	0.0572423	5.8232
2.86212	0.0	0.0572423	5.8232
11.5835	0.0	0.231671	1.43882
11.5835	0.0	0.231671	1.43882
11.014	0.0	0.220281	1.51322
9.47938	0.0	0.189588	1.7582
9.47938	0.0	0.189588	1.7582
7.98634	0.0	0.159727	2.0869
7.73544	0.0	0.154709	2.15459
7.68187	0.0	0.153637	2.16961
7.68187	0.0	0.153637	2.16961
7.19179	0.0	0.143836	2.31746
4.4668	0.0	0.0893359	3.73124
3.99995	0.0	0.0799991	4.16671
11.6628	0.0	0.233255	1.42905
11.6628	0.0	0.233255	1.42905
10.6812	0.0	0.213625	1.56037
10.6812	0.0	0.213625	1.56037
8.75958	0.0	0.175192	1.90268
8.75958	0.0	0.175192	1.90268
6.76467	0.0	0.135293	2.46378
6.76467	0.0	0.135293	2.46378
6.65808	0.0	0.133162	2.50322
6.65808	0.0	0.133162	2.50322
5.40409	0.0	0.108082	3.08408
5.40409	0.0	0.108082	3.08408
11.6898	0.0	0.233796	1.42574
11.4101	0.0	0.228202	1.46069
11.4101	0.0	0.228202	1.46069
9.46695	0.0	0.189339	1.76051
9.26169	0.0	0.185234	1.79953
8.14896	0.0	0.162979	2.04525
8.14896	0.0	0.162979	2.04525
7.03257	0.0	0.140651	2.36993
6.80163	0.0	0.136033	2.45039
6.80163	0.0	0.136033	2.45039
5.43372	0.0	0.108674	3.06727
4.20219	0.0	0.0840437	3.96619
11.5835	0.0	0.231671	1.43882
11.5835	0.0	0.231671	1.43882
11.014	0.0	0.220281	1.51322
9.47938	0.0	0.189588	1.7582
9.47938	0.0	0.189588	1.7582
7.98634	0.0	0.159727	2.0869
7.73544	0.0	0.154709	2.15459
7.68187	0.0	0.153637	2.16961
7.68187	0.0	0.153637	2.16961
7.19179	0.0	0.143836	2.31746
4.4668	0.0	0.0893359	3.73124
3.99995	0.0	0.0799991	4.16671
11.5215	0.0	0.230431	1.44657
11.4527	0.0	0.229054	1.45526
10.7886	0.0	0.215771	1.54484
10.1637	0.0	0.203274	1.63982
9.46972	0.0	0.189394	1.76
8.04811	0.0	0.160962	2.07088
7.96455	0.0	0.159291	2.09261
7.79736	0.0	0.155947	2.13748
7.21915	0.0	0.144383	2.30868
7.00997	0.0	0.140199	2.37757
4.87341	0.0	0.0974683	3.41992
3.68114	0.0	0.0736229	4.52758
11.5835	0.0	0.231671	1.43882
11.5835	0.0	0.231671	1.43882
11.014	0.0	0.220281	1.51322
9.47938	0.0	0.189588	1.7582
9.47938	0.0	0.189588	1.7582
7.98634	0.0	0.159727	2.0869
7.73544	0.0	0.154709	2.15459
7.68187	0.0	0.153637	2.16961
7.68187	0.0	0.153637	2.16961
7.19179	0.0	0.143836	2.31746
4.4668	0.0	0.0893359	3.73124
3.99995	0.0	0.0799991	4.16671
11.6898	0.0	0.233796	1.42574
11.4101	0.0	0.228202	1.46069
11.4101	0.0	0.228202	1.46069
9.46695	0.0	0.189339	1.76051
9.26169	0.0	0.185234	1.79953
8.14896	0.0	0.162979	2.04525
8.14896	0.0	0.162979	2.04525
7.03257	0.0	0.140651	2.36993
6.80163	0.0	0.136033	2.45039
6.80163	0.0	0.136033	2.45039
5.43372	0.0	0.108674	3.06727
4.20219	0.0	0.0840437	3.96619
10.6715	0.0	0.21343	1.5618
10.6715	0.0	0.21343	1.5618
10.6715	0.0	0.21343	1.5618
10.6715	0.0	0.21343	1.5618
8.75267	0.0	0.175054	1.90418
8.75267	0.0	0.175054	1.90418
8.75267	0.0	0.175054	1.90418
8.75267	0.0	0.175054	1.90418
5.69526	0.0	0.113905	2.92641
5.69526	0.0	0.113905	2.92641
5.69526	0.0	0.113905	2.92641
5.69526	0.0	0.113905	2.92641
10.9783	0.0	0.219566	1.51815
10.9783	0.0	0.219566	1.51815
9.98374	0.0	0.199675	1.66938
9.98374	0.0	0.199675	1.66938
9.81003	0.0	0.196201	1.69894
9.81003	0.0	0.196201	1.69894
7.54091	0.0	0.150818	2.21017
7.54091	0.0	0.150818	2.21017
6.77773	0.0	0.135555	2.45903
6.77773	0.0	0.135555	2.45903
5.26167	0.0	0.105233	3.16756
5.26167	0.0	0.105233	3.16756
10.909	0.0	0.218181	1.52779
10.909	0.0	0.218181	1.52779
10.5136	0.0	0.210273	1.58524
10.5136	0.0	0.210273	1.58524
9.08325	0.0	0.181665	1.83488
9.08325	0.0	0.181665	1.83488
7.9254	0.0	0.158508	2.10294
7.9254	0.0	0.158508	2.10294
6.50631	0.0	0.130126	2.56162
6.50631	0.0	0.130126	2.56162
5.64564	0.0	0.112913	2.95213
5.64564	0.0	0.112913	2.95213
10.7591	0.0	0.215181	1.54908
10.7591	0.0	0.215181	1.54908
10.7591	0.0	0.215181	1.54908
10.7591	0.0	0.215181	1.54908
8.53484	0.0	0.170697	1.95278
8.53484	0.0	0.170697	1.95278
8.47291	0.0	0.169458	1.96705
8.47291	0.0	0.169458	1.96705
6.08233	0.0	0.121647	2.74018
6.08233	0.0	0.121647	2.74018
6.08233	0.0	0.121647	2.74018
6.08233	0.0	0.121647	2.74018
10.909	0.0	0.218181	1.52779
10.909	0.0	0.218181	1.52779
10.5136	0.0	0.210273	1.58524
10.5136	0.0	0.210273	1.58524
9.08325	0.0	0.181665	1.83488
9.08325	0.0	0.181665	1.83488
7.9254	0.0	0.158508	2.10294
7.9254	0.0	0.158508	2.10294
6.50631	0.0	0.130126	2.56162
6.50631	0.0	0.130126	2.56162
5.64564	0.0	0.112913	2.95213
5.64564	0.0	0.112913	2.95213
10.9783	0.0	0.219566	1.51815
10.9783	0.0	0.219566	1.51815
9.98374	0.0	0.199675	1.66938
9.98374	0.0	0.199675	1.66938
9.81003	0.0	0.196201	1.69894
9.81003	0.0	0.196201	1.69894
7.54091	0.0	0.150818	2.21017
7.54091	0.0	0.150818	2.21017
6.77773	0.0	0.135555	2.45903
6.77773	0.0	0.135555	2.45903
5.26167	0.0	0.105233	3.16756
5.26167	0.0	0.105233	3.16756
10.9783	0.0	0.219566	1.51815
10.9783	0.0	0.219566	1.51815
9.98374	0.0	0.199675	1.66938
9.98374	0.0	0.199675	1.66938
9.81003	0.0	0.196201	1.69894
9.81003	0.0	0.196201	1.69894
7.54091	0.0	0.150818	2.21017
7.54091	0.0	0.150818	2.21017
6.77773	0.0	0.135555	2.45903
6.77773	0.0	0.135555	2.45903
5.26167	0.0	0.105233	3.16756
5.26167	0.0	0.105233	3.16756
10.9733	0.0	0.219466	1.51884
10.9733	0.0	0.219466	1.51884
10.7921	0.0	0.215842	1.54434
10.6992	0.0	0.213985	1.55774
8.70829	0.0	0.174166	1.91389
8.70829	0.0	0.174166	1.91389
8.60609	0.0	0.172122	1.93661
7.20392	0.0	0.144078	2.31355
6.84927	0.0	0.136985	2.43335
6.84927	0.0	0.136985	2.43335
6.14774	0.0	0.122955	2.71102
3.89351	0.0	0.0778701	4.28063
11.5215	0.0	0.230431	1.44657
11.4527	0.0	0.229054	1.45526
10.7886	0.0	0.215771	1.54484
10.1637	0.0	0.203274	1.63982
9.46972	0.0	0.189394	1.76
8.04811	0.0	0.160962	2.07088
7.96455	0.0	0.159291	2.09261
7.79736	0.0	0.155947	2.13748
7.21915	0.0	0.144383	2.30868
7.00997	0.0	0.140199	2.37757
4.87341	0.0	0.0974683	3.41992
3.68114	0.0	0.0736229	4.52758
11.6841	0.0	0.233681	1.42645
11.6841	0.0	0.233681	1.42645
10.6674	0.0	0.213347	1.5624
9.7332	0.0	0.194664	1.71235
9.7332	0.0	0.194664	1.71235
8.49794	0.0	0.169959	1.96126
8.49794	0.0	0.169959	1.96126
7.43476	0.0	0.148695	2.24172
7.43476	0.0	0.148695	2.24172
5.89209	0.0	0.117842	2.82865
4.31147	0.0	0.0862294	3.86566
4.31147	0.0	0.0862294	3.86566
11.5215	0.0	0.230431	1.44657
11.4527	0.0	0.229054	1.45526
10.7886	0.0	0.215771	1.54484
10.1637	0.0	0.203274	1.63982
9.46972	0.0	0.189394	1.76
8.04811	0.0	0.160962	2.07088
7.96455	0.0	0.159291	2.09261
7.79736	0.0	0.155947	2.13748
7.21915	0.0	0.144383	2.30868
7.00997	0.0	0.140199	2.37757
4.87341	0.0	0.0974683	3.41992
3.68114	0.0	0.0736229	4.52758
10.9733	0.0	0.219466	1.51884
10.9733	0.0	0.219466	1.51884
10.7921	0.0	0.215842	1.54434
10.6992	0.0	0.213985	1.55774
8.70829	0.0	0.174166	1.91389
8.70829	0.0	0.174166	1.91389
8.60609	0.0	0.172122	1.93661
7.20392	0.0	0.144078	2.31355
6.84927	0.0	0.136985	2.43335
6.84927	0.0	0.136985	2.43335
6.14774	0.0	0.122955	2.71102
3.89351	0.0	0.0778701	4.28063
10.909	0.0	0.218181	1.52779
10.909	0.0	0.218181	1.52779
10.5136	0.0	0.210273	1.58524
10.5136	0.0	0.210273	1.58524
9.08325	0.0	0.181665	1.83488
9.08325	0.0	0.181665	1.83488
7.9254	0.0	0.158508	2.10294
7.9254	0.0	0.158508	2.10294
6.50631	0.0	0.130126	2.56162
6.50631	0.0	0.130126	2.56162
5.64564	0.0	0.112913	2.95213
5.64564	0.0	0.112913	2.95213
11.5215	0.0	0.230431	1.44657
11.4527	0.0	0.229054	1.45526
10.7886	0.0	0.215771	1.54484
10.1637	0.0	0.203274	1.63982
9.46972	0.0	0.189394	1.76
8.04811	0.0	0.160962	2.07088
7.96455	0.0	0.159291	2.09261
7.79736	0.0	0.155947	2.13748
7.21915	0.0	0.144383	2.30868
7.00997	0.0	0.140199	2.37757
4.87341	0.0	0.0974683	3.41992
3.68114	0.0	0.0736229	4.52758
12.0871	0.0	0.241742	1.37888
11.9158	0.0	0.238315	1.39871
11.9158	0.0	0.238315	1.39871
9.41174	0.0	0.188235	1.77084
8.61824	0.0	0.172365	1.93388
8.61824	0.0	0.172365	1.93388
8.21594	0.0	0.164319	2.02858
8.21064	0.0	0.164213	2.02989
8.21064	0.0	0.164213	2.02989
4.77723	0.0	0.0955445	3.48877
3.16935	0.0	0.063387	5.2587
1.96536	0.0	0.0393073	8.48019
12.3096	0.0	0.246192	1.35396
12.3096	0.0	0.246192	1.35396
12.0507	0.0	0.241014	1.38304
8.89954	0.0	0.177991	1.87276
8.89954	0.0	0.177991	1.87276
8.54776	0.0	0.170955	1.94983
8.54776	0.0	0.170955	1.94983
8.28324	0.0	0.165665	2.0121
8.28324	0.0	0.165665	2.0121
2.98908	0.0	0.0597817	5.57585
2.23652	0.0	0.0447304	7.45205
2.23652	0.0	0.0447304	7.45205
12.0871	0.0	0.241742	1.37888
11.9158	0.0	0.238315	1.39871
11.9158	0.0	0.238315	1.39871
9.41174	0.0	0.188235	1.77084
8.61824	0.0	0.172365	1.93388
8.61824	0.0	0.172365	1.93388
8.21594	0.0	0.164319	2.02858
8.21064	0.0	0.164213	2.02989
8.21064	0.0	0.164213	2.02989
4.77723	0.0	0.0955445	3.48877
3.16935	0.0	0.063387	5.2587
1.96536	0.0	0.0393073	8.48019
11.5215	0.0	0.230431	1.44657
11.4527	0.0	0.229054	1.45526
10.7886	0.0	0.215771	1.54484
10.1637	0.0	0.203274	1.63982
9.46972	0.0	0.189394	1.76
8.04811	0.0	0.160962	2.07088
7.96455	0.0	0.159291	2.09261
7.79736	0.0	0.155947	2.13748
7.21915	0.0	0.144383	2.30868
7.00997	0.0	0.140199	2.37757
4.87341	0.0	0.0974683	3.41992
3.68114	0.0	0.0736229	4.52758
10.7591	0.0	0.215181	1.54908
10.7591	0.0	0.215181	1.54908
10.7591	0.0	0.215181	1.54908
10.7591	0.0	0.215181	1.54908
8.53484	0.0	0.170697	1.95278
8.53484	0.0	0.170697	1.95278
8.47291	0.0	0.169458	1.96705
8.47291	0.0	0.169458	1.96705
6.08233	0.0	0.121647	2.74018
6.08233	0.0	0.121647	2.74018
6.08233	0.0	0.121647	2.74018
6.08233	0.0	0.121647	2.74018
11.6841	0.0	0.233681	1.42645
11.6841	0.0	0.233681	1.42645
10.6674	0.0	0.213347	1.5624
9.7332	0.0	0.194664	1.71235
9.7332	0.0	0.194664	1.71235
8.49794	0.0	0.169959	1.96126
8.49794	0.0	0.169959	1.96126
7.43476	0.0	0.148695	2.24172
7.43476	0.0	0.148695	2.24172
5.89209	0.0	0.117842	2.82865
4.31147	0.0	0.0862294	3.86566
4.31147	0.0	0.0862294	3.86566
12.3096	0.0	0.246192	1.35396
12.3096	0.0	0.246192	1.35396
12.0507	0.0	0.241014	1.38304
8.89954	0.0	0.177991	1.87276
8.89954	0.0	0.177991	1.87276
8.54776	0.0	0.170955	1.94983
8.54776	0.0	0.170955	1.94983
8.28324	0.0	0.165665	2.0121
8.28324	0.0	0.165665	2.0121
2.98908	0.0	0.0597817	5.57585
2.23652	0.0	0.0447304	7.45205
2.23652	0.0	0.0447304	7.45205
12.529	0.0	0.250581	1.33024
12.529	0.0	0.250581	1.33024
12.529	0.0	0.250581	1.33024
8.57257	0.0	0.171451	1.94419
8.57257	0.0	0.171451	1.94419
8.57257	0.0	0.171451	1.94419
8.57257	0.0	0.171451	1.94419
8.57257	0.0	0.171451	1.94419
8.57257	0.0	0.171451	1.94419
0	0.0	0	0
0	0.0	0	0
0	0.0	0	0
10.909	0.0	0.218181	1.52779
10.909	0.0	0.218181	1.52779
10.5136	0.0	0.210273	1.58524
10.5136	0.0	0.210273	1.58524
9.08325	0.0	0.181665	1.83488
9.08325	0.0	0.181665	1.83488
7.9254	0.0	0.158508	2.10294
7.9254	0.0	0.158508	2.10294
6.50631	0.0	0.130126	2.56162
6.50631	0.0	0.130126	2.56162
5.64564	0.0	0.112913	2.95213
5.64564	0.0	0.112913	2.95213
10.9783	0.0	0.219566	1.51815
10.9783	0.0	0.219566	1.51815
9.98374	0.0	0.199675	1.66938
9.98374	0.0	0.199675	1.66938
9.81003	0.0	0.196201	1.69894
9.81003	0.0	0.196201	1.69894
7.54091	0.0	0.150818	2.21017
7.54091	0.0	0.150818	2.21017
6.77773	0.0	0.135555	2.45903
6.77773	0.0	0.135555	2.45903
5.26167	0.0	0.105233	3.16756
5.26167	0.0	0.105233	3.16756
11.3988	0.0	0.227977	1.46214
11.3988	0.0	0.227977	1.46214
11.3988	0.0	0.227977	1.46214
11.3988	0.0	0.227977	1.46214
7.75823	0.0	0.155165	2.14826
7.75823	0.0	0.155165	2.14826
7.75823	0.0	0.155165	2.14826
7.75823	0.0	0.155165	2.14826
5.69691	0.0	0.113938	2.92556
5.69691	0.0	0.113938	2.92556
5.69691	0.0	0.113938	2.92556
5.69691	0.0	0.113938	2.92556
11.6628	0.0	0.233255	1.42905
11.6628	0.0	0.233255	1.42905
10.6812	0.0	0.213625	1.56037
10.6812	0.0	0.213625	1.56037
8.75958	0.0	0.175192	1.90268
8.75958	0.0	0.175192	1.90268
6.76467	0.0	0.135293	2.46378
6.76467	0.0	0.135293	2.46378
6.65808	0.0	0.133162	2.50322
6.65808	0.0	0.133162	2.50322
5.40409	0.0	0.108082	3.08408
5.40409	0.0	0.108082	3.08408
11.4265	0.0	0.22853	1.45859
11.4265	0.0	0.22853	1.45859
9.74036	0.0	0.194807	1.71109
9.74036	0.0	0.194807	1.71109
9.70044	0.0	0.194009	1.71814
9.70044	0.0	0.194009	1.71814
7.57624	0.0	0.151525	2.19986
7.57624	0.0	0.151525	2.19986
5.99072	0.0	0.119814	2.78208
5.99072	0.0	0.119814	2.78208
5.9382	0.0	0.118764	2.80669
5.9382	0.0	0.118764	2.80669
10.909	0.0	0.218181	1.52779
10.909	0.0	0.218181	1.52779
10.5136	0.0	0.210273	1.58524
10.5136	0.0	0.210273	1.58524
9.08325	0.0	0.181665	1.83488
9.08325	0.0	0.181665	1.83488
7.9254	0.0	0.158508	2.10294
7.9254	0.0	0.158508	2.10294
6.50631	0.0	0.130126	2.56162
6.50631	0.0	0.130126	2.56162
5.64564	0.0	0.112913	2.95213
5.64564	0.0	0.112913	2.95213
11.4265	0.0	0.22853	1.45859
11.4265	0.0	0.22853	1.45859
9.74036	0.0	0.194807	1.71109
9.74036	0.0	0.194807	1.71109
9.70044	0.0	0.194009	1.71814
9.70044	0.0	0.194009	1.71814
7.57624	0.0	0.151525	2.19986
7.57624	0.0	0.151525	2.19986
5.99072	0.0	0.119814	2.78208
5.99072	0.0	0.119814	2.78208
5.9382	0.0	0.118764	2.80669
5.9382	0.0	0.118764	2.80669
11.6628	0.0	0.233255	1.42905
11.6628	0.0	0.233255	1.42905
10.6812	0.0	0.213625	1.56037
10.6812	0.0	0.213625	1.56037
8.75958	0.0	0.175192	1.90268
8.75958	0.0	0.175192	1.90268
6.76467	0.0	0.135293	2.46378
6.76467	0.0	0.135293	2.46378
6.65808	0.0	0.133162	2.50322
6.65808	0.0	0.133162	2.50322
5.40409	0.0	0.108082	3.08408
5.40409	0.0	0.108082	3.08408
11.6628	0.0	0.233255	1.42905
11.6628	0.0	0.233255	1.42905
10.6812	0.0	0.213625	1.56037
10.6812	0.0	0.213625	1.56037
8.75958	0.0	0.175192	1.90268
8.75958	0.0	0.175192	1.90268
6.76467	0.0	0.135293	2.46378
6.76467	0.0	0.135293	2.46378
6.65808	0.0	0.133162	2.50322
6.65808	0.0	0.133162	2.50322
5.40409	0.0	0.108082	3.08408
5.40409	0.0	0.108082	3.08408
11.4265	0.0	0.22853	1.45859
11.4265	0.0	0.22853	1.45859
9.74036	0.0	0.194807	1.71109
9.74036	0.0	0.194807	1.71109
9.70044	0.0	0.194009	1.71814
9.70044	0.0	0.194009	1.71814
7.57624	0.0	0.151525	2.19986
7.57624	0.0	0.151525	2.19986
5.99072	0.0	0.119814	2.78208
5.99072	0.0	0.119814	2.78208
5.9382	0.0	0.118764	2.80669
5.9382	0.0	0.118764	2.80669
10.909	0.0	0.218181	1.52779
10.909	0.0	0.218181	1.52779
10.5136	0.0	0.210273	1.58524
10.5136	0.0	0.210273	1.58524
9.08325	0.0	0.181665	1.83488
9.08325	0.0	0.181665	1.83488
7.9254	0.0	0.158508	2.10294
7.9254	0.0	0.158508	2.10294
6.50631	0.0	0.130126	2.56162
6.50631	0.0	0.130126	2.56162
5.64564	0.0	0.112913	2.95213
5.64564	0.0	0.112913	2.95213
11.4265	0.0	0.22853	1.45859
11.4265	0.0	0.22853	1.45859
9.74036	0.0	0.194807	1.71109
9.74036	0.0	0.194807	1.71109
9.70044	0.0	0.194009	1.71814
9.70044	0.0	0.194009	1.71814
7.57624	0.0	0.151525	2.19986
7.57624	0.0	0.151525	2.19986
5.99072	0.0	0.119814	2.78208
5.99072	0.0	0.119814	2.78208
5.9382	0.0	0.118764	2.80669
5.9382	0.0	0.118764	2.80669
11.6628	0.0	0.233255	1.42905
11.6628	0.0	0.233255	1.42905
10.6812	0.0	0.213625	1.56037
10.6812	0.0	0.213625	1.56037
8.75958	0.0	0.175192	1.90268
8.75958	0.0	0.175192	1.90268
6.76467	0.0	0.135293	2.46378
6.76467	0.0	0.135293	2.46378
6.65808	0.0	0.133162	2.50322
6.65808	0.0	0.133162	2.50322
5.40409	0.0	0.108082	3.08408
5.40409	0.0	0.108082	3.08408
12.2124	0.0	0.244248	1.36473
12.2124	0.0	0.244248	1.36473
12.2124	0.0	0.244248	1.36473
12.2124	0.0	0.244248	1.36473
6.34419	0.0	0.126884	2.62708
6.34419	0.0	0.126884	2.62708
6.34419	0.0	0.126884	2.62708
6.34419	0.0	0.126884	2.62708
5.70021	0.0	0.114004	2.92387
5.70021	0.0	0.114004	2.92387
5.70021	0.0	0.114004	2.92387
5.70021	0.0	0.114004	2.92387
12.2186	0.0	0.244372	1.36404
12.2186	0.0	0.244372	1.36404
11.6469	0.0	0.232939	1.43099
11.6469	0.0	0.232939	1.43099
7.29737	0.0	0.145947	2.28393
7.29737	0.0	0.145947	2.28393
6.27767	0.0	0.125553	2.65491
6.27767	0.0	0.125553	2.65491
5.8006	0.0	0.116012	2.87327
5.8006	0.0	0.116012	2.87327
5.77086	0.0	0.115417	2.88807
5.77086	0.0	0.115417	2.88807
11.6628	0.0	0.233255	1.42905
11.6628	0.0	0.233255	1.42905
10.6812	0.0	0.213625	1.56037
10.6812	0.0	0.213625	1.56037
8.75958	0.0	0.175192	1.90268
8.75958	0.0	0.175192	1.90268
6.76467	0.0	0.135293	2.46378
6.76467	0.0	0.135293	2.46378
6.65808	0.0	0.133162	2.50322
6.65808	0.0	0.133162	2.50322
5.40409	0.0	0.108082	3.08408
5.40409	0.0	0.108082	3.08408
10.9783	0.0	0.219566	1.51815
10.9783	0.0	0.219566	1.51815
9.98374	0.0	0.199675	1.66938
9.98374	0.0	0.199675	1.66938
9.81003	0.0	0.196201	1.69894
9.81003	0.0	0.196201	1.69894
7.54091	0.0	0.150818	2.21017
7.54091	0.0	0.150818	2.21017
6.77773	0.0	0.135555	2.45903
6.77773	0.0	0.135555	2.45903
5.26167	0.0	0.105233	3.16756
5.26167	0.0	0.105233	3.16756
11.6628	0.0	0.233255	1.42905
11.6628	0.0	0.233255	1.42905
10.6812	0.0	0.213625	1.56037
10.6812	0.0	0.213625	1.56037
8.75958	0.0	0.175192	1.90268
8.75958	0.0	0.175192	1.90268
6.76467	0.0	0.135293	2.46378
6.76467	0.0	0.135293	2.46378
6.65808	0.0	0.133162	2.50322
6.65808	0.0	0.133162	2.50322
5.40409	0.0	0.108082	3.08408
5.40409	0.0	0.108082	3.08408
12.2186	0.0	0.244372	1.36404
12.2186	0.0	0.244372	1.36404
11.6469	0.0	0.232939	1.43099
11.6469	0.0	0.232939	1.43099
7.29737	0.0	0.145947	2.28393
7.29737	0.0	0.145947	2.28393
6.27767	0.0	0.125553	2.65491
6.27767	0.0	0.125553	2.65491
5.8006	0.0	0.116012	2.87327
5.8006	0.0	0.116012	2.87327
5.77086	0.0	0.115417	2.88807
5.77086	0.0	0.115417	2.88807
12.2186	0.0	0.244372	1.36404
12.2186	0.0	0.244372	1.36404
11.6469	0.0	0.232939	1.43099
11.6469	0.0	0.232939	1.43099
7.29737	0.0	0.145947	2.28393
7.29737	0.0	0.145947	2.28393
6.27767	0.0	0.125553	2.65491
6.27767	0.0	0.125553	2.65491
5.8006	0.0	0.116012	2.87327
5.8006	0.0	0.116012	2.87327
5.77086	0.0	0.115417	2.88807
5.77086	0.0	0.115417	2.88807
11.6628	0.0	0.233255	1.42905
11.6628	0.0	0.233255	1.42905
10.6812	0.0	0.213625	1.56037
10.6812	0.0	0.213625	1.56037
8.75958	0.0	0.175192	1.90268
8.75958	0.0	0.175192	1.90268
6.76467	0.0	0.135293	2.46378
6.76467	0.0	0.135293	2.46378
6.65808	0.0	0.133162	2.50322
6.65808	0.0	0.133162	2.50322
5.40409	0.0	0.108082	3.08408
5.40409	0.0	0.108082	3.08408
10.9783	0.0	0.219566	1.51815
10.9783	0.0	0.219566	1.51815
9.98374	0.0	0.199675	1.66938
9.98374	0.0	0.199675	1.66938
9.81003	0.0	0.196201	1.69894
9.81003	0.0	0.196201	1.69894
7.54091	0.0	0.150818	2.21017
7.54091	0.0	0.150818	2.21017
6.77773	0.0	0.135555	2.45903
6.77773	0.0	0.135555	2.45903
5.26167	0.0	0.105233	3.16756
5.26167	0.0	0.105233	3.16756
11.6628	0.0	0.233255	1.42905
11.6628	0.0	0.233255	1.42905
10.6812	0.0	0.213625	1.56037
10.6812	0.0	0.213625	1.56037
8.75958	0.0	0.175192	1.90268
8.75958	0.0	0.175192	1.90268
6.76467	0.0	0.135293	2.46378
6.76467	0.0	0.135293	2.46378
6.65808	0.0	0.133162	2.50322
6.65808	0.0	0.133162	2.50322
5.40409	0.0	0.108082	3.08408
5.40409	0.0	0.108082	3.08408
12.2186	0.0	0.244372	1.36404
12.2186	0.0	0.244372	1.36404
11.6469	0.0	0.232939	1.43099
11.6469	0.0	0.232939	1.43099
7.29737	0.0	0.145947	2.28393
7.29737	0.0	0.145947	2.28393
6.27767	0.0	0.125553	2.65491
6.27767	0.0	0.125553	2.65491
5.8006	0.0	0.116012	2.87327
5.8006	0.0	0.116012	2.87327
5.77086	0.0	0.115417	2.88807
5.77086	0.0	0.115417	2.88807
