612 Out of 768 Velocities in m/s for a 4x4x4 Ar Lattice.
      0.1005      0.1005      0.1005      0.1005      0.1005      0.1005      0.1005      0.1005      0.1005      0.1005      0.1005      0.1005     -0.2321     -0.2321     -0.2321     -0.2321     -0.2318     -0.2249     -0.2320     -0.2238     -0.2238     -0.2309     -0.1545     -0.1773     -0.0005     -0.0770     -0.0542      0.0005     -0.0077     -0.0077      0.0006      0.0003     -0.0066      0.0006      0.0006      0.0006
   -149.7686   -149.7686    294.8648   -149.7686   -149.7686    294.8648    149.9420    149.9420    294.8648    149.9420    149.9420    294.8648   -313.6608   -313.6608   -517.9863   -313.6608   -313.6608   -517.9863    313.6072    313.6072   -517.9863    313.6072    313.6072   -517.9863   -212.2269   -212.2269      1.2296   -212.2269   -212.2269      1.2296    211.9799    211.9799      1.2296    211.9799    211.9799      1.2296
   -181.6512   -181.6512      0.3924   -181.6512   -181.6512      0.3924    181.7811    181.7811      0.3924    181.7811    181.7811      0.3924   -418.9975   -418.9975     -0.4860   -418.9975   -418.9975     -0.4860    419.0524    419.0523     -0.4860    419.0524    419.0524     -0.4860   -300.5598   -300.5598      0.0006   -300.5598   -300.5598      0.0006    300.3351    300.3351      0.0006    300.3351    300.3351      0.0006
   -149.7686   -149.7686   -294.8648   -149.7686   -149.7686   -294.8648    149.9420    149.9420   -294.8648    149.9420    149.9420   -294.8648   -313.6608   -313.6608    517.9863   -313.6608   -313.6608    517.9863    313.6072    313.6072    517.9863    313.6072    313.6072    517.9863   -212.2269   -212.2269     -1.2296   -212.2269   -212.2269     -1.2296    211.9799    211.9799     -1.2296    211.9799    211.9799     -1.2296
   -149.7686    294.8648   -149.7686   -149.7686    294.8648   -149.7686    149.9420    294.8648    149.9420    149.9420    294.8648    149.9420   -313.6608   -517.9863   -313.6608   -313.6608   -517.9863   -313.6608    313.6072   -517.9863    313.6072    313.6072   -517.9863    313.6072   -212.2269      1.2296   -212.2269   -212.2269      1.2296   -212.2269    211.9799      1.2296    211.9799    211.9799      1.2296    211.9799
      0.0369    144.0152    144.0152      0.0369    144.0152    144.0152   -371.9013    360.5878    360.5878    372.0717    360.5878    360.5878      0.0015   -450.6487   -450.6487      0.0015   -450.6487   -450.6487     -0.0721   -238.1846   -238.1846     -0.0721   -238.1846   -238.1846   -409.5300    -35.4167    -35.4167    409.6068    -35.4167    -35.4167   -653.3839    -30.1799    -30.1799    653.2709    -30.1799    -30.1799
   -151.3795     28.5228      0.5164    151.4502     28.5228      0.5164   -375.1514   -251.8922     -0.6343    375.1910   -251.8922     -0.6343   -555.1604    327.3806      0.2967    555.2845    327.3806      0.2967     -1.0086   -417.7041     -0.0704      0.8950   -417.7041     -0.0704   -500.3452    375.1119     -0.2997    500.4417    375.1119     -0.2997   -644.1625   -148.0803      0.0794    644.2209   -148.0803      0.0794
      0.0369    144.0152   -144.0152      0.0369    144.0152   -144.0152   -371.9013    360.5878   -360.5878    372.0717    360.5878   -360.5878      0.0015   -450.6487    450.6487      0.0015   -450.6487    450.6487     -0.0721   -238.1846    238.1846     -0.0721   -238.1846    238.1846   -409.5300    -35.4167     35.4167    409.6068    -35.4167     35.4167   -653.3839    -30.1799     30.1799    653.2709    -30.1799     30.1799
   -181.6512      0.3924   -181.6512   -181.6512      0.3924   -181.6512    181.7811      0.3924    181.7811    181.7811      0.3924    181.7811   -418.9975     -0.4860   -418.9975   -418.9975     -0.4860   -418.9975    419.0524     -0.4860    419.0524    419.0524     -0.4860    419.0524   -300.5598      0.0006   -300.5598   -300.5598      0.0006   -300.5598    300.3351      0.0006    300.3351    300.3351      0.0006    300.3351
   -151.3795      0.5164     28.5228    151.4502      0.5164     28.5228   -375.1514     -0.6343   -251.8922    375.1910     -0.6343   -251.8922   -555.1604      0.2967    327.3806    555.2845      0.2967    327.3806     -1.0086     -0.0704   -417.7041      0.8950     -0.0704   -417.7041   -500.3452     -0.2997    375.1119    500.4417     -0.2997    375.1119   -644.1625      0.0794   -148.0803    644.2209      0.0794   -148.0803
   -361.8747      0.0726      0.0726   -361.8747      0.0321      0.0220    361.9110     -0.0416     -0.0315    361.9110     -0.0821     -0.0821   -865.1995      0.2330      0.2330    865.3688      0.2330      0.2330     -0.0091     -0.2071     -0.2071     -0.0091     -0.2071     -0.2071   -561.5583      0.1487      0.1487   -561.5583      0.1107      0.1271    561.6976     -0.1641     -0.1805    561.6976     -0.2022     -0.2022
   -151.3795      0.5164    -28.5228    151.4502      0.5164    -28.5228   -375.1514     -0.6343    251.8922    375.1910     -0.6343    251.8922   -555.1604      0.2967   -327.3806    555.2845      0.2967   -327.3806     -1.0086     -0.0704    417.7041      0.8950     -0.0704    417.7041   -500.3452     -0.2997   -375.1119    500.4417     -0.2997   -375.1119   -644.1625      0.0794    148.0803    644.2209      0.0794    148.0803
   -149.7686   -294.8648   -149.7686   -149.7686   -294.8648   -149.7686    149.9420   -294.8648    149.9420    149.9420   -294.8648    149.9420   -313.6608    517.9863   -313.6608   -313.6608    517.9863   -313.6608    313.6072    517.9863    313.6072    313.6072    517.9863    313.6072   -212.2269     -1.2296   -212.2269   -212.2269     -1.2296   -212.2269    211.9799     -1.2296    211.9799    211.9799     -1.2296    211.9799
      0.0369   -144.0152    144.0152      0.0369   -144.0152    144.0152   -371.9013   -360.5878    360.5878    372.0717   -360.5878    360.5878      0.0015    450.6487   -450.6487      0.0015    450.6487   -450.6487     -0.0721    238.1846   -238.1846     -0.0721    238.1846   -238.1846   -409.5300     35.4167    -35.4167    409.6068     35.4167    -35.4167   -653.3839     30.1799    -30.1799    653.2709     30.1799    -30.1799
   -151.3795    -28.5228      0.5164    151.4502    -28.5228      0.5164   -375.1514    251.8922     -0.6343    375.1910    251.8922     -0.6343   -555.1604   -327.3806      0.2967    555.2845   -327.3806      0.2967     -1.0086    417.7041     -0.0704      0.8950    417.7041     -0.0704   -500.3452   -375.1119     -0.2997    500.4417   -375.1119     -0.2997   -644.1625    148.0803      0.0794    644.2209    148.0803      0.0794
      0.0369   -144.0152   -144.0152      0.0369   -144.0152   -144.0152   -371.9013   -360.5878   -360.5878    372.0717   -360.5878   -360.5878      0.0015    450.6487    450.6487      0.0015    450.6487    450.6487     -0.0721    238.1846    238.1846     -0.0721    238.1846    238.1846   -409.5300     35.4167     35.4167    409.6068     35.4167     35.4167   -653.3839     30.1799     30.1799    653.2709     30.1799     30.1799
    294.8648   -149.7686   -149.7686    294.8648   -149.7686   -149.7686    294.8648    149.9420    149.9420    294.8648    149.9420    149.9420   -517.9863   -313.6608   -313.6608   -517.9863   -313.6608   -313.6608   -517.9863    313.6072    313.6072   -517.9863    313.6072    313.6072      1.2296   -212.2269   -212.2269      1.2296   -212.2269   -212.2269      1.2296    211.9799    211.9799      1.2296    211.9799    211.9799
    144.0152      0.0369    144.0152    144.0152      0.0369    144.0152    360.5878   -371.9013    360.5878    360.5878    372.0717    360.5878   -450.6487      0.0015   -450.6487   -450.6487      0.0015   -450.6487   -238.1846     -0.0721   -238.1846   -238.1846     -0.0721   -238.1846    -35.4167   -409.5300    -35.4167    -35.4167    409.6068    -35.4167    -30.1799   -653.3839    -30.1799    -30.1799    653.2709    -30.1799
     28.5228   -151.3795      0.5164     28.5228    151.4502      0.5164   -251.8922   -375.1514     -0.6343   -251.8922    375.1910     -0.6343    327.3806   -555.1604      0.2967    327.3806    555.2845      0.2967   -417.7041     -1.0087     -0.0704   -417.7041      0.8951     -0.0704    375.1119   -500.3452     -0.2997    375.1119    500.4417     -0.2997   -148.0803   -644.1625      0.0794   -148.0803    644.2209      0.0794
    144.0152      0.0369   -144.0152    144.0152      0.0369   -144.0152    360.5878   -371.9013   -360.5878    360.5878    372.0717   -360.5878   -450.6487      0.0015    450.6487   -450.6487      0.0015    450.6487   -238.1846     -0.0721    238.1846   -238.1846     -0.0721    238.1846    -35.4167   -409.5300     35.4167    -35.4167    409.6068     35.4167    -30.1799   -653.3839     30.1799    -30.1799    653.2709     30.1799
    144.0152    144.0152      0.0369    144.0152    144.0152      0.0369    360.5878    360.5878   -371.9013    360.5878    360.5878    372.0717   -450.6487   -450.6487      0.0015   -450.6487   -450.6487      0.0015   -238.1846   -238.1846     -0.0721   -238.1846   -238.1846     -0.0721    -35.4167    -35.4167   -409.5300    -35.4167    -35.4167    409.6068    -30.1799    -30.1799   -653.3839    -30.1799    -30.1799    653.2709
     12.0334     12.0334     12.0334     88.5893     88.5893     88.5893     11.9468     11.9468     11.9468    559.8694    559.8694    559.8694   -296.4454   -296.4454   -296.4454     -7.8250     -7.8250     -7.8250   -296.5360   -296.5360   -296.5360   -189.2966   -189.2966   -189.2966   -145.5143   -145.5143   -145.5143   -189.3607   -189.3607   -189.3607    249.6397    249.6397    249.6397    249.8665    249.8665    249.8665
   -231.2218   -231.2218      0.0973   -176.5411   -176.5411      0.0534   -176.6054   -176.6054      0.0534    243.1994    243.1994     -0.3106     16.8485     16.8485     -0.0187     16.7061     16.7061     -0.0187   -181.2878   -181.2878     -0.0751   -249.1607   -249.1607     -0.0643   -249.2678   -249.2678     -0.0643    687.6800    687.6800      0.4945    531.2522    531.2522     -0.3590    343.6956    343.6956      0.2039
     12.0334     12.0334    -12.0334     88.5893     88.5893    -88.5893     11.9468     11.9468    -11.9468    559.8694    559.8694   -559.8694   -296.4454   -296.4454    296.4454     -7.8250     -7.8250      7.8250   -296.5360   -296.5360    296.5360   -189.2966   -189.2966    189.2966   -145.5143   -145.5143    145.5143   -189.3607   -189.3607    189.3607    249.6397    249.6397   -249.6397    249.8665    249.8665   -249.8665
     28.5228      0.5164   -151.3795     28.5228      0.5164    151.4502   -251.8922     -0.6343   -375.1514   -251.8922     -0.6343    375.1910    327.3806      0.2967   -555.1604    327.3806      0.2967    555.2845   -417.7041     -0.0704     -1.0087   -417.7041     -0.0704      0.8951    375.1119     -0.2997   -500.3452    375.1119     -0.2997    500.4417   -148.0803      0.0794   -644.1625   -148.0803      0.0794    644.2209
   -231.2218      0.0973   -231.2218   -176.5411      0.0534   -176.5411   -176.6054      0.0534   -176.6054    243.1994     -0.3106    243.1994     16.8485     -0.0187     16.8485     16.7061     -0.0187     16.7061   -181.2878     -0.0751   -181.2878   -249.1607     -0.0643   -249.1607   -249.2678     -0.0643   -249.2678    687.6800      0.4945    687.6800    531.2522     -0.3590    531.2522    343.6956      0.2039    343.6956
   -224.1450     -0.0758     -0.0758   -224.1450     -0.0977     -0.0977   -494.5982     -0.0077     -0.0077    301.6867      0.2886      0.2886    301.6867     -0.0910     -0.0910    -18.5680     -0.1784     -0.1784    -18.5680     -0.2254     -0.2254   -302.7616      0.1198      0.1198   -302.7616     -0.0479     -0.0479   1035.6508      0.9574      0.9574    740.4977      0.2613      0.2613    740.4977     -0.7185     -0.7185
   -231.2218      0.0973    231.2218   -176.5411      0.0534    176.5411   -176.6054      0.0534    176.6054    243.1994     -0.3106   -243.1994     16.8485     -0.0187    -16.8485     16.7061     -0.0187    -16.7061   -181.2878     -0.0751    181.2878   -249.1607     -0.0643    249.1607   -249.2678     -0.0643    249.2678    687.6800      0.4945   -687.6800    531.2522     -0.3590   -531.2522    343.6956      0.2039   -343.6956
    144.0152   -144.0152      0.0369    144.0152   -144.0152      0.0369    360.5878   -360.5878   -371.9013    360.5878   -360.5878    372.0717   -450.6487    450.6487      0.0015   -450.6487    450.6487      0.0015   -238.1846    238.1846     -0.0721   -238.1846    238.1846     -0.0721    -35.4167     35.4167   -409.5300    -35.4167     35.4167    409.6068    -30.1799     30.1799   -653.3839    -30.1799     30.1799    653.2709
     12.0334    -12.0334     12.0334     88.5893    -88.5893     88.5893     11.9468    -11.9468     11.9468    559.8694   -559.8694    559.8694   -296.4454    296.4454   -296.4454     -7.8250      7.8250     -7.8250   -296.5360    296.5360   -296.5360   -189.2966    189.2966   -189.2966   -145.5143    145.5143   -145.5143   -189.3607    189.3607   -189.3607    249.6397   -249.6397    249.6397    249.8665   -249.8665    249.8665
   -231.2218    231.2218      0.0973   -176.5411    176.5411      0.0534   -176.6054    176.6054      0.0534    243.1994   -243.1994     -0.3106     16.8485    -16.8485     -0.0187     16.7061    -16.7061     -0.0187   -181.2878    181.2878     -0.0751   -249.1607    249.1607     -0.0643   -249.2678    249.2678     -0.0643    687.6800   -687.6800      0.4945    531.2522   -531.2522     -0.3590    343.6956   -343.6956      0.2039
     12.0334    -12.0334    -12.0334     88.5893    -88.5893    -88.5893     11.9468    -11.9468    -11.9468    559.8694   -559.8694   -559.8694   -296.4454    296.4454    296.4454     -7.8250      7.8250      7.8250   -296.5360    296.5360    296.5360   -189.2966    189.2966    189.2966   -145.5143    145.5143    145.5143   -189.3607    189.3607    189.3607    249.6397   -249.6397   -249.6397    249.8665   -249.8665   -249.8665
      0.3924   -181.6512   -181.6512      0.3924   -181.6512   -181.6512      0.3924    181.7811    181.7811      0.3924    181.7811    181.7811     -0.4860   -418.9975   -418.9975     -0.4860   -418.9975   -418.9975     -0.4860    419.0524    419.0524     -0.4860    419.0524    419.0524      0.0006   -300.5598   -300.5598      0.0006   -300.5598   -300.5598      0.0006    300.3351    300.3351      0.0006    300.3351    300.3351
      0.5164   -151.3795     28.5228      0.5164    151.4502     28.5228     -0.6343   -375.1514   -251.8922     -0.6343    375.1910   -251.8922      0.2967   -555.1604    327.3806      0.2967    555.2845    327.3806     -0.0704     -1.0087   -417.7041     -0.0704      0.8951   -417.7041     -0.2997   -500.3452    375.1119     -0.2997    500.4417    375.1119      0.0794   -644.1625   -148.0803      0.0794    644.2209   -148.0803
      0.0726   -361.8747      0.0726      0.0102   -361.8747     -0.0029     -0.0197    361.9110     -0.0066     -0.0821    361.9110     -0.0821      0.2330   -865.1995      0.2330      0.2330    865.3688      0.2330     -0.2071     -0.0091     -0.2071     -0.2071     -0.0091     -0.2071      0.1487   -561.5583      0.1487      0.1487   -561.5583     -0.0226     -0.2022    561.6976     -0.0309     -0.2022    561.6976     -0.2022
      0.5164   -151.3795    -28.5228      0.5164    151.4502    -28.5228     -0.6343   -375.1514    251.8922     -0.6343    375.1910    251.8922      0.2967   -555.1604   -327.3806      0.2967    555.2845   -327.3806     -0.0704     -1.0087    417.7041     -0.0704      0.8951    417.7041     -0.2997   -500.3452   -375.1119     -0.2997    500.4417   -375.1119      0.0794   -644.1625    148.0803      0.0794    644.2209    148.0803
      0.5164     28.5228   -151.3795      0.5164     28.5228    151.4502     -0.6343   -251.8922   -375.1514     -0.6343   -251.8922    375.1910      0.2967    327.3806   -555.1604      0.2967    327.3806    555.2845     -0.0704   -417.7041     -1.0087     -0.0704   -417.7041      0.8951     -0.2997    375.1119   -500.3452     -0.2997    375.1119    500.4417      0.0794   -148.0803   -644.1625      0.0794   -148.0803    644.2209
      0.0973   -231.2218   -231.2218      0.0534   -176.5411   -176.5410      0.0534   -176.6054   -176.6054     -0.3106    243.1994    243.1994     -0.0187     16.8485     16.8485     -0.0187     16.7061     16.7061     -0.0751   -181.2878   -181.2878     -0.0643   -249.1607   -249.1607     -0.0643   -249.2678   -249.2678      0.4945    687.6800    687.6800     -0.3590    531.2522    531.2522      0.2039    343.6956    343.6956
     -0.0758   -224.1450     -0.0758     -0.0977   -224.1450     -0.0977     -0.0077   -494.5982     -0.0077      0.2886    301.6867      0.2886     -0.0910    301.6867     -0.0910     -0.1350    -18.5680     -0.1438     -0.2688    -18.5680     -0.2599      0.1198   -302.7616      0.1198     -0.0479   -302.7616     -0.0479      0.9574   1035.6508      0.9574      0.2613    740.4977      0.2613     -0.7185    740.4977     -0.7185
      0.0973   -231.2218    231.2218      0.0534   -176.5411    176.5411      0.0534   -176.6054    176.6054     -0.3106    243.1994   -243.1994     -0.0187     16.8485    -16.8485     -0.0187     16.7061    -16.7061     -0.0751   -181.2878    181.2878     -0.0643   -249.1607    249.1607     -0.0643   -249.2678    249.2678      0.4945    687.6800   -687.6800     -0.3590    531.2522   -531.2522      0.2039    343.6956   -343.6956
      0.0726      0.0726   -361.8747      0.0726      0.0523   -361.8747     -0.0821     -0.0619    361.9110     -0.0821     -0.0821    361.9110      0.2330      0.2330   -865.1995      0.2330      0.2330    865.3688     -0.2071     -0.2071     -0.0091     -0.2071     -0.2071     -0.0091      0.1487      0.1487   -561.5583      0.1486      0.1429   -561.5583     -0.2021     -0.1964    561.6976     -0.2022     -0.2022    561.6976
     -0.0758     -0.0758   -224.1450     -0.0977     -0.0977   -224.1450     -0.0077     -0.0077   -494.5982      0.2886      0.2886    301.6867     -0.0910     -0.0910    301.6867     -0.1350     -0.1497    -18.5680     -0.2688     -0.2541    -18.5680      0.1198      0.1198   -302.7616     -0.0479     -0.0479   -302.7616      0.9574      0.9574   1035.6508      0.2613      0.2613    740.4977     -0.7185     -0.7185    740.4977
     -0.0735     -0.0735     -0.0735     -0.0735     -0.0755     -0.0761     -0.1597     -0.1577     -0.1571      0.0798      0.0490      0.0532      0.0588      0.0083      0.0083     -0.0089      0.0083      0.0083     -0.0090     -0.0004     -0.0090     -0.0423     -0.0090     -0.0130     -0.0631     -0.0409     -0.0326   1067.3522    989.1151   1067.3175    805.7102    900.0338    805.7562    805.7102    805.7102    805.7102
      0.5164    -28.5228   -151.3795      0.5164    -28.5228    151.4502     -0.6343    251.8922   -375.1514     -0.6343    251.8922    375.1910      0.2967   -327.3806   -555.1604      0.2967   -327.3806    555.2845     -0.0704    417.7041     -1.0087     -0.0704    417.7041      0.8951     -0.2997   -375.1119   -500.3452     -0.2997   -375.1119    500.4417      0.0794    148.0803   -644.1625      0.0794    148.0803    644.2209
   -294.8648   -149.7686   -149.7686   -294.8648   -149.7686   -149.7686   -294.8648    149.9420    149.9420   -294.8648    149.9420    149.9420    517.9863   -313.6608   -313.6608    517.9863   -313.6608   -313.6608    517.9863    313.6072    313.6072    517.9863    313.6072    313.6072     -1.2296   -212.2269   -212.2269     -1.2296   -212.2269   -212.2269     -1.2296    211.9799    211.9799     -1.2296    211.9799    211.9799
   -144.0152      0.0369    144.0152   -144.0152      0.0369    144.0152   -360.5878   -371.9013    360.5878   -360.5878    372.0717    360.5878    450.6487      0.0015   -450.6487    450.6487      0.0015   -450.6487    238.1846     -0.0721   -238.1846    238.1846     -0.0721   -238.1846     35.4167   -409.5300    -35.4167     35.4167    409.6068    -35.4167     30.1799   -653.3839    -30.1799     30.1799    653.2709    -30.1799
    -28.5228   -151.3795      0.5164    -28.5228    151.4502      0.5164    251.8922   -375.1514     -0.6343    251.8922    375.1910     -0.6343   -327.3806   -555.1604      0.2967   -327.3806    555.2845      0.2967    417.7041     -1.0087     -0.0704    417.7041      0.8951     -0.0704   -375.1119   -500.3452     -0.2997   -375.1119    500.4417     -0.2997    148.0803   -644.1625      0.0794    148.0803    644.2209      0.0794
   -144.0152      0.0369   -144.0152   -144.0152      0.0369   -144.0152   -360.5878   -371.9013   -360.5878   -360.5878    372.0717   -360.5878    450.6487      0.0015    450.6487    450.6487      0.0015    450.6487    238.1846     -0.0721    238.1846    238.1846     -0.0721    238.1846     35.4167   -409.5300     35.4167     35.4167    409.6068     35.4167     30.1799   -653.3839     30.1799     30.1799    653.2709     30.1799
   -144.0152    144.0152      0.0369   -144.0152    144.0152      0.0369   -360.5878    360.5878   -371.9013   -360.5878    360.5878    372.0717    450.6487   -450.6487      0.0015    450.6487   -450.6487      0.0015    238.1846   -238.1846     -0.0721    238.1846   -238.1846     -0.0721     35.4167    -35.4167   -409.5300     35.4167    -35.4167    409.6068     30.1799    -30.1799   -653.3839     30.1799    -30.1799    653.2709
    -28.5228      0.5164   -151.3795    -28.5228      0.5164    151.4502    251.8922     -0.6343   -375.1514    251.8922     -0.6343    375.1910   -327.3806      0.2967   -555.1604   -327.3806      0.2967    555.2845    417.7041     -0.0704     -1.0087    417.7041     -0.0704      0.8951   -375.1119     -0.2997   -500.3452   -375.1119     -0.2997    500.4417    148.0803      0.0794   -644.1625    148.0803      0.0794    644.2209
   -144.0152   -144.0152      0.0369   -144.0152   -144.0152      0.0369   -360.5878   -360.5878   -371.9013   -360.5878   -360.5878    372.0717    450.6487    450.6487      0.0015    450.6487    450.6487      0.0015    238.1846    238.1846     -0.0721    238.1846    238.1846     -0.0721     35.4167     35.4167   -409.5300     35.4167     35.4167    409.6068     30.1799     30.1799   -653.3839     30.1799     30.1799    653.2709
