0+9.2353e-07i
5.3231e-07
6.6987e-07
1.3111
2.0933
2.2026
2.3043
2.4281
2.5865
2.745
2.9541
3.0962
3.2205
3.2886
3.3177
3.4707
3.5821
3.6701
3.7254
3.7787
3.8148
3.9028
3.9906
4.041
4.1124
4.193
4.2254
4.2682
4.3976
4.5295
4.5843
4.5952
4.6712
4.7217
4.763
4.8023
4.8318
4.886
4.963
5.0465
5.1183
5.1458
5.2014
5.2686
5.2869
5.3212
5.4029
5.4924
5.5028
5.5652
5.5874
5.6234
5.7112
5.7396
5.7686
5.8144
5.8826
5.8959
5.9683
5.9941
6.0323
6.0768
6.1102
6.1905
6.2152
6.2736
6.3017
6.4158
6.4175
6.4985
6.5525
6.5968
6.6354
6.6526
6.6879
6.7875
6.8619
6.8761
6.8951
6.9233
6.9747
7.0154
7.0285
7.0987
7.1232
7.1487
7.188
7.2056
7.2548
7.3073
7.3508
7.3767
7.4228
7.4342
7.5078
7.5339
7.5638
7.6419
7.6945
7.7207
7.737
7.7823
7.7932
7.8351
7.8657
7.8981
7.957
7.9642
7.9888
8.0508
8.0718
8.1147
8.1517
8.1623
8.2168
8.2822
8.3085
8.3247
8.3337
8.3825
8.4171
8.457
8.5007
8.5286
8.5571
8.5763
8.607
8.6876
8.7102
8.7335
8.745
8.8013
8.8293
8.8664
8.9111
8.915
8.9464
8.9716
9.0414
9.0741
9.115
9.1265
9.1502
9.1698
9.2276
9.2444
9.3026
9.3259
9.3443
9.3472
9.3989
9.4365
9.4633
9.504
9.5241
9.541
9.5422
9.5892
9.6405
9.6826
9.6939
9.7221
9.7616
9.8028
9.8212
9.8563
9.8721
9.9236
9.9628
9.9788
10.004
10.052
10.084
10.104
10.109
10.122
10.168
10.216
10.246
10.261
10.289
10.304
10.347
10.373
10.429
10.483
10.495
10.575
10.579
10.585
10.61
10.619
10.665
10.681
10.712
10.736
10.753
10.779
10.844
10.863
10.894
10.914
10.947
10.981
10.991
11.04
11.074
11.103
11.145
11.164
11.204
11.236
11.257
11.281
11.302
11.335
11.359
11.38
11.385
11.418
11.457
11.49
11.525
11.54
11.558
11.624
11.661
11.677
11.682
11.713
11.742
11.785
11.791
11.815
11.856
11.869
11.935
11.971
12
12.017
12.067
12.078
12.097
12.118
12.186
12.221
12.25
12.282
12.291
12.319
12.33
12.365
12.401
12.438
12.471
12.473
12.51
12.539
12.55
12.577
12.617
12.641
12.665
12.695
12.735
12.759
12.786
12.828
12.867
12.874
12.908
12.915
12.955
12.975
13.003
13.024
13.093
13.109
13.122
13.161
13.181
13.231
13.265
13.322
13.327
13.34
13.347
13.37
13.43
13.454
13.484
13.511
13.553
13.569
13.59
13.644
13.654
13.668
13.702
13.704
13.747
13.757
13.806
13.844
13.865
13.9
13.927
13.958
13.971
14.021
14.031
14.067
14.082
14.116
14.147
14.161
14.181
14.206
14.221
14.238
14.279
14.326
14.333
14.348
14.412
14.427
14.466
14.473
14.492
14.531
14.541
14.592
14.6
14.642
14.675
14.701
14.719
14.737
14.779
14.789
14.828
14.845
14.902
14.927
14.935
14.967
14.984
15.005
15.034
15.063
15.114
15.153
15.185
15.217
15.246
15.283
15.329
15.355
15.38
15.412
15.429
15.459
15.508
15.515
15.549
15.556
15.586
15.615
15.632
15.649
15.702
15.706
15.735
15.793
15.795
15.84
15.848
15.869
15.92
15.947
16.015
16.063
16.094
16.104
16.121
16.169
16.179
16.211
16.224
16.252
16.275
16.299
16.335
16.336
16.397
16.421
16.468
16.485
16.499
16.586
16.615
16.635
16.646
16.669
16.679
16.709
16.742
16.775
16.81
16.865
16.871
16.889
16.927
16.94
16.962
16.986
17.044
17.056
17.093
17.117
17.129
17.163
17.202
17.242
17.258
17.297
17.316
17.337
17.339
17.379
17.394
17.405
17.436
17.491
17.512
17.545
17.565
17.627
17.67
17.693
17.73
17.75
17.775
17.802
17.861
17.871
17.909
17.93
17.956
18.001
18.055
18.069
18.104
18.12
18.141
18.165
18.181
18.263
18.299
18.311
18.344
18.359
18.371
18.423
18.429
18.464
18.526
18.538
18.562
18.6
18.637
18.659
18.68
18.714
18.748
18.802
18.819
18.834
18.858
18.879
18.947
18.95
18.975
19.012
19.047
19.099
19.103
19.132
19.166
19.199
19.266
19.274
19.301
19.319
19.372
19.387
19.414
19.439
19.52
19.523
19.557
19.571
19.589
19.661
19.714
19.746
19.769
19.783
19.819
19.852
19.856
19.919
19.929
19.971
20.001
20.048
20.059
20.067
20.113
20.152
20.186
20.208
20.236
20.287
20.295
20.334
20.352
20.395
20.409
20.475
20.511
20.535
20.58
20.585
20.611
20.647
20.666
20.729
20.774
20.784
20.799
20.844
20.88
20.948
20.972
20.988
21.013
21.054
21.1
21.121
21.174
21.187
21.217
21.254
21.269
21.311
21.333
21.375
21.395
21.404
21.458
21.503
21.532
21.581
21.6
21.64
21.661
21.728
21.79
21.792
21.811
21.864
21.929
21.958
21.98
22.009
22.041
22.088
22.099
22.106
22.188
22.203
22.262
22.267
22.299
22.37
22.373
22.439
22.466
22.48
22.496
22.499
22.536
22.585
22.617
22.683
22.699
22.716
22.76
22.784
22.811
22.848
22.902
22.944
22.974
23.051
23.1
23.127
23.177
23.214
23.273
23.294
23.32
23.355
23.393
23.417
23.428
23.441
23.484
23.518
23.566
23.609
23.683
23.696
23.741
23.801
23.842
23.844
23.878
23.893
23.967
24.01
24.04
24.055
24.08
24.107
24.206
24.21
24.243
24.268
24.309
24.345
24.4
24.421
24.432
24.5
24.518
24.54
24.582
24.633
24.676
24.708
24.729
24.739
24.79
24.818
24.85
24.9
24.924
24.964
25.04
25.056
25.089
25.106
25.175
25.244
25.258
25.308
25.356
25.377
25.434
25.472
25.514
25.542
25.589
25.619
25.652
25.685
25.744
25.778
25.814
25.838
25.876
25.919
25.941
25.985
26.023
26.03
26.098
26.109
26.176
26.262
26.291
26.344
26.403
26.439
26.475
26.523
26.598
26.659
26.716
26.774
26.8
26.831
26.873
26.935
26.966
27.027
27.051
27.146
27.206
27.251
27.342
27.371
27.405
27.435
27.499
27.572
27.621
27.782
27.823
27.846
27.937
27.965
28.035
28.082
28.183
28.194
28.269
28.3
28.337
28.411
28.468
28.501
28.611
28.698
28.783
28.935
28.983
29.051
29.169
29.383
29.409
29.615
29.63
29.741
29.796
29.883
29.931
29.992
30.129
30.388
30.444
30.761
30.816
30.915
31.021
31.045
31.259
31.349
31.497
31.607
31.691
32.074
32.789
33.279
33.443
34.857
