4092 Out of 6144 Normal Mode Frequencies in 1/ps for a 8x8x8 Ar Lattice.
    8.846293    8.846293    8.846293    8.846293    4.031824    4.031824    4.031824    4.031824    4.031824    4.031824    4.031824    4.031824
    8.726742    8.726742    8.726742    8.726742    4.296944    4.296944    4.296944    4.296944    4.031141    4.031141    4.031141    4.031141
    8.383851    8.383851    8.383851    8.383851    4.958803    4.958803    4.958803    4.958803    4.029492    4.029492    4.029492    4.029492
    7.886402    7.886402    7.886402    7.886402    5.739537    5.739537    5.739537    5.739537    4.027842    4.027842    4.027842    4.027842
    7.545873    7.545873    7.545873    7.545873    6.189076    6.189076    6.189076    6.189076    4.027158    4.027158    4.027158    4.027158
    7.886402    7.886402    7.886402    7.886402    5.739537    5.739537    5.739537    5.739537    4.027842    4.027842    4.027842    4.027842
    8.383851    8.383851    8.383851    8.383851    4.958803    4.958803    4.958803    4.958803    4.029492    4.029492    4.029492    4.029492
    8.726742    8.726742    8.726742    8.726742    4.296944    4.296944    4.296944    4.296944    4.031141    4.031141    4.031141    4.031141
    8.726742    8.726742    8.726742    8.726742    4.296944    4.296944    4.296944    4.296944    4.031141    4.031141    4.031141    4.031141
    8.729299    8.729299    8.493430    8.493430    4.725191    4.725191    4.268447    4.268447    4.072942    4.072942    4.060101    4.060101
    8.499368    8.499368    8.062159    8.062159    5.466441    5.466441    4.521090    4.521090    4.445954    4.445954    3.894002    3.894002
    8.078131    8.078131    7.525155    7.525155    6.282439    6.282439    5.168809    5.168809    4.546502    4.546502    3.778821    3.778821
    7.735914    7.735914    7.202268    7.202268    6.769100    6.769100    5.545669    5.545669    4.579950    4.579950    3.737844    3.737844
    8.078131    8.078131    7.525155    7.525155    6.282439    6.282439    5.168809    5.168809    4.546502    4.546502    3.778821    3.778821
    8.499368    8.499368    8.062159    8.062159    5.466441    5.466441    4.521090    4.521090    4.445954    4.445954    3.894002    3.894002
    8.729299    8.729299    8.493430    8.493430    4.725191    4.725191    4.268447    4.268447    4.072942    4.072942    4.060101    4.060101
    8.383851    8.383851    8.383851    8.383851    4.958803    4.958803    4.958803    4.958803    4.029492    4.029492    4.029492    4.029492
    8.499368    8.499368    8.062159    8.062159    5.466441    5.466441    4.521090    4.521090    4.445954    4.445954    3.894002    3.894002
    8.393521    8.393521    7.579208    7.579208    6.084379    6.084379    4.870721    4.870721    4.169699    4.169699    4.133835    4.133835
    8.083636    8.083636    7.040230    7.040230    6.766444    6.766444    5.134287    5.134287    4.638761    4.638761    3.894210    3.894210
    7.765470    7.765470    7.222700    7.222700    6.746077    6.746077    5.219672    5.219672    4.932067    4.932067    3.801000    3.801000
    8.083636    8.083636    7.040230    7.040230    6.766444    6.766444    5.134287    5.134287    4.638761    4.638761    3.894210    3.894210
    8.393521    8.393521    7.579208    7.579208    6.084379    6.084379    4.870721    4.870721    4.169699    4.169699    4.133835    4.133835
    8.499368    8.499368    8.062159    8.062159    5.466441    5.466441    4.521090    4.521090    4.445954    4.445954    3.894002    3.894002
    7.886402    7.886402    7.886402    7.886402    5.739537    5.739537    5.739537    5.739537    4.027842    4.027842    4.027842    4.027842
    8.078131    8.078131    7.525155    7.525155    6.282439    6.282439    5.168809    5.168809    4.546502    4.546502    3.778821    3.778821
    8.083636    8.083636    7.040230    7.040230    6.766444    6.766444    5.134287    5.134287    4.638761    4.638761    3.894210    3.894210
    7.914806    7.914806    7.194398    7.194398    6.534655    6.534655    5.590508    5.590508    4.263102    4.263102    4.233713    4.233713
    7.677569    7.677569    7.509726    7.509726    6.274631    6.274631    5.761776    5.761776    4.473726    4.473726    4.102532    4.102532
    7.914806    7.914806    7.194398    7.194398    6.534655    6.534655    5.590508    5.590508    4.263102    4.263102    4.233713    4.233713
    8.083636    8.083636    7.040230    7.040230    6.766444    6.766444    5.134287    5.134287    4.638761    4.638761    3.894210    3.894210
    8.078131    8.078131    7.525155    7.525155    6.282439    6.282439    5.168809    5.168809    4.546502    4.546502    3.778821    3.778821
    7.545873    7.545873    7.545873    7.545873    6.189076    6.189076    6.189076    6.189076    4.027158    4.027158    4.027158    4.027158
    7.735914    7.735914    7.202268    7.202268    6.769100    6.769100    5.545669    5.545669    4.579950    4.579950    3.737844    3.737844
    7.765470    7.765470    7.222700    7.222700    6.746077    6.746077    5.219672    5.219672    4.932067    4.932067    3.801000    3.801000
    7.677569    7.677569    7.509726    7.509726    6.274631    6.274631    5.761776    5.761776    4.473726    4.473726    4.102532    4.102532
    7.607802    7.607802    7.607802    7.607802    6.035044    6.035044    5.991253    5.991253    4.300860    4.300860    4.300860    4.300860
    7.677569    7.677569    7.509726    7.509726    6.274631    6.274631    5.761776    5.761776    4.473726    4.473726    4.102532    4.102532
    7.765470    7.765470    7.222700    7.222700    6.746077    6.746077    5.219672    5.219672    4.932067    4.932067    3.801000    3.801000
    7.735914    7.735914    7.202268    7.202268    6.769100    6.769100    5.545669    5.545669    4.579950    4.579950    3.737844    3.737844
    7.886402    7.886402    7.886402    7.886402    5.739537    5.739537    5.739537    5.739537    4.027842    4.027842    4.027842    4.027842
    8.078131    8.078131    7.525155    7.525155    6.282439    6.282439    5.168809    5.168809    4.546502    4.546502    3.778821    3.778821
    8.083636    8.083636    7.040230    7.040230    6.766444    6.766444    5.134287    5.134287    4.638761    4.638761    3.894210    3.894210
    7.914806    7.914806    7.194398    7.194398    6.534655    6.534655    5.590508    5.590508    4.263102    4.263102    4.233713    4.233713
    7.677569    7.677569    7.509726    7.509726    6.274631    6.274631    5.761776    5.761776    4.473726    4.473726    4.102532    4.102532
    7.914806    7.914806    7.194398    7.194398    6.534655    6.534655    5.590508    5.590508    4.263102    4.263102    4.233713    4.233713
    8.083636    8.083636    7.040230    7.040230    6.766444    6.766444    5.134287    5.134287    4.638761    4.638761    3.894210    3.894210
    8.078131    8.078131    7.525155    7.525155    6.282439    6.282439    5.168809    5.168809    4.546502    4.546502    3.778821    3.778821
    8.383851    8.383851    8.383851    8.383851    4.958803    4.958803    4.958803    4.958803    4.029492    4.029492    4.029492    4.029492
    8.499368    8.499368    8.062159    8.062159    5.466441    5.466441    4.521090    4.521090    4.445954    4.445954    3.894002    3.894002
    8.393521    8.393521    7.579208    7.579208    6.084379    6.084379    4.870721    4.870721    4.169699    4.169699    4.133835    4.133835
    8.083636    8.083636    7.040230    7.040230    6.766444    6.766444    5.134287    5.134287    4.638761    4.638761    3.894210    3.894210
    7.765470    7.765470    7.222700    7.222700    6.746077    6.746077    5.219672    5.219672    4.932067    4.932067    3.801000    3.801000
    8.083636    8.083636    7.040230    7.040230    6.766444    6.766444    5.134287    5.134287    4.638761    4.638761    3.894210    3.894210
    8.393521    8.393521    7.579208    7.579208    6.084379    6.084379    4.870721    4.870721    4.169699    4.169699    4.133835    4.133835
    8.499368    8.499368    8.062159    8.062159    5.466441    5.466441    4.521090    4.521090    4.445954    4.445954    3.894002    3.894002
    8.726742    8.726742    8.726742    8.726742    4.296944    4.296944    4.296944    4.296944    4.031141    4.031141    4.031141    4.031141
    8.729299    8.729299    8.493430    8.493430    4.725191    4.725191    4.268447    4.268447    4.072942    4.072942    4.060101    4.060101
    8.499368    8.499368    8.062159    8.062159    5.466441    5.466441    4.521090    4.521090    4.445954    4.445954    3.894002    3.894002
    8.078131    8.078131    7.525155    7.525155    6.282439    6.282439    5.168809    5.168809    4.546502    4.546502    3.778821    3.778821
    7.735914    7.735914    7.202268    7.202268    6.769100    6.769100    5.545669    5.545669    4.579950    4.579950    3.737844    3.737844
    8.078131    8.078131    7.525155    7.525155    6.282439    6.282439    5.168809    5.168809    4.546502    4.546502    3.778821    3.778821
    8.499368    8.499368    8.062159    8.062159    5.466441    5.466441    4.521090    4.521090    4.445954    4.445954    3.894002    3.894002
    8.729299    8.729299    8.493430    8.493430    4.725191    4.725191    4.268447    4.268447    4.072942    4.072942    4.060101    4.060101
    8.726742    8.726742    8.726742    8.726742    4.296944    4.296944    4.296944    4.296944    4.031141    4.031141    4.031141    4.031141
    8.729299    8.729299    8.493430    8.493430    4.725191    4.725191    4.268447    4.268447    4.072942    4.072942    4.060101    4.060101
    8.499368    8.499368    8.062159    8.062159    5.466441    5.466441    4.521090    4.521090    4.445954    4.445954    3.894002    3.894002
    8.078131    8.078131    7.525155    7.525155    6.282439    6.282439    5.168809    5.168809    4.546502    4.546502    3.778821    3.778821
    7.735914    7.735914    7.202268    7.202268    6.769100    6.769100    5.545669    5.545669    4.579950    4.579950    3.737844    3.737844
    8.078131    8.078131    7.525155    7.525155    6.282439    6.282439    5.168809    5.168809    4.546502    4.546502    3.778821    3.778821
    8.499368    8.499368    8.062159    8.062159    5.466441    5.466441    4.521090    4.521090    4.445954    4.445954    3.894002    3.894002
    8.729299    8.729299    8.493430    8.493430    4.725191    4.725191    4.268447    4.268447    4.072942    4.072942    4.060101    4.060101
    8.729299    8.729299    8.493430    8.493430    4.725191    4.725191    4.268447    4.268447    4.072942    4.072942    4.060101    4.060101
    8.625020    8.625020    8.625020    8.128534    4.814973    4.814973    4.814973    4.389375    4.389375    4.389375    3.727778    3.727778
    8.503896    8.329664    8.329664    7.577329    5.748755    5.231620    5.231620    4.639915    4.507203    4.507203    3.935138    3.405653
    8.135809    7.918080    7.918080    6.947205    6.668250    5.834128    5.834128    4.799783    4.534476    4.534476    4.479553    3.170758
    7.681913    7.662012    7.662012    7.315629    6.584398    6.170725    6.170725    4.854645    4.837484    4.539168    4.539168    3.083711
    8.135809    7.918080    7.918080    6.947205    6.668250    5.834128    5.834128    4.799783    4.534476    4.534476    4.479553    3.170758
    8.503896    8.329664    8.329664    7.577329    5.748755    5.231620    5.231620    4.639915    4.507203    4.507203    3.935138    3.405653
    8.625020    8.625020    8.625020    8.128534    4.814973    4.814973    4.814973    4.389375    4.389375    4.389375    3.727778    3.727778
    8.499368    8.499368    8.062159    8.062159    5.466441    5.466441    4.521090    4.521090    4.445954    4.445954    3.894002    3.894002
    8.503896    8.329664    8.329664    7.577329    5.748755    5.231620    5.231620    4.639915    4.507203    4.507203    3.935138    3.405653
    8.350572    8.350572    8.024970    6.930799    6.083280    6.083280    5.138461    4.952887    4.952887    4.726144    3.523139    3.275413
    8.118844    8.100893    7.674120    6.915219    6.452882    6.237486    5.411589    5.208442    5.195354    4.735510    3.830857    2.979825
    7.948584    7.746449    7.498765    7.492286    6.653397    5.851429    5.610687    5.292588    5.279018    4.702581    4.139988    2.838929
    8.118844    8.100893    7.674120    6.915219    6.452882    6.237486    5.411589    5.208442    5.195354    4.735510    3.830857    2.979825
    8.350572    8.350572    8.024970    6.930799    6.083280    6.083280    5.138461    4.952887    4.952887    4.726144    3.523139    3.275413
    8.503896    8.329664    8.329664    7.577329    5.748755    5.231620    5.231620    4.639915    4.507203    4.507203    3.935138    3.405653
    8.078131    8.078131    7.525155    7.525155    6.282439    6.282439    5.168809    5.168809    4.546502    4.546502    3.778821    3.778821
    8.135809    7.918080    7.918080    6.947205    6.668250    5.834128    5.834128    4.799783    4.534476    4.534476    4.479553    3.170758
    8.118844    8.100893    7.674120    6.915219    6.452882    6.237486    5.411589    5.208442    5.195354    4.735510    3.830857    2.979825
    8.089466    8.089466    7.419837    6.979952    6.979952    5.617260    5.617260    5.504232    5.151207    4.964002    3.416703    3.173693
    8.081428    8.020217    7.300434    7.230263    6.956730    5.806896    5.758128    5.201383    5.095859    4.936012    3.597107    3.085805
    8.089466    8.089466    7.419837    6.979952    6.979952    5.617260    5.617260    5.504232    5.151207    4.964002    3.416703    3.173693
    8.118844    8.100893    7.674120    6.915219    6.452882    6.237486    5.411589    5.208442    5.195354    4.735510    3.830857    2.979825
    8.135809    7.918080    7.918080    6.947205    6.668250    5.834128    5.834128    4.799783    4.534476    4.534476    4.479553    3.170758
    7.735914    7.735914    7.202268    7.202268    6.769100    6.769100    5.545669    5.545669    4.579950    4.579950    3.737844    3.737844
    7.681913    7.662012    7.662012    7.315629    6.584398    6.170725    6.170725    4.854645    4.837484    4.539168    4.539168    3.083711
    7.948584    7.746449    7.498765    7.492286    6.653397    5.851429    5.610687    5.292588    5.279018    4.702581    4.139988    2.838929
    8.081428    8.020217    7.300434    7.230263    6.956730    5.806896    5.758128    5.201383    5.095859    4.936012    3.597107    3.085805
    8.113929    8.113929    7.209794    7.060073    7.060073    6.001625    6.001625    5.049482    5.049482    4.657150    3.385389    3.385389
    8.081428    8.020217    7.300434    7.230263    6.956730    5.806896    5.758128    5.201383    5.095859    4.936012    3.597107    3.085805
    7.948584    7.746449    7.498765    7.492286    6.653397    5.851429    5.610687    5.292588    5.279018    4.702581    4.139988    2.838929
    7.681913    7.662012    7.662012    7.315629    6.584398    6.170725    6.170725    4.854645    4.837484    4.539168    4.539168    3.083711
    8.078131    8.078131    7.525155    7.525155    6.282439    6.282439    5.168809    5.168809    4.546502    4.546502    3.778821    3.778821
    8.135809    7.918080    7.918080    6.947205    6.668250    5.834128    5.834128    4.799783    4.534476    4.534476    4.479553    3.170758
    8.118844    8.100893    7.674120    6.915219    6.452882    6.237486    5.411589    5.208442    5.195354    4.735510    3.830857    2.979825
    8.089466    8.089466    7.419837    6.979952    6.979952    5.617260    5.617260    5.504232    5.151207    4.964002    3.416703    3.173693
    8.081428    8.020217    7.300434    7.230263    6.956730    5.806896    5.758128    5.201383    5.095859    4.936012    3.597107    3.085805
    8.089466    8.089466    7.419837    6.979952    6.979952    5.617260    5.617260    5.504232    5.151207    4.964002    3.416703    3.173693
    8.118844    8.100893    7.674120    6.915219    6.452882    6.237486    5.411589    5.208442    5.195354    4.735510    3.830857    2.979825
    8.135809    7.918080    7.918080    6.947205    6.668250    5.834128    5.834128    4.799783    4.534476    4.534476    4.479553    3.170758
    8.499368    8.499368    8.062159    8.062159    5.466441    5.466441    4.521090    4.521090    4.445954    4.445954    3.894002    3.894002
    8.503896    8.329664    8.329664    7.577329    5.748755    5.231620    5.231620    4.639915    4.507203    4.507203    3.935138    3.405653
    8.350572    8.350572    8.024970    6.930799    6.083280    6.083280    5.138461    4.952887    4.952887    4.726144    3.523139    3.275413
    8.118844    8.100893    7.674120    6.915219    6.452882    6.237486    5.411589    5.208442    5.195354    4.735510    3.830857    2.979825
    7.948584    7.746449    7.498765    7.492286    6.653397    5.851429    5.610687    5.292588    5.279018    4.702581    4.139988    2.838929
    8.118844    8.100893    7.674120    6.915219    6.452882    6.237486    5.411589    5.208442    5.195354    4.735510    3.830857    2.979825
    8.350572    8.350572    8.024970    6.930799    6.083280    6.083280    5.138461    4.952887    4.952887    4.726144    3.523139    3.275413
    8.503896    8.329664    8.329664    7.577329    5.748755    5.231620    5.231620    4.639915    4.507203    4.507203    3.935138    3.405653
    8.729299    8.729299    8.493430    8.493430    4.725191    4.725191    4.268447    4.268447    4.072942    4.072942    4.060101    4.060101
    8.625020    8.625020    8.625020    8.128534    4.814973    4.814973    4.814973    4.389375    4.389375    4.389375    3.727778    3.727778
    8.503896    8.329664    8.329664    7.577329    5.748755    5.231620    5.231620    4.639915    4.507203    4.507203    3.935138    3.405653
    8.135809    7.918080    7.918080    6.947205    6.668250    5.834128    5.834128    4.799783    4.534476    4.534476    4.479553    3.170758
    7.681913    7.662012    7.662012    7.315629    6.584398    6.170725    6.170725    4.854645    4.837484    4.539168    4.539168    3.083711
    8.135809    7.918080    7.918080    6.947205    6.668250    5.834128    5.834128    4.799783    4.534476    4.534476    4.479553    3.170758
    8.503896    8.329664    8.329664    7.577329    5.748755    5.231620    5.231620    4.639915    4.507203    4.507203    3.935138    3.405653
    8.625020    8.625020    8.625020    8.128534    4.814973    4.814973    4.814973    4.389375    4.389375    4.389375    3.727778    3.727778
    8.383851    8.383851    8.383851    8.383851    4.958803    4.958803    4.958803    4.958803    4.029492    4.029492    4.029492    4.029492
    8.499368    8.499368    8.062159    8.062159    5.466441    5.466441    4.521090    4.521090    4.445954    4.445954    3.894002    3.894002
    8.393521    8.393521    7.579208    7.579208    6.084379    6.084379    4.870721    4.870721    4.169699    4.169699    4.133835    4.133835
    8.083636    8.083636    7.040230    7.040230    6.766444    6.766444    5.134287    5.134287    4.638761    4.638761    3.894210    3.894210
    7.765470    7.765470    7.222700    7.222700    6.746077    6.746077    5.219672    5.219672    4.932067    4.932067    3.801000    3.801000
    8.083636    8.083636    7.040230    7.040230    6.766444    6.766444    5.134287    5.134287    4.638761    4.638761    3.894210    3.894210
    8.393521    8.393521    7.579208    7.579208    6.084379    6.084379    4.870721    4.870721    4.169699    4.169699    4.133835    4.133835
    8.499368    8.499368    8.062159    8.062159    5.466441    5.466441    4.521090    4.521090    4.445954    4.445954    3.894002    3.894002
    8.499368    8.499368    8.062159    8.062159    5.466441    5.466441    4.521090    4.521090    4.445954    4.445954    3.894002    3.894002
    8.503896    8.329664    8.329664    7.577329    5.748755    5.231620    5.231620    4.639915    4.507203    4.507203    3.935138    3.405653
    8.350572    8.350572    8.024970    6.930799    6.083280    6.083280    5.138461    4.952887    4.952887    4.726144    3.523139    3.275413
    8.118844    8.100893    7.674120    6.915219    6.452882    6.237486    5.411589    5.208442    5.195354    4.735510    3.830857    2.979825
    7.948584    7.746449    7.498765    7.492286    6.653397    5.851429    5.610687    5.292588    5.279018    4.702581    4.139988    2.838929
    8.118844    8.100893    7.674120    6.915219    6.452882    6.237486    5.411589    5.208442    5.195354    4.735510    3.830857    2.979825
    8.350572    8.350572    8.024970    6.930799    6.083280    6.083280    5.138461    4.952887    4.952887    4.726144    3.523139    3.275413
    8.503896    8.329664    8.329664    7.577329    5.748755    5.231620    5.231620    4.639915    4.507203    4.507203    3.935138    3.405653
    8.393521    8.393521    7.579208    7.579208    6.084379    6.084379    4.870721    4.870721    4.169699    4.169699    4.133835    4.133835
    8.350572    8.350572    8.024970    6.930799    6.083280    6.083280    5.138461    4.952887    4.952887    4.726144    3.523139    3.275413
    8.238518    8.238518    8.238518    6.138542    6.087324    6.087324    6.087324    5.149854    5.149854    5.149854    2.858391    2.858391
    8.234203    8.111100    8.111100    6.834222    6.108343    6.108343    5.414231    5.341173    5.341173    5.319042    3.031902    2.306502
    8.161081    8.052281    8.052281    7.161918    6.126003    6.126003    5.504036    5.416404    5.416404    4.856265    3.319029    2.077403
    8.234203    8.111100    8.111100    6.834222    6.108343    6.108343    5.414231    5.341173    5.341173    5.319042    3.031902    2.306502
    8.238518    8.238518    8.238518    6.138542    6.087324    6.087324    6.087324    5.149854    5.149854    5.149854    2.858391    2.858391
    8.350572    8.350572    8.024970    6.930799    6.083280    6.083280    5.138461    4.952887    4.952887    4.726144    3.523139    3.275413
    8.083636    8.083636    7.040230    7.040230    6.766444    6.766444    5.134287    5.134287    4.638761    4.638761    3.894210    3.894210
    8.118844    8.100893    7.674120    6.915219    6.452882    6.237486    5.411589    5.208442    5.195354    4.735510    3.830857    2.979825
    8.234203    8.111100    8.111100    6.834222    6.108343    6.108343    5.414231    5.341173    5.341173    5.319042    3.031902    2.306502
    8.351884    8.351884    8.103246    6.609354    6.609354    5.845418    5.692916    5.692916    5.486994    4.388269    2.475608    2.138495
    8.425126    8.398568    8.096381    6.793148    6.446974    5.870835    5.808414    5.744947    5.549901    3.837793    2.627725    1.967873
    8.351884    8.351884    8.103246    6.609354    6.609354    5.845418    5.692916    5.692916    5.486994    4.388269    2.475608    2.138495
    8.234203    8.111100    8.111100    6.834222    6.108343    6.108343    5.414231    5.341173    5.341173    5.319042    3.031902    2.306502
    8.118844    8.100893    7.674120    6.915219    6.452882    6.237486    5.411589    5.208442    5.195354    4.735510    3.830857    2.979825
    7.765470    7.765470    7.222700    7.222700    6.746077    6.746077    5.219672    5.219672    4.932067    4.932067    3.801000    3.801000
    7.948584    7.746449    7.498765    7.492286    6.653397    5.851429    5.610687    5.292588    5.279018    4.702581    4.139988    2.838929
    8.161081    8.052281    8.052281    7.161918    6.126003    6.126003    5.504036    5.416404    5.416404    4.856265    3.319029    2.077403
    8.425126    8.398568    8.096381    6.793148    6.446974    5.870835    5.808414    5.744947    5.549901    3.837793    2.627725    1.967873
    8.515582    8.515582    8.106865    6.555905    6.555905    6.026591    6.026591    5.604674    5.604674    3.153514    2.336078    2.336078
    8.425126    8.398568    8.096381    6.793148    6.446974    5.870835    5.808414    5.744947    5.549901    3.837793    2.627725    1.967873
    8.161081    8.052281    8.052281    7.161918    6.126003    6.126003    5.504036    5.416404    5.416404    4.856265    3.319029    2.077403
    7.948584    7.746449    7.498765    7.492286    6.653397    5.851429    5.610687    5.292588    5.279018    4.702581    4.139988    2.838929
    8.083636    8.083636    7.040230    7.040230    6.766444    6.766444    5.134287    5.134287    4.638761    4.638761    3.894210    3.894210
    8.118844    8.100893    7.674120    6.915219    6.452882    6.237486    5.411589    5.208442    5.195354    4.735510    3.830857    2.979825
    8.234203    8.111100    8.111100    6.834222    6.108343    6.108343    5.414231    5.341173    5.341173    5.319042    3.031902    2.306502
    8.351884    8.351884    8.103246    6.609354    6.609354    5.845418    5.692916    5.692916    5.486994    4.388269    2.475608    2.138495
    8.425126    8.398568    8.096381    6.793148    6.446974    5.870835    5.808414    5.744947    5.549901    3.837793    2.627725    1.967873
    8.351884    8.351884    8.103246    6.609354    6.609354    5.845418    5.692916    5.692916    5.486994    4.388269    2.475608    2.138495
    8.234203    8.111100    8.111100    6.834222    6.108343    6.108343    5.414231    5.341173    5.341173    5.319042    3.031902    2.306502
    8.118844    8.100893    7.674120    6.915219    6.452882    6.237486    5.411589    5.208442    5.195354    4.735510    3.830857    2.979825
    8.393521    8.393521    7.579208    7.579208    6.084379    6.084379    4.870721    4.870721    4.169699    4.169699    4.133835    4.133835
    8.350572    8.350572    8.024970    6.930799    6.083280    6.083280    5.138461    4.952887    4.952887    4.726144    3.523139    3.275413
    8.238518    8.238518    8.238518    6.138542    6.087324    6.087324    6.087324    5.149854    5.149854    5.149854    2.858391    2.858391
    8.234203    8.111100    8.111100    6.834222    6.108343    6.108343    5.414231    5.341173    5.341173    5.319042    3.031902    2.306502
    8.161081    8.052281    8.052281    7.161918    6.126003    6.126003    5.504036    5.416404    5.416404    4.856265    3.319029    2.077403
    8.234203    8.111100    8.111100    6.834222    6.108343    6.108343    5.414231    5.341173    5.341173    5.319042    3.031902    2.306502
    8.238518    8.238518    8.238518    6.138542    6.087324    6.087324    6.087324    5.149854    5.149854    5.149854    2.858391    2.858391
    8.350572    8.350572    8.024970    6.930799    6.083280    6.083280    5.138461    4.952887    4.952887    4.726144    3.523139    3.275413
    8.499368    8.499368    8.062159    8.062159    5.466441    5.466441    4.521090    4.521090    4.445954    4.445954    3.894002    3.894002
    8.503896    8.329664    8.329664    7.577329    5.748755    5.231620    5.231620    4.639915    4.507203    4.507203    3.935138    3.405653
    8.350572    8.350572    8.024970    6.930799    6.083280    6.083280    5.138461    4.952887    4.952887    4.726144    3.523139    3.275413
    8.118844    8.100893    7.674120    6.915219    6.452882    6.237486    5.411589    5.208442    5.195354    4.735510    3.830857    2.979825
    7.948584    7.746449    7.498765    7.492286    6.653397    5.851429    5.610687    5.292588    5.279018    4.702581    4.139988    2.838929
    8.118844    8.100893    7.674120    6.915219    6.452882    6.237486    5.411589    5.208442    5.195354    4.735510    3.830857    2.979825
    8.350572    8.350572    8.024970    6.930799    6.083280    6.083280    5.138461    4.952887    4.952887    4.726144    3.523139    3.275413
    8.503896    8.329664    8.329664    7.577329    5.748755    5.231620    5.231620    4.639915    4.507203    4.507203    3.935138    3.405653
    7.886402    7.886402    7.886402    7.886402    5.739537    5.739537    5.739537    5.739537    4.027842    4.027842    4.027842    4.027842
    8.078131    8.078131    7.525155    7.525155    6.282439    6.282439    5.168809    5.168809    4.546502    4.546502    3.778821    3.778821
    8.083636    8.083636    7.040230    7.040230    6.766444    6.766444    5.134287    5.134287    4.638761    4.638761    3.894210    3.894210
    7.914806    7.914806    7.194398    7.194398    6.534655    6.534655    5.590508    5.590508    4.263102    4.263102    4.233713    4.233713
    7.677569    7.677569    7.509726    7.509726    6.274631    6.274631    5.761776    5.761776    4.473726    4.473726    4.102532    4.102532
    7.914806    7.914806    7.194398    7.194398    6.534655    6.534655    5.590508    5.590508    4.263102    4.263102    4.233713    4.233713
    8.083636    8.083636    7.040230    7.040230    6.766444    6.766444    5.134287    5.134287    4.638761    4.638761    3.894210    3.894210
    8.078131    8.078131    7.525155    7.525155    6.282439    6.282439    5.168809    5.168809    4.546502    4.546502    3.778821    3.778821
    8.078131    8.078131    7.525155    7.525155    6.282439    6.282439    5.168809    5.168809    4.546502    4.546502    3.778821    3.778821
    8.135809    7.918080    7.918080    6.947205    6.668250    5.834128    5.834128    4.799783    4.534476    4.534476    4.479553    3.170758
    8.118844    8.100893    7.674120    6.915219    6.452882    6.237486    5.411589    5.208442    5.195354    4.735510    3.830857    2.979825
    8.089466    8.089466    7.419837    6.979952    6.979952    5.617260    5.617260    5.504232    5.151207    4.964002    3.416703    3.173693
    8.081428    8.020217    7.300434    7.230263    6.956730    5.806896    5.758128    5.201383    5.095859    4.936012    3.597107    3.085805
    8.089466    8.089466    7.419837    6.979952    6.979952    5.617260    5.617260    5.504232    5.151207    4.964002    3.416703    3.173693
    8.118844    8.100893    7.674120    6.915219    6.452882    6.237486    5.411589    5.208442    5.195354    4.735510    3.830857    2.979825
    8.135809    7.918080    7.918080    6.947205    6.668250    5.834128    5.834128    4.799783    4.534476    4.534476    4.479553    3.170758
    8.083636    8.083636    7.040230    7.040230    6.766444    6.766444    5.134287    5.134287    4.638761    4.638761    3.894210    3.894210
    8.118844    8.100893    7.674120    6.915219    6.452882    6.237486    5.411589    5.208442    5.195354    4.735510    3.830857    2.979825
    8.234203    8.111100    8.111100    6.834222    6.108343    6.108343    5.414231    5.341173    5.341173    5.319042    3.031902    2.306502
    8.351884    8.351884    8.103246    6.609354    6.609354    5.845418    5.692916    5.692916    5.486994    4.388269    2.475608    2.138495
    8.425126    8.398568    8.096381    6.793148    6.446974    5.870835    5.808414    5.744947    5.549901    3.837793    2.627725    1.967873
    8.351884    8.351884    8.103246    6.609354    6.609354    5.845418    5.692916    5.692916    5.486994    4.388269    2.475608    2.138495
    8.234203    8.111100    8.111100    6.834222    6.108343    6.108343    5.414231    5.341173    5.341173    5.319042    3.031902    2.306502
    8.118844    8.100893    7.674120    6.915219    6.452882    6.237486    5.411589    5.208442    5.195354    4.735510    3.830857    2.979825
    7.914806    7.914806    7.194398    7.194398    6.534655    6.534655    5.590508    5.590508    4.263102    4.263102    4.233713    4.233713
    8.089466    8.089466    7.419837    6.979952    6.979952    5.617260    5.617260    5.504232    5.151207    4.964002    3.416703    3.173693
    8.351884    8.351884    8.103246    6.609354    6.609354    5.845418    5.692916    5.692916    5.486994    4.388269    2.475608    2.138495
    8.535368    8.535368    8.535368    6.274861    6.274861    6.274861    5.809856    5.809856    5.809856    3.276749    1.549799    1.549799
    8.683192    8.599640    8.599640    6.419941    6.080676    6.080676    5.925190    5.925190    5.919018    2.570427    1.688347    1.043373
    8.535368    8.535368    8.535368    6.274861    6.274861    6.274861    5.809856    5.809856    5.809856    3.276749    1.549799    1.549799
    8.351884    8.351884    8.103246    6.609354    6.609354    5.845418    5.692916    5.692916    5.486994    4.388269    2.475608    2.138495
    8.089466    8.089466    7.419837    6.979952    6.979952    5.617260    5.617260    5.504232    5.151207    4.964002    3.416703    3.173693
    7.677569    7.677569    7.509726    7.509726    6.274631    6.274631    5.761776    5.761776    4.473726    4.473726    4.102532    4.102532
    8.081428    8.020217    7.300434    7.230263    6.956730    5.806896    5.758128    5.201383    5.095859    4.936012    3.597107    3.085805
    8.425126    8.398568    8.096381    6.793148    6.446974    5.870835    5.808414    5.744947    5.549901    3.837793    2.627725    1.967873
    8.683192    8.599640    8.599640    6.419941    6.080676    6.080676    5.925190    5.925190    5.919018    2.570427    1.688347    1.043373
    8.771622    8.771622    8.668373    6.194210    6.194210    6.051453    6.051453    5.946352    5.946352    1.587751    1.192488    1.192488
    8.683192    8.599640    8.599640    6.419941    6.080676    6.080676    5.925190    5.925190    5.919018    2.570427    1.688347    1.043373
    8.425126    8.398568    8.096381    6.793148    6.446974    5.870835    5.808414    5.744947    5.549901    3.837793    2.627725    1.967873
    8.081428    8.020217    7.300434    7.230263    6.956730    5.806896    5.758128    5.201383    5.095859    4.936012    3.597107    3.085805
    7.914806    7.914806    7.194398    7.194398    6.534655    6.534655    5.590508    5.590508    4.263102    4.263102    4.233713    4.233713
    8.089466    8.089466    7.419837    6.979952    6.979952    5.617260    5.617260    5.504232    5.151207    4.964002    3.416703    3.173693
    8.351884    8.351884    8.103246    6.609354    6.609354    5.845418    5.692916    5.692916    5.486994    4.388269    2.475608    2.138495
    8.535368    8.535368    8.535368    6.274861    6.274861    6.274861    5.809856    5.809856    5.809856    3.276749    1.549799    1.549799
    8.683192    8.599640    8.599640    6.419941    6.080676    6.080676    5.925190    5.925190    5.919018    2.570427    1.688347    1.043373
    8.535368    8.535368    8.535368    6.274861    6.274861    6.274861    5.809856    5.809856    5.809856    3.276749    1.549799    1.549799
    8.351884    8.351884    8.103246    6.609354    6.609354    5.845418    5.692916    5.692916    5.486994    4.388269    2.475608    2.138495
    8.089466    8.089466    7.419837    6.979952    6.979952    5.617260    5.617260    5.504232    5.151207    4.964002    3.416703    3.173693
    8.083636    8.083636    7.040230    7.040230    6.766444    6.766444    5.134287    5.134287    4.638761    4.638761    3.894210    3.894210
    8.118844    8.100893    7.674120    6.915219    6.452882    6.237486    5.411589    5.208442    5.195354    4.735510    3.830857    2.979825
    8.234203    8.111100    8.111100    6.834222    6.108343    6.108343    5.414231    5.341173    5.341173    5.319042    3.031902    2.306502
    8.351884    8.351884    8.103246    6.609354    6.609354    5.845418    5.692916    5.692916    5.486994    4.388269    2.475608    2.138495
    8.425126    8.398568    8.096381    6.793148    6.446974    5.870835    5.808414    5.744947    5.549901    3.837793    2.627725    1.967873
    8.351884    8.351884    8.103246    6.609354    6.609354    5.845418    5.692916    5.692916    5.486994    4.388269    2.475608    2.138495
    8.234203    8.111100    8.111100    6.834222    6.108343    6.108343    5.414231    5.341173    5.341173    5.319042    3.031902    2.306502
    8.118844    8.100893    7.674120    6.915219    6.452882    6.237486    5.411589    5.208442    5.195354    4.735510    3.830857    2.979825
    8.078131    8.078131    7.525155    7.525155    6.282439    6.282439    5.168809    5.168809    4.546502    4.546502    3.778821    3.778821
    8.135809    7.918080    7.918080    6.947205    6.668250    5.834128    5.834128    4.799783    4.534476    4.534476    4.479553    3.170758
    8.118844    8.100893    7.674120    6.915219    6.452882    6.237486    5.411589    5.208442    5.195354    4.735510    3.830857    2.979825
    8.089466    8.089466    7.419837    6.979952    6.979952    5.617260    5.617260    5.504232    5.151207    4.964002    3.416703    3.173693
    8.081428    8.020217    7.300434    7.230263    6.956730    5.806896    5.758128    5.201383    5.095859    4.936012    3.597107    3.085805
    8.089466    8.089466    7.419837    6.979952    6.979952    5.617260    5.617260    5.504232    5.151207    4.964002    3.416703    3.173693
    8.118844    8.100893    7.674120    6.915219    6.452882    6.237486    5.411589    5.208442    5.195354    4.735510    3.830857    2.979825
    8.135809    7.918080    7.918080    6.947205    6.668250    5.834128    5.834128    4.799783    4.534476    4.534476    4.479553    3.170758
    7.545873    7.545873    7.545873    7.545873    6.189076    6.189076    6.189076    6.189076    4.027158    4.027158    4.027158    4.027158
    7.735914    7.735914    7.202268    7.202268    6.769100    6.769100    5.545669    5.545669    4.579950    4.579950    3.737844    3.737844
    7.765470    7.765470    7.222700    7.222700    6.746077    6.746077    5.219672    5.219672    4.932067    4.932067    3.801000    3.801000
    7.677569    7.677569    7.509726    7.509726    6.274631    6.274631    5.761776    5.761776    4.473726    4.473726    4.102532    4.102532
    7.607802    7.607802    7.607802    7.607802    6.035044    6.035044    5.991253    5.991253    4.300860    4.300860    4.300860    4.300860
    7.677569    7.677569    7.509726    7.509726    6.274631    6.274631    5.761776    5.761776    4.473726    4.473726    4.102532    4.102532
    7.765470    7.765470    7.222700    7.222700    6.746077    6.746077    5.219672    5.219672    4.932067    4.932067    3.801000    3.801000
    7.735914    7.735914    7.202268    7.202268    6.769100    6.769100    5.545669    5.545669    4.579950    4.579950    3.737844    3.737844
    7.735914    7.735914    7.202268    7.202268    6.769100    6.769100    5.545669    5.545669    4.579950    4.579950    3.737844    3.737844
    7.681913    7.662012    7.662012    7.315629    6.584398    6.170725    6.170725    4.854645    4.837484    4.539168    4.539168    3.083711
    7.948584    7.746449    7.498765    7.492286    6.653397    5.851429    5.610687    5.292588    5.279018    4.702581    4.139988    2.838929
    8.081428    8.020217    7.300434    7.230263    6.956730    5.806896    5.758128    5.201383    5.095859    4.936012    3.597107    3.085805
    8.113929    8.113929    7.209794    7.060073    7.060073    6.001625    6.001625    5.049482    5.049482    4.657150    3.385389    3.385389
    8.081428    8.020217    7.300434    7.230263    6.956730    5.806896    5.758128    5.201383    5.095859    4.936012    3.597107    3.085805
    7.948584    7.746449    7.498765    7.492286    6.653397    5.851429    5.610687    5.292588    5.279018    4.702581    4.139988    2.838929
    7.681913    7.662012    7.662012    7.315629    6.584398    6.170725    6.170725    4.854645    4.837484    4.539168    4.539168    3.083711
    7.765470    7.765470    7.222700    7.222700    6.746077    6.746077    5.219672    5.219672    4.932067    4.932067    3.801000    3.801000
    7.948584    7.746449    7.498765    7.492286    6.653397    5.851429    5.610687    5.292588    5.279018    4.702581    4.139988    2.838929
    8.161081    8.052281    8.052281    7.161918    6.126003    6.126003    5.504036    5.416404    5.416404    4.856265    3.319029    2.077403
    8.425126    8.398568    8.096381    6.793148    6.446974    5.870835    5.808414    5.744947    5.549901    3.837793    2.627725    1.967873
    8.515582    8.515582    8.106865    6.555905    6.555905    6.026591    6.026591    5.604674    5.604674    3.153514    2.336078    2.336078
    8.425126    8.398568    8.096381    6.793148    6.446974    5.870835    5.808414    5.744947    5.549901    3.837793    2.627725    1.967873
    8.161081    8.052281    8.052281    7.161918    6.126003    6.126003    5.504036    5.416404    5.416404    4.856265    3.319029    2.077403
    7.948584    7.746449    7.498765    7.492286    6.653397    5.851429    5.610687    5.292588    5.279018    4.702581    4.139988    2.838929
    7.677569    7.677569    7.509726    7.509726    6.274631    6.274631    5.761776    5.761776    4.473726    4.473726    4.102532    4.102532
    8.081428    8.020217    7.300434    7.230263    6.956730    5.806896    5.758128    5.201383    5.095859    4.936012    3.597107    3.085805
    8.425126    8.398568    8.096381    6.793148    6.446974    5.870835    5.808414    5.744947    5.549901    3.837793    2.627725    1.967873
    8.683192    8.599640    8.599640    6.419941    6.080676    6.080676    5.925190    5.925190    5.919018    2.570427    1.688347    1.043373
    8.771622    8.771622    8.668373    6.194210    6.194210    6.051453    6.051453    5.946352    5.946352    1.587751    1.192488    1.192488
    8.683192    8.599640    8.599640    6.419941    6.080676    6.080676    5.925190    5.925190    5.919018    2.570427    1.688347    1.043373
    8.425126    8.398568    8.096381    6.793148    6.446974    5.870835    5.808414    5.744947    5.549901    3.837793    2.627725    1.967873
    8.081428    8.020217    7.300434    7.230263    6.956730    5.806896    5.758128    5.201383    5.095859    4.936012    3.597107    3.085805
    7.607802    7.607802    7.607802    7.607802    6.035044    6.035044    5.991253    5.991253    4.300860    4.300860    4.300860    4.300860
    8.113929    8.113929    7.209794    7.060073    7.060073    6.001625    6.001625    5.049482    5.049482    4.657150    3.385389    3.385389
    8.515582    8.515582    8.106865    6.555905    6.555905    6.026591    6.026591    5.604674    5.604674    3.153514    2.336078    2.336078
    8.771622    8.771622    8.668373    6.194210    6.194210    6.051453    6.051453    5.946352    5.946352    1.587751    1.192488    1.192488
    8.859363    8.859363    8.859363    6.061722    6.061722    6.061722    6.061722    6.061722    6.061722    0.000000    0.000000    0.000000
    7.677569    7.677569    7.509726    7.509726    6.274631    6.274631    5.761776    5.761776    4.473726    4.473726    4.102532    4.102532
    7.765470    7.765470    7.222700    7.222700    6.746077    6.746077    5.219672    5.219672    4.932067    4.932067    3.801000    3.801000
    7.735914    7.735914    7.202268    7.202268    6.769100    6.769100    5.545669    5.545669    4.579950    4.579950    3.737844    3.737844
    7.886402    7.886402    7.886402    7.886402    5.739537    5.739537    5.739537    5.739537    4.027842    4.027842    4.027842    4.027842
    8.078131    8.078131    7.525155    7.525155    6.282439    6.282439    5.168809    5.168809    4.546502    4.546502    3.778821    3.778821
    8.083636    8.083636    7.040230    7.040230    6.766444    6.766444    5.134287    5.134287    4.638761    4.638761    3.894210    3.894210
    7.914806    7.914806    7.194398    7.194398    6.534655    6.534655    5.590508    5.590508    4.263102    4.263102    4.233713    4.233713
    7.677569    7.677569    7.509726    7.509726    6.274631    6.274631    5.761776    5.761776    4.473726    4.473726    4.102532    4.102532
    7.914806    7.914806    7.194398    7.194398    6.534655    6.534655    5.590508    5.590508    4.263102    4.263102    4.233713    4.233713
    8.083636    8.083636    7.040230    7.040230    6.766444    6.766444    5.134287    5.134287    4.638761    4.638761    3.894210    3.894210
    8.078131    8.078131    7.525155    7.525155    6.282439    6.282439    5.168809    5.168809    4.546502    4.546502    3.778821    3.778821
    8.078131    8.078131    7.525155    7.525155    6.282439    6.282439    5.168809    5.168809    4.546502    4.546502    3.778821    3.778821
    8.083636    8.083636    7.040230    7.040230    6.766444    6.766444    5.134287    5.134287    4.638761    4.638761    3.894210    3.894210
    7.914806    7.914806    7.194398    7.194398    6.534655    6.534655    5.590508    5.590508    4.263102    4.263102    4.233713    4.233713
    7.677569    7.677569    7.509726    7.509726    6.274631    6.274631    5.761776    5.761776    4.473726    4.473726    4.102532    4.102532
    7.914806    7.914806    7.194398    7.194398    6.534655    6.534655    5.590508    5.590508    4.263102    4.263102    4.233713    4.233713
    8.083636    8.083636    7.040230    7.040230    6.766444    6.766444    5.134287    5.134287    4.638761    4.638761    3.894210    3.894210
    8.078131    8.078131    7.525155    7.525155    6.282439    6.282439    5.168809    5.168809    4.546502    4.546502    3.778821    3.778821
    8.383851    8.383851    8.383851    8.383851    4.958803    4.958803    4.958803    4.958803    4.029492    4.029492    4.029492    4.029492
    8.499368    8.499368    8.062159    8.062159    5.466441    5.466441    4.521090    4.521090    4.445954    4.445954    3.894002    3.894002
    8.393521    8.393521    7.579208    7.579208    6.084379    6.084379    4.870721    4.870721    4.169699    4.169699    4.133835    4.133835
    8.083636    8.083636    7.040230    7.040230    6.766444    6.766444    5.134287    5.134287    4.638761    4.638761    3.894210    3.894210
    7.765470    7.765470    7.222700    7.222700    6.746077    6.746077    5.219672    5.219672    4.932067    4.932067    3.801000    3.801000
    8.083636    8.083636    7.040230    7.040230    6.766444    6.766444    5.134287    5.134287    4.638761    4.638761    3.894210    3.894210
    8.393521    8.393521    7.579208    7.579208    6.084379    6.084379    4.870721    4.870721    4.169699    4.169699    4.133835    4.133835
    8.499368    8.499368    8.062159    8.062159    5.466441    5.466441    4.521090    4.521090    4.445954    4.445954    3.894002    3.894002
    8.499368    8.499368    8.062159    8.062159    5.466441    5.466441    4.521090    4.521090    4.445954    4.445954    3.894002    3.894002
    8.393521    8.393521    7.579208    7.579208    6.084379    6.084379    4.870721    4.870721    4.169699    4.169699    4.133835    4.133835
    8.083636    8.083636    7.040230    7.040230    6.766444    6.766444    5.134287    5.134287    4.638761    4.638761    3.894210    3.894210
    7.765470    7.765470    7.222700    7.222700    6.746077    6.746077    5.219672    5.219672    4.932067    4.932067    3.801000    3.801000
    8.083636    8.083636    7.040230    7.040230    6.766444    6.766444    5.134287    5.134287    4.638761    4.638761    3.894210    3.894210
    8.393521    8.393521    7.579208    7.579208    6.084379    6.084379    4.870721    4.870721    4.169699    4.169699    4.133835    4.133835
    8.499368    8.499368    8.062159    8.062159    5.466441    5.466441    4.521090    4.521090    4.445954    4.445954    3.894002    3.894002
    8.726742    8.726742    8.726742    8.726742    4.296944    4.296944    4.296944    4.296944    4.031141    4.031141    4.031141    4.031141
    8.729299    8.729299    8.493430    8.493430    4.725191    4.725191    4.268447    4.268447    4.072942    4.072942    4.060101    4.060101
    8.499368    8.499368    8.062159    8.062159    5.466441    5.466441    4.521090    4.521090    4.445954    4.445954    3.894002    3.894002
    8.078131    8.078131    7.525155    7.525155    6.282439    6.282439    5.168809    5.168809    4.546502    4.546502    3.778821    3.778821
    7.735914    7.735914    7.202268    7.202268    6.769100    6.769100    5.545669    5.545669    4.579950    4.579950    3.737844    3.737844
    8.078131    8.078131    7.525155    7.525155    6.282439    6.282439    5.168809    5.168809    4.546502    4.546502    3.778821    3.778821
    8.499368    8.499368    8.062159    8.062159    5.466441    5.466441    4.521090    4.521090    4.445954    4.445954    3.894002    3.894002
    8.729299    8.729299    8.493430    8.493430    4.725191    4.725191    4.268447    4.268447    4.072942    4.072942    4.060101    4.060101
    8.729299    8.729299    8.493430    8.493430    4.725191    4.725191    4.268447    4.268447    4.072942    4.072942    4.060101    4.060101
    8.499368    8.499368    8.062159    8.062159    5.466441    5.466441    4.521090    4.521090    4.445954    4.445954    3.894002    3.894002
    8.078131    8.078131    7.525155    7.525155    6.282439    6.282439    5.168809    5.168809    4.546502    4.546502    3.778821    3.778821
    7.735914    7.735914    7.202268    7.202268    6.769100    6.769100    5.545669    5.545669    4.579950    4.579950    3.737844    3.737844
    8.078131    8.078131    7.525155    7.525155    6.282439    6.282439    5.168809    5.168809    4.546502    4.546502    3.778821    3.778821
    8.499368    8.499368    8.062159    8.062159    5.466441    5.466441    4.521090    4.521090    4.445954    4.445954    3.894002    3.894002
    8.729299    8.729299    8.493430    8.493430    4.725191    4.725191    4.268447    4.268447    4.072942    4.072942    4.060101    4.060101
