4092 Out of 6144 Normal Mode Frequencies in 1/ps for a 8x8x8 Ar Lattice.
   10.972475   10.972475   10.972475   10.972475    5.000863    5.000863    5.000863    5.000863    5.000863    5.000863    5.000863    5.000863
   10.824191   10.824191   10.824191   10.824191    5.329703    5.329703    5.329703    5.329703    5.000016    5.000016    5.000016    5.000016
   10.398888   10.398888   10.398888   10.398888    6.150638    6.150638    6.150638    6.150638    4.997970    4.997970    4.997970    4.997970
    9.781877    9.781877    9.781877    9.781877    7.119019    7.119019    7.119019    7.119019    4.995923    4.995923    4.995923    4.995923
    9.359504    9.359504    9.359504    9.359504    7.676604    7.676604    7.676604    7.676604    4.995075    4.995075    4.995075    4.995075
    9.781877    9.781877    9.781877    9.781877    7.119019    7.119019    7.119019    7.119019    4.995923    4.995923    4.995923    4.995923
   10.398888   10.398888   10.398888   10.398888    6.150638    6.150638    6.150638    6.150638    4.997970    4.997970    4.997970    4.997970
   10.824191   10.824191   10.824191   10.824191    5.329703    5.329703    5.329703    5.329703    5.000016    5.000016    5.000016    5.000016
   10.824191   10.824191   10.824191   10.824191    5.329703    5.329703    5.329703    5.329703    5.000016    5.000016    5.000016    5.000016
   10.827363   10.827363   10.534803   10.534803    5.860878    5.860878    5.294357    5.294357    5.051863    5.051863    5.035935    5.035935
   10.542169   10.542169    9.999878    9.999878    6.780285    6.780285    5.607722    5.607722    5.514528    5.514528    4.829915    4.829915
   10.019689   10.019689    9.333806    9.333806    7.792407    7.792407    6.411118    6.411118    5.639241    5.639241    4.687051    4.687051
    9.595220    9.595220    8.933314    8.933314    8.396035    8.396035    6.878555    6.878555    5.680729    5.680729    4.636225    4.636225
   10.019689   10.019689    9.333806    9.333806    7.792407    7.792407    6.411118    6.411118    5.639241    5.639241    4.687051    4.687051
   10.542169   10.542169    9.999878    9.999878    6.780285    6.780285    5.607722    5.607722    5.514528    5.514528    4.829915    4.829915
   10.827363   10.827363   10.534803   10.534803    5.860878    5.860878    5.294357    5.294357    5.051863    5.051863    5.035935    5.035935
   10.398888   10.398888   10.398888   10.398888    6.150638    6.150638    6.150638    6.150638    4.997970    4.997970    4.997970    4.997970
   10.542169   10.542169    9.999878    9.999878    6.780285    6.780285    5.607722    5.607722    5.514528    5.514528    4.829915    4.829915
   10.410881   10.410881    9.400851    9.400851    7.546743    7.546743    6.041386    6.041386    5.171875    5.171875    5.127392    5.127392
   10.026517   10.026517    8.732330    8.732330    8.392741    8.392741    6.368300    6.368300    5.753675    5.753675    4.830173    4.830173
    9.631880    9.631880    8.958657    8.958657    8.367479    8.367479    6.474206    6.474206    6.117476    6.117476    4.714561    4.714561
   10.026517   10.026517    8.732330    8.732330    8.392741    8.392741    6.368300    6.368300    5.753675    5.753675    4.830173    4.830173
   10.410881   10.410881    9.400851    9.400851    7.546743    7.546743    6.041386    6.041386    5.171875    5.171875    5.127392    5.127392
   10.542169   10.542169    9.999878    9.999878    6.780285    6.780285    5.607722    5.607722    5.514528    5.514528    4.829915    4.829915
    9.781877    9.781877    9.781877    9.781877    7.119019    7.119019    7.119019    7.119019    4.995923    4.995923    4.995923    4.995923
   10.019689   10.019689    9.333806    9.333806    7.792407    7.792407    6.411118    6.411118    5.639241    5.639241    4.687051    4.687051
   10.026517   10.026517    8.732330    8.732330    8.392741    8.392741    6.368300    6.368300    5.753675    5.753675    4.830173    4.830173
    9.817109    9.817109    8.923552    8.923552    8.105242    8.105242    6.934172    6.934172    5.287727    5.287727    5.251275    5.251275
    9.522852    9.522852    9.314669    9.314669    7.782722    7.782722    7.146603    7.146603    5.548974    5.548974    5.088565    5.088565
    9.817109    9.817109    8.923552    8.923552    8.105242    8.105242    6.934172    6.934172    5.287727    5.287727    5.251275    5.251275
   10.026517   10.026517    8.732330    8.732330    8.392741    8.392741    6.368300    6.368300    5.753675    5.753675    4.830173    4.830173
   10.019689   10.019689    9.333806    9.333806    7.792407    7.792407    6.411118    6.411118    5.639241    5.639241    4.687051    4.687051
    9.359504    9.359504    9.359504    9.359504    7.676604    7.676604    7.676604    7.676604    4.995075    4.995075    4.995075    4.995075
    9.595220    9.595220    8.933314    8.933314    8.396035    8.396035    6.878555    6.878555    5.680729    5.680729    4.636225    4.636225
    9.631880    9.631880    8.958657    8.958657    8.367479    8.367479    6.474206    6.474206    6.117476    6.117476    4.714561    4.714561
    9.522852    9.522852    9.314669    9.314669    7.782722    7.782722    7.146603    7.146603    5.548974    5.548974    5.088565    5.088565
    9.436317    9.436317    9.436317    9.436317    7.485551    7.485551    7.431235    7.431235    5.334560    5.334560    5.334560    5.334560
    9.522852    9.522852    9.314669    9.314669    7.782722    7.782722    7.146603    7.146603    5.548974    5.548974    5.088565    5.088565
    9.631880    9.631880    8.958657    8.958657    8.367479    8.367479    6.474206    6.474206    6.117476    6.117476    4.714561    4.714561
    9.595220    9.595220    8.933314    8.933314    8.396035    8.396035    6.878555    6.878555    5.680729    5.680729    4.636225    4.636225
    9.781877    9.781877    9.781877    9.781877    7.119019    7.119019    7.119019    7.119019    4.995923    4.995923    4.995923    4.995923
   10.019689   10.019689    9.333806    9.333806    7.792407    7.792407    6.411118    6.411118    5.639241    5.639241    4.687051    4.687051
   10.026517   10.026517    8.732330    8.732330    8.392741    8.392741    6.368300    6.368300    5.753675    5.753675    4.830173    4.830173
    9.817109    9.817109    8.923552    8.923552    8.105242    8.105242    6.934172    6.934172    5.287727    5.287727    5.251275    5.251275
    9.522852    9.522852    9.314669    9.314669    7.782722    7.782722    7.146603    7.146603    5.548974    5.548974    5.088565    5.088565
    9.817109    9.817109    8.923552    8.923552    8.105242    8.105242    6.934172    6.934172    5.287727    5.287727    5.251275    5.251275
   10.026517   10.026517    8.732330    8.732330    8.392741    8.392741    6.368300    6.368300    5.753675    5.753675    4.830173    4.830173
   10.019689   10.019689    9.333806    9.333806    7.792407    7.792407    6.411118    6.411118    5.639241    5.639241    4.687051    4.687051
   10.398888   10.398888   10.398888   10.398888    6.150638    6.150638    6.150638    6.150638    4.997970    4.997970    4.997970    4.997970
   10.542169   10.542169    9.999878    9.999878    6.780285    6.780285    5.607722    5.607722    5.514528    5.514528    4.829915    4.829915
   10.410881   10.410881    9.400851    9.400851    7.546743    7.546743    6.041386    6.041386    5.171875    5.171875    5.127392    5.127392
   10.026517   10.026517    8.732330    8.732330    8.392741    8.392741    6.368300    6.368300    5.753675    5.753675    4.830173    4.830173
    9.631880    9.631880    8.958657    8.958657    8.367479    8.367479    6.474206    6.474206    6.117476    6.117476    4.714561    4.714561
   10.026517   10.026517    8.732330    8.732330    8.392741    8.392741    6.368300    6.368300    5.753675    5.753675    4.830173    4.830173
   10.410881   10.410881    9.400851    9.400851    7.546743    7.546743    6.041386    6.041386    5.171875    5.171875    5.127392    5.127392
   10.542169   10.542169    9.999878    9.999878    6.780285    6.780285    5.607722    5.607722    5.514528    5.514528    4.829915    4.829915
   10.824191   10.824191   10.824191   10.824191    5.329703    5.329703    5.329703    5.329703    5.000016    5.000016    5.000016    5.000016
   10.827363   10.827363   10.534803   10.534803    5.860878    5.860878    5.294357    5.294357    5.051863    5.051863    5.035935    5.035935
   10.542169   10.542169    9.999878    9.999878    6.780285    6.780285    5.607722    5.607722    5.514528    5.514528    4.829915    4.829915
   10.019689   10.019689    9.333806    9.333806    7.792407    7.792407    6.411118    6.411118    5.639241    5.639241    4.687051    4.687051
    9.595220    9.595220    8.933314    8.933314    8.396035    8.396035    6.878555    6.878555    5.680729    5.680729    4.636225    4.636225
   10.019689   10.019689    9.333806    9.333806    7.792407    7.792407    6.411118    6.411118    5.639241    5.639241    4.687051    4.687051
   10.542169   10.542169    9.999878    9.999878    6.780285    6.780285    5.607722    5.607722    5.514528    5.514528    4.829915    4.829915
   10.827363   10.827363   10.534803   10.534803    5.860878    5.860878    5.294357    5.294357    5.051863    5.051863    5.035935    5.035935
   10.824191   10.824191   10.824191   10.824191    5.329703    5.329703    5.329703    5.329703    5.000016    5.000016    5.000016    5.000016
   10.827363   10.827363   10.534803   10.534803    5.860878    5.860878    5.294357    5.294357    5.051863    5.051863    5.035935    5.035935
   10.542169   10.542169    9.999878    9.999878    6.780285    6.780285    5.607722    5.607722    5.514528    5.514528    4.829915    4.829915
   10.019689   10.019689    9.333806    9.333806    7.792407    7.792407    6.411118    6.411118    5.639241    5.639241    4.687051    4.687051
    9.595220    9.595220    8.933314    8.933314    8.396035    8.396035    6.878555    6.878555    5.680729    5.680729    4.636225    4.636225
   10.019689   10.019689    9.333806    9.333806    7.792407    7.792407    6.411118    6.411118    5.639241    5.639241    4.687051    4.687051
   10.542169   10.542169    9.999878    9.999878    6.780285    6.780285    5.607722    5.607722    5.514528    5.514528    4.829915    4.829915
   10.827363   10.827363   10.534803   10.534803    5.860878    5.860878    5.294357    5.294357    5.051863    5.051863    5.035935    5.035935
   10.827363   10.827363   10.534803   10.534803    5.860878    5.860878    5.294357    5.294357    5.051863    5.051863    5.035935    5.035935
   10.698021   10.698021   10.698021   10.082205    5.972239    5.972239    5.972239    5.444349    5.444349    5.444349    4.623739    4.623739
   10.547784   10.331677   10.331677    9.398520    7.130453    6.489026    6.489026    5.755106    5.590498    5.590498    4.880938    4.224193
   10.091229    9.821170    9.821170    8.616947    8.270946    7.236345    7.236345    5.953398    5.624325    5.624325    5.556202    3.932841
    9.528241    9.503557    9.503557    9.073922    8.166940    7.653842    7.653842    6.021447    6.000160    5.630145    5.630145    3.824872
   10.091229    9.821170    9.821170    8.616947    8.270946    7.236345    7.236345    5.953398    5.624325    5.624325    5.556202    3.932841
   10.547784   10.331677   10.331677    9.398520    7.130453    6.489026    6.489026    5.755106    5.590498    5.590498    4.880938    4.224193
   10.698021   10.698021   10.698021   10.082205    5.972239    5.972239    5.972239    5.444349    5.444349    5.444349    4.623739    4.623739
   10.542169   10.542169    9.999878    9.999878    6.780285    6.780285    5.607722    5.607722    5.514528    5.514528    4.829915    4.829915
   10.547784   10.331677   10.331677    9.398520    7.130453    6.489026    6.489026    5.755106    5.590498    5.590498    4.880938    4.224193
   10.357610   10.357610    9.953750    8.596598    7.545380    7.545380    6.373477    6.143300    6.143300    5.862060    4.369917    4.062650
   10.070186   10.047922    9.518575    8.577273    8.003815    7.736649    6.712250    6.460277    6.444044    5.873677    4.751593    3.696018
    9.859006    9.608287    9.301074    9.293037    8.252523    7.257804    6.959200    6.564647    6.547816    5.832834    5.135024    3.521258
   10.070186   10.047922    9.518575    8.577273    8.003815    7.736649    6.712250    6.460277    6.444044    5.873677    4.751593    3.696018
   10.357610   10.357610    9.953750    8.596598    7.545380    7.545380    6.373477    6.143300    6.143300    5.862060    4.369917    4.062650
   10.547784   10.331677   10.331677    9.398520    7.130453    6.489026    6.489026    5.755106    5.590498    5.590498    4.880938    4.224193
   10.019689   10.019689    9.333806    9.333806    7.792407    7.792407    6.411118    6.411118    5.639241    5.639241    4.687051    4.687051
   10.091229    9.821170    9.821170    8.616947    8.270946    7.236345    7.236345    5.953398    5.624325    5.624325    5.556202    3.932841
   10.070186   10.047922    9.518575    8.577273    8.003815    7.736649    6.712250    6.460277    6.444044    5.873677    4.751593    3.696018
   10.033748   10.033748    9.203176    8.657565    8.657565    6.967354    6.967354    6.827159    6.389286    6.157086    4.237899    3.936482
   10.023777    9.947855    9.055074    8.968038    8.628762    7.202568    7.142078    6.451521    6.320635    6.122369    4.461663    3.827470
   10.033748   10.033748    9.203176    8.657565    8.657565    6.967354    6.967354    6.827159    6.389286    6.157086    4.237899    3.936482
   10.070186   10.047922    9.518575    8.577273    8.003815    7.736649    6.712250    6.460277    6.444044    5.873677    4.751593    3.696018
   10.091229    9.821170    9.821170    8.616947    8.270946    7.236345    7.236345    5.953398    5.624325    5.624325    5.556202    3.932841
    9.595220    9.595220    8.933314    8.933314    8.396035    8.396035    6.878555    6.878555    5.680729    5.680729    4.636225    4.636225
    9.528241    9.503557    9.503557    9.073922    8.166940    7.653842    7.653842    6.021447    6.000160    5.630145    5.630145    3.824872
    9.859006    9.608287    9.301074    9.293037    8.252523    7.257804    6.959200    6.564647    6.547816    5.832834    5.135024    3.521258
   10.023777    9.947855    9.055074    8.968038    8.628762    7.202568    7.142078    6.451521    6.320635    6.122369    4.461663    3.827470
   10.064090   10.064090    8.942649    8.756943    8.756943    7.444100    7.444100    6.263112    6.263112    5.776483    4.199058    4.199058
   10.023777    9.947855    9.055074    8.968038    8.628762    7.202568    7.142078    6.451521    6.320635    6.122369    4.461663    3.827470
    9.859006    9.608287    9.301074    9.293037    8.252523    7.257804    6.959200    6.564647    6.547816    5.832834    5.135024    3.521258
    9.528241    9.503557    9.503557    9.073922    8.166940    7.653842    7.653842    6.021447    6.000160    5.630145    5.630145    3.824872
   10.019689   10.019689    9.333806    9.333806    7.792407    7.792407    6.411118    6.411118    5.639241    5.639241    4.687051    4.687051
   10.091229    9.821170    9.821170    8.616947    8.270946    7.236345    7.236345    5.953398    5.624325    5.624325    5.556202    3.932841
   10.070186   10.047922    9.518575    8.577273    8.003815    7.736649    6.712250    6.460277    6.444044    5.873677    4.751593    3.696018
   10.033748   10.033748    9.203176    8.657565    8.657565    6.967354    6.967354    6.827159    6.389286    6.157086    4.237899    3.936482
   10.023777    9.947855    9.055074    8.968038    8.628762    7.202568    7.142078    6.451521    6.320635    6.122369    4.461663    3.827470
   10.033748   10.033748    9.203176    8.657565    8.657565    6.967354    6.967354    6.827159    6.389286    6.157086    4.237899    3.936482
   10.070186   10.047922    9.518575    8.577273    8.003815    7.736649    6.712250    6.460277    6.444044    5.873677    4.751593    3.696018
   10.091229    9.821170    9.821170    8.616947    8.270946    7.236345    7.236345    5.953398    5.624325    5.624325    5.556202    3.932841
   10.542169   10.542169    9.999878    9.999878    6.780285    6.780285    5.607722    5.607722    5.514528    5.514528    4.829915    4.829915
   10.547784   10.331677   10.331677    9.398520    7.130453    6.489026    6.489026    5.755106    5.590498    5.590498    4.880938    4.224193
   10.357610   10.357610    9.953750    8.596598    7.545380    7.545380    6.373477    6.143300    6.143300    5.862060    4.369917    4.062650
   10.070186   10.047922    9.518575    8.577273    8.003815    7.736649    6.712250    6.460277    6.444044    5.873677    4.751593    3.696018
    9.859006    9.608287    9.301074    9.293037    8.252523    7.257804    6.959200    6.564647    6.547816    5.832834    5.135024    3.521258
   10.070186   10.047922    9.518575    8.577273    8.003815    7.736649    6.712250    6.460277    6.444044    5.873677    4.751593    3.696018
   10.357610   10.357610    9.953750    8.596598    7.545380    7.545380    6.373477    6.143300    6.143300    5.862060    4.369917    4.062650
   10.547784   10.331677   10.331677    9.398520    7.130453    6.489026    6.489026    5.755106    5.590498    5.590498    4.880938    4.224193
   10.827363   10.827363   10.534803   10.534803    5.860878    5.860878    5.294357    5.294357    5.051863    5.051863    5.035935    5.035935
   10.698021   10.698021   10.698021   10.082205    5.972239    5.972239    5.972239    5.444349    5.444349    5.444349    4.623739    4.623739
   10.547784   10.331677   10.331677    9.398520    7.130453    6.489026    6.489026    5.755106    5.590498    5.590498    4.880938    4.224193
   10.091229    9.821170    9.821170    8.616947    8.270946    7.236345    7.236345    5.953398    5.624325    5.624325    5.556202    3.932841
    9.528241    9.503557    9.503557    9.073922    8.166940    7.653842    7.653842    6.021447    6.000160    5.630145    5.630145    3.824872
   10.091229    9.821170    9.821170    8.616947    8.270946    7.236345    7.236345    5.953398    5.624325    5.624325    5.556202    3.932841
   10.547784   10.331677   10.331677    9.398520    7.130453    6.489026    6.489026    5.755106    5.590498    5.590498    4.880938    4.224193
   10.698021   10.698021   10.698021   10.082205    5.972239    5.972239    5.972239    5.444349    5.444349    5.444349    4.623739    4.623739
   10.398888   10.398888   10.398888   10.398888    6.150638    6.150638    6.150638    6.150638    4.997970    4.997970    4.997970    4.997970
   10.542169   10.542169    9.999878    9.999878    6.780285    6.780285    5.607722    5.607722    5.514528    5.514528    4.829915    4.829915
   10.410881   10.410881    9.400851    9.400851    7.546743    7.546743    6.041386    6.041386    5.171875    5.171875    5.127392    5.127392
   10.026517   10.026517    8.732330    8.732330    8.392741    8.392741    6.368300    6.368300    5.753675    5.753675    4.830173    4.830173
    9.631880    9.631880    8.958657    8.958657    8.367479    8.367479    6.474206    6.474206    6.117476    6.117476    4.714561    4.714561
   10.026517   10.026517    8.732330    8.732330    8.392741    8.392741    6.368300    6.368300    5.753675    5.753675    4.830173    4.830173
   10.410881   10.410881    9.400851    9.400851    7.546743    7.546743    6.041386    6.041386    5.171875    5.171875    5.127392    5.127392
   10.542169   10.542169    9.999878    9.999878    6.780285    6.780285    5.607722    5.607722    5.514528    5.514528    4.829915    4.829915
   10.542169   10.542169    9.999878    9.999878    6.780285    6.780285    5.607722    5.607722    5.514528    5.514528    4.829915    4.829915
   10.547784   10.331677   10.331677    9.398520    7.130453    6.489026    6.489026    5.755106    5.590498    5.590498    4.880938    4.224193
   10.357610   10.357610    9.953750    8.596598    7.545380    7.545380    6.373477    6.143300    6.143300    5.862060    4.369917    4.062650
   10.070186   10.047922    9.518575    8.577273    8.003815    7.736649    6.712250    6.460277    6.444044    5.873677    4.751593    3.696018
    9.859006    9.608287    9.301074    9.293037    8.252523    7.257804    6.959200    6.564647    6.547816    5.832834    5.135024    3.521258
   10.070186   10.047922    9.518575    8.577273    8.003815    7.736649    6.712250    6.460277    6.444044    5.873677    4.751593    3.696018
   10.357610   10.357610    9.953750    8.596598    7.545380    7.545380    6.373477    6.143300    6.143300    5.862060    4.369917    4.062650
   10.547784   10.331677   10.331677    9.398520    7.130453    6.489026    6.489026    5.755106    5.590498    5.590498    4.880938    4.224193
   10.410881   10.410881    9.400851    9.400851    7.546743    7.546743    6.041386    6.041386    5.171875    5.171875    5.127392    5.127392
   10.357610   10.357610    9.953750    8.596598    7.545380    7.545380    6.373477    6.143300    6.143300    5.862060    4.369917    4.062650
   10.218624   10.218624   10.218624    7.613924    7.550396    7.550396    7.550396    6.387608    6.387608    6.387608    3.545398    3.545398
   10.213272   10.060581   10.060581    8.476809    7.576467    7.576467    6.715527    6.624909    6.624909    6.597460    3.760611    2.860864
   10.122576    9.987626    9.987626    8.883266    7.598371    7.598371    6.826917    6.718223    6.718223    6.023455    4.116748    2.576701
   10.213272   10.060581   10.060581    8.476809    7.576467    7.576467    6.715527    6.624909    6.624909    6.597460    3.760611    2.860864
   10.218624   10.218624   10.218624    7.613924    7.550396    7.550396    7.550396    6.387608    6.387608    6.387608    3.545398    3.545398
   10.357610   10.357610    9.953750    8.596598    7.545380    7.545380    6.373477    6.143300    6.143300    5.862060    4.369917    4.062650
   10.026517   10.026517    8.732330    8.732330    8.392741    8.392741    6.368300    6.368300    5.753675    5.753675    4.830173    4.830173
   10.070186   10.047922    9.518575    8.577273    8.003815    7.736649    6.712250    6.460277    6.444044    5.873677    4.751593    3.696018
   10.213272   10.060581   10.060581    8.476809    7.576467    7.576467    6.715527    6.624909    6.624909    6.597460    3.760611    2.860864
   10.359237   10.359237   10.050840    8.197895    8.197895    7.250349    7.061193    7.061193    6.805778    5.442977    3.070614    2.652477
   10.450082   10.417141   10.042325    8.425863    7.996487    7.281875    7.204451    7.125729    6.883806    4.760196    3.259292    2.440846
   10.359237   10.359237   10.050840    8.197895    8.197895    7.250349    7.061193    7.061193    6.805778    5.442977    3.070614    2.652477
   10.213272   10.060581   10.060581    8.476809    7.576467    7.576467    6.715527    6.624909    6.624909    6.597460    3.760611    2.860864
   10.070186   10.047922    9.518575    8.577273    8.003815    7.736649    6.712250    6.460277    6.444044    5.873677    4.751593    3.696018
    9.631880    9.631880    8.958657    8.958657    8.367479    8.367479    6.474206    6.474206    6.117476    6.117476    4.714561    4.714561
    9.859006    9.608287    9.301074    9.293037    8.252523    7.257804    6.959200    6.564647    6.547816    5.832834    5.135024    3.521258
   10.122576    9.987626    9.987626    8.883266    7.598371    7.598371    6.826917    6.718223    6.718223    6.023455    4.116748    2.576701
   10.450082   10.417141   10.042325    8.425863    7.996487    7.281875    7.204451    7.125729    6.883806    4.760196    3.259292    2.440846
   10.562280   10.562280   10.055329    8.131600    8.131600    7.475066    7.475066    6.951742    6.951742    3.911453    2.897548    2.897548
   10.450082   10.417141   10.042325    8.425863    7.996487    7.281875    7.204451    7.125729    6.883806    4.760196    3.259292    2.440846
   10.122576    9.987626    9.987626    8.883266    7.598371    7.598371    6.826917    6.718223    6.718223    6.023455    4.116748    2.576701
    9.859006    9.608287    9.301074    9.293037    8.252523    7.257804    6.959200    6.564647    6.547816    5.832834    5.135024    3.521258
   10.026517   10.026517    8.732330    8.732330    8.392741    8.392741    6.368300    6.368300    5.753675    5.753675    4.830173    4.830173
   10.070186   10.047922    9.518575    8.577273    8.003815    7.736649    6.712250    6.460277    6.444044    5.873677    4.751593    3.696018
   10.213272   10.060581   10.060581    8.476809    7.576467    7.576467    6.715527    6.624909    6.624909    6.597460    3.760611    2.860864
   10.359237   10.359237   10.050840    8.197895    8.197895    7.250349    7.061193    7.061193    6.805778    5.442977    3.070614    2.652477
   10.450082   10.417141   10.042325    8.425863    7.996487    7.281875    7.204451    7.125729    6.883806    4.760196    3.259292    2.440846
   10.359237   10.359237   10.050840    8.197895    8.197895    7.250349    7.061193    7.061193    6.805778    5.442977    3.070614    2.652477
   10.213272   10.060581   10.060581    8.476809    7.576467    7.576467    6.715527    6.624909    6.624909    6.597460    3.760611    2.860864
   10.070186   10.047922    9.518575    8.577273    8.003815    7.736649    6.712250    6.460277    6.444044    5.873677    4.751593    3.696018
   10.410881   10.410881    9.400851    9.400851    7.546743    7.546743    6.041386    6.041386    5.171875    5.171875    5.127392    5.127392
   10.357610   10.357610    9.953750    8.596598    7.545380    7.545380    6.373477    6.143300    6.143300    5.862060    4.369917    4.062650
   10.218624   10.218624   10.218624    7.613924    7.550396    7.550396    7.550396    6.387608    6.387608    6.387608    3.545398    3.545398
   10.213272   10.060581   10.060581    8.476809    7.576467    7.576467    6.715527    6.624909    6.624909    6.597460    3.760611    2.860864
   10.122576    9.987626    9.987626    8.883266    7.598371    7.598371    6.826917    6.718223    6.718223    6.023455    4.116748    2.576701
   10.213272   10.060581   10.060581    8.476809    7.576467    7.576467    6.715527    6.624909    6.624909    6.597460    3.760611    2.860864
   10.218624   10.218624   10.218624    7.613924    7.550396    7.550396    7.550396    6.387608    6.387608    6.387608    3.545398    3.545398
   10.357610   10.357610    9.953750    8.596598    7.545380    7.545380    6.373477    6.143300    6.143300    5.862060    4.369917    4.062650
   10.542169   10.542169    9.999878    9.999878    6.780285    6.780285    5.607722    5.607722    5.514528    5.514528    4.829915    4.829915
   10.547784   10.331677   10.331677    9.398520    7.130453    6.489026    6.489026    5.755106    5.590498    5.590498    4.880938    4.224193
   10.357610   10.357610    9.953750    8.596598    7.545380    7.545380    6.373477    6.143300    6.143300    5.862060    4.369917    4.062650
   10.070186   10.047922    9.518575    8.577273    8.003815    7.736649    6.712250    6.460277    6.444044    5.873677    4.751593    3.696018
    9.859006    9.608287    9.301074    9.293037    8.252523    7.257804    6.959200    6.564647    6.547816    5.832834    5.135024    3.521258
   10.070186   10.047922    9.518575    8.577273    8.003815    7.736649    6.712250    6.460277    6.444044    5.873677    4.751593    3.696018
   10.357610   10.357610    9.953750    8.596598    7.545380    7.545380    6.373477    6.143300    6.143300    5.862060    4.369917    4.062650
   10.547784   10.331677   10.331677    9.398520    7.130453    6.489026    6.489026    5.755106    5.590498    5.590498    4.880938    4.224193
    9.781877    9.781877    9.781877    9.781877    7.119019    7.119019    7.119019    7.119019    4.995923    4.995923    4.995923    4.995923
   10.019689   10.019689    9.333806    9.333806    7.792407    7.792407    6.411118    6.411118    5.639241    5.639241    4.687051    4.687051
   10.026517   10.026517    8.732330    8.732330    8.392741    8.392741    6.368300    6.368300    5.753675    5.753675    4.830173    4.830173
    9.817109    9.817109    8.923552    8.923552    8.105242    8.105242    6.934172    6.934172    5.287727    5.287727    5.251275    5.251275
    9.522852    9.522852    9.314669    9.314669    7.782722    7.782722    7.146603    7.146603    5.548974    5.548974    5.088565    5.088565
    9.817109    9.817109    8.923552    8.923552    8.105242    8.105242    6.934172    6.934172    5.287727    5.287727    5.251275    5.251275
   10.026517   10.026517    8.732330    8.732330    8.392741    8.392741    6.368300    6.368300    5.753675    5.753675    4.830173    4.830173
   10.019689   10.019689    9.333806    9.333806    7.792407    7.792407    6.411118    6.411118    5.639241    5.639241    4.687051    4.687051
   10.019689   10.019689    9.333806    9.333806    7.792407    7.792407    6.411118    6.411118    5.639241    5.639241    4.687051    4.687051
   10.091229    9.821170    9.821170    8.616947    8.270946    7.236345    7.236345    5.953398    5.624325    5.624325    5.556202    3.932841
   10.070186   10.047922    9.518575    8.577273    8.003815    7.736649    6.712250    6.460277    6.444044    5.873677    4.751593    3.696018
   10.033748   10.033748    9.203176    8.657565    8.657565    6.967354    6.967354    6.827159    6.389286    6.157086    4.237899    3.936482
   10.023777    9.947855    9.055074    8.968038    8.628762    7.202568    7.142078    6.451521    6.320635    6.122369    4.461663    3.827470
   10.033748   10.033748    9.203176    8.657565    8.657565    6.967354    6.967354    6.827159    6.389286    6.157086    4.237899    3.936482
   10.070186   10.047922    9.518575    8.577273    8.003815    7.736649    6.712250    6.460277    6.444044    5.873677    4.751593    3.696018
   10.091229    9.821170    9.821170    8.616947    8.270946    7.236345    7.236345    5.953398    5.624325    5.624325    5.556202    3.932841
   10.026517   10.026517    8.732330    8.732330    8.392741    8.392741    6.368300    6.368300    5.753675    5.753675    4.830173    4.830173
   10.070186   10.047922    9.518575    8.577273    8.003815    7.736649    6.712250    6.460277    6.444044    5.873677    4.751593    3.696018
   10.213272   10.060581   10.060581    8.476809    7.576467    7.576467    6.715527    6.624909    6.624909    6.597460    3.760611    2.860864
   10.359237   10.359237   10.050840    8.197895    8.197895    7.250349    7.061193    7.061193    6.805778    5.442977    3.070614    2.652477
   10.450082   10.417141   10.042325    8.425863    7.996487    7.281875    7.204451    7.125729    6.883806    4.760196    3.259292    2.440846
   10.359237   10.359237   10.050840    8.197895    8.197895    7.250349    7.061193    7.061193    6.805778    5.442977    3.070614    2.652477
   10.213272   10.060581   10.060581    8.476809    7.576467    7.576467    6.715527    6.624909    6.624909    6.597460    3.760611    2.860864
   10.070186   10.047922    9.518575    8.577273    8.003815    7.736649    6.712250    6.460277    6.444044    5.873677    4.751593    3.696018
    9.817109    9.817109    8.923552    8.923552    8.105242    8.105242    6.934172    6.934172    5.287727    5.287727    5.251275    5.251275
   10.033748   10.033748    9.203176    8.657565    8.657565    6.967354    6.967354    6.827159    6.389286    6.157086    4.237899    3.936482
   10.359237   10.359237   10.050840    8.197895    8.197895    7.250349    7.061193    7.061193    6.805778    5.442977    3.070614    2.652477
   10.586821   10.586821   10.586821    7.783007    7.783007    7.783007    7.206239    7.206239    7.206239    4.064307    1.922289    1.922289
   10.770174   10.666541   10.666541    7.962957    7.542151    7.542151    7.349294    7.349294    7.341638    3.188222    2.094137    1.294145
   10.586821   10.586821   10.586821    7.783007    7.783007    7.783007    7.206239    7.206239    7.206239    4.064307    1.922289    1.922289
   10.359237   10.359237   10.050840    8.197895    8.197895    7.250349    7.061193    7.061193    6.805778    5.442977    3.070614    2.652477
   10.033748   10.033748    9.203176    8.657565    8.657565    6.967354    6.967354    6.827159    6.389286    6.157086    4.237899    3.936482
    9.522852    9.522852    9.314669    9.314669    7.782722    7.782722    7.146603    7.146603    5.548974    5.548974    5.088565    5.088565
   10.023777    9.947855    9.055074    8.968038    8.628762    7.202568    7.142078    6.451521    6.320635    6.122369    4.461663    3.827470
   10.450082   10.417141   10.042325    8.425863    7.996487    7.281875    7.204451    7.125729    6.883806    4.760196    3.259292    2.440846
   10.770174   10.666541   10.666541    7.962957    7.542151    7.542151    7.349294    7.349294    7.341638    3.188222    2.094137    1.294145
   10.879859   10.879859   10.751794    7.682971    7.682971    7.505904    7.505904    7.375542    7.375542    1.969362    1.479099    1.479099
   10.770174   10.666541   10.666541    7.962957    7.542151    7.542151    7.349294    7.349294    7.341638    3.188222    2.094137    1.294145
   10.450082   10.417141   10.042325    8.425863    7.996487    7.281875    7.204451    7.125729    6.883806    4.760196    3.259292    2.440846
   10.023777    9.947855    9.055074    8.968038    8.628762    7.202568    7.142078    6.451521    6.320635    6.122369    4.461663    3.827470
    9.817109    9.817109    8.923552    8.923552    8.105242    8.105242    6.934172    6.934172    5.287727    5.287727    5.251275    5.251275
   10.033748   10.033748    9.203176    8.657565    8.657565    6.967354    6.967354    6.827159    6.389286    6.157086    4.237899    3.936482
   10.359237   10.359237   10.050840    8.197895    8.197895    7.250349    7.061193    7.061193    6.805778    5.442977    3.070614    2.652477
   10.586821   10.586821   10.586821    7.783007    7.783007    7.783007    7.206239    7.206239    7.206239    4.064307    1.922289    1.922289
   10.770174   10.666541   10.666541    7.962957    7.542151    7.542151    7.349294    7.349294    7.341638    3.188222    2.094137    1.294145
   10.586821   10.586821   10.586821    7.783007    7.783007    7.783007    7.206239    7.206239    7.206239    4.064307    1.922289    1.922289
   10.359237   10.359237   10.050840    8.197895    8.197895    7.250349    7.061193    7.061193    6.805778    5.442977    3.070614    2.652477
   10.033748   10.033748    9.203176    8.657565    8.657565    6.967354    6.967354    6.827159    6.389286    6.157086    4.237899    3.936482
   10.026517   10.026517    8.732330    8.732330    8.392741    8.392741    6.368300    6.368300    5.753675    5.753675    4.830173    4.830173
   10.070186   10.047922    9.518575    8.577273    8.003815    7.736649    6.712250    6.460277    6.444044    5.873677    4.751593    3.696018
   10.213272   10.060581   10.060581    8.476809    7.576467    7.576467    6.715527    6.624909    6.624909    6.597460    3.760611    2.860864
   10.359237   10.359237   10.050840    8.197895    8.197895    7.250349    7.061193    7.061193    6.805778    5.442977    3.070614    2.652477
   10.450082   10.417141   10.042325    8.425863    7.996487    7.281875    7.204451    7.125729    6.883806    4.760196    3.259292    2.440846
   10.359237   10.359237   10.050840    8.197895    8.197895    7.250349    7.061193    7.061193    6.805778    5.442977    3.070614    2.652477
   10.213272   10.060581   10.060581    8.476809    7.576467    7.576467    6.715527    6.624909    6.624909    6.597460    3.760611    2.860864
   10.070186   10.047922    9.518575    8.577273    8.003815    7.736649    6.712250    6.460277    6.444044    5.873677    4.751593    3.696018
   10.019689   10.019689    9.333806    9.333806    7.792407    7.792407    6.411118    6.411118    5.639241    5.639241    4.687051    4.687051
   10.091229    9.821170    9.821170    8.616947    8.270946    7.236345    7.236345    5.953398    5.624325    5.624325    5.556202    3.932841
   10.070186   10.047922    9.518575    8.577273    8.003815    7.736649    6.712250    6.460277    6.444044    5.873677    4.751593    3.696018
   10.033748   10.033748    9.203176    8.657565    8.657565    6.967354    6.967354    6.827159    6.389286    6.157086    4.237899    3.936482
   10.023777    9.947855    9.055074    8.968038    8.628762    7.202568    7.142078    6.451521    6.320635    6.122369    4.461663    3.827470
   10.033748   10.033748    9.203176    8.657565    8.657565    6.967354    6.967354    6.827159    6.389286    6.157086    4.237899    3.936482
   10.070186   10.047922    9.518575    8.577273    8.003815    7.736649    6.712250    6.460277    6.444044    5.873677    4.751593    3.696018
   10.091229    9.821170    9.821170    8.616947    8.270946    7.236345    7.236345    5.953398    5.624325    5.624325    5.556202    3.932841
    9.359504    9.359504    9.359504    9.359504    7.676604    7.676604    7.676604    7.676604    4.995075    4.995075    4.995075    4.995075
    9.595220    9.595220    8.933314    8.933314    8.396035    8.396035    6.878555    6.878555    5.680729    5.680729    4.636225    4.636225
    9.631880    9.631880    8.958657    8.958657    8.367479    8.367479    6.474206    6.474206    6.117476    6.117476    4.714561    4.714561
    9.522852    9.522852    9.314669    9.314669    7.782722    7.782722    7.146603    7.146603    5.548974    5.548974    5.088565    5.088565
    9.436317    9.436317    9.436317    9.436317    7.485551    7.485551    7.431235    7.431235    5.334560    5.334560    5.334560    5.334560
    9.522852    9.522852    9.314669    9.314669    7.782722    7.782722    7.146603    7.146603    5.548974    5.548974    5.088565    5.088565
    9.631880    9.631880    8.958657    8.958657    8.367479    8.367479    6.474206    6.474206    6.117476    6.117476    4.714561    4.714561
    9.595220    9.595220    8.933314    8.933314    8.396035    8.396035    6.878555    6.878555    5.680729    5.680729    4.636225    4.636225
    9.595220    9.595220    8.933314    8.933314    8.396035    8.396035    6.878555    6.878555    5.680729    5.680729    4.636225    4.636225
    9.528241    9.503557    9.503557    9.073922    8.166940    7.653842    7.653842    6.021447    6.000160    5.630145    5.630145    3.824872
    9.859006    9.608287    9.301074    9.293037    8.252523    7.257804    6.959200    6.564647    6.547816    5.832834    5.135024    3.521258
   10.023777    9.947855    9.055074    8.968038    8.628762    7.202568    7.142078    6.451521    6.320635    6.122369    4.461663    3.827470
   10.064090   10.064090    8.942649    8.756943    8.756943    7.444100    7.444100    6.263112    6.263112    5.776483    4.199058    4.199058
   10.023777    9.947855    9.055074    8.968038    8.628762    7.202568    7.142078    6.451521    6.320635    6.122369    4.461663    3.827470
    9.859006    9.608287    9.301074    9.293037    8.252523    7.257804    6.959200    6.564647    6.547816    5.832834    5.135024    3.521258
    9.528241    9.503557    9.503557    9.073922    8.166940    7.653842    7.653842    6.021447    6.000160    5.630145    5.630145    3.824872
    9.631880    9.631880    8.958657    8.958657    8.367479    8.367479    6.474206    6.474206    6.117476    6.117476    4.714561    4.714561
    9.859006    9.608287    9.301074    9.293037    8.252523    7.257804    6.959200    6.564647    6.547816    5.832834    5.135024    3.521258
   10.122576    9.987626    9.987626    8.883266    7.598371    7.598371    6.826917    6.718223    6.718223    6.023455    4.116748    2.576701
   10.450082   10.417141   10.042325    8.425863    7.996487    7.281875    7.204451    7.125729    6.883806    4.760196    3.259292    2.440846
   10.562280   10.562280   10.055329    8.131600    8.131600    7.475066    7.475066    6.951742    6.951742    3.911453    2.897548    2.897548
   10.450082   10.417141   10.042325    8.425863    7.996487    7.281875    7.204451    7.125729    6.883806    4.760196    3.259292    2.440846
   10.122576    9.987626    9.987626    8.883266    7.598371    7.598371    6.826917    6.718223    6.718223    6.023455    4.116748    2.576701
    9.859006    9.608287    9.301074    9.293037    8.252523    7.257804    6.959200    6.564647    6.547816    5.832834    5.135024    3.521258
    9.522852    9.522852    9.314669    9.314669    7.782722    7.782722    7.146603    7.146603    5.548974    5.548974    5.088565    5.088565
   10.023777    9.947855    9.055074    8.968038    8.628762    7.202568    7.142078    6.451521    6.320635    6.122369    4.461663    3.827470
   10.450082   10.417141   10.042325    8.425863    7.996487    7.281875    7.204451    7.125729    6.883806    4.760196    3.259292    2.440846
   10.770174   10.666541   10.666541    7.962957    7.542151    7.542151    7.349294    7.349294    7.341638    3.188222    2.094137    1.294145
   10.879859   10.879859   10.751794    7.682971    7.682971    7.505904    7.505904    7.375542    7.375542    1.969362    1.479099    1.479099
   10.770174   10.666541   10.666541    7.962957    7.542151    7.542151    7.349294    7.349294    7.341638    3.188222    2.094137    1.294145
   10.450082   10.417141   10.042325    8.425863    7.996487    7.281875    7.204451    7.125729    6.883806    4.760196    3.259292    2.440846
   10.023777    9.947855    9.055074    8.968038    8.628762    7.202568    7.142078    6.451521    6.320635    6.122369    4.461663    3.827470
    9.436317    9.436317    9.436317    9.436317    7.485551    7.485551    7.431235    7.431235    5.334560    5.334560    5.334560    5.334560
   10.064090   10.064090    8.942649    8.756943    8.756943    7.444100    7.444100    6.263112    6.263112    5.776483    4.199058    4.199058
   10.562280   10.562280   10.055329    8.131600    8.131600    7.475066    7.475066    6.951742    6.951742    3.911453    2.897548    2.897548
   10.879859   10.879859   10.751794    7.682971    7.682971    7.505904    7.505904    7.375542    7.375542    1.969362    1.479099    1.479099
   10.988687   10.988687   10.988687    7.518640    7.518640    7.518640    7.518640    7.518640    7.518640    0.000000    0.000000    0.000000
    9.522852    9.522852    9.314669    9.314669    7.782722    7.782722    7.146603    7.146603    5.548974    5.548974    5.088565    5.088565
    9.631880    9.631880    8.958657    8.958657    8.367479    8.367479    6.474206    6.474206    6.117476    6.117476    4.714561    4.714561
    9.595220    9.595220    8.933314    8.933314    8.396035    8.396035    6.878555    6.878555    5.680729    5.680729    4.636225    4.636225
    9.781877    9.781877    9.781877    9.781877    7.119019    7.119019    7.119019    7.119019    4.995923    4.995923    4.995923    4.995923
   10.019689   10.019689    9.333806    9.333806    7.792407    7.792407    6.411118    6.411118    5.639241    5.639241    4.687051    4.687051
   10.026517   10.026517    8.732330    8.732330    8.392741    8.392741    6.368300    6.368300    5.753675    5.753675    4.830173    4.830173
    9.817109    9.817109    8.923552    8.923552    8.105242    8.105242    6.934172    6.934172    5.287727    5.287727    5.251275    5.251275
    9.522852    9.522852    9.314669    9.314669    7.782722    7.782722    7.146603    7.146603    5.548974    5.548974    5.088565    5.088565
    9.817109    9.817109    8.923552    8.923552    8.105242    8.105242    6.934172    6.934172    5.287727    5.287727    5.251275    5.251275
   10.026517   10.026517    8.732330    8.732330    8.392741    8.392741    6.368300    6.368300    5.753675    5.753675    4.830173    4.830173
   10.019689   10.019689    9.333806    9.333806    7.792407    7.792407    6.411118    6.411118    5.639241    5.639241    4.687051    4.687051
   10.019689   10.019689    9.333806    9.333806    7.792407    7.792407    6.411118    6.411118    5.639241    5.639241    4.687051    4.687051
   10.026517   10.026517    8.732330    8.732330    8.392741    8.392741    6.368300    6.368300    5.753675    5.753675    4.830173    4.830173
    9.817109    9.817109    8.923552    8.923552    8.105242    8.105242    6.934172    6.934172    5.287727    5.287727    5.251275    5.251275
    9.522852    9.522852    9.314669    9.314669    7.782722    7.782722    7.146603    7.146603    5.548974    5.548974    5.088565    5.088565
    9.817109    9.817109    8.923552    8.923552    8.105242    8.105242    6.934172    6.934172    5.287727    5.287727    5.251275    5.251275
   10.026517   10.026517    8.732330    8.732330    8.392741    8.392741    6.368300    6.368300    5.753675    5.753675    4.830173    4.830173
   10.019689   10.019689    9.333806    9.333806    7.792407    7.792407    6.411118    6.411118    5.639241    5.639241    4.687051    4.687051
   10.398888   10.398888   10.398888   10.398888    6.150638    6.150638    6.150638    6.150638    4.997970    4.997970    4.997970    4.997970
   10.542169   10.542169    9.999878    9.999878    6.780285    6.780285    5.607722    5.607722    5.514528    5.514528    4.829915    4.829915
   10.410881   10.410881    9.400851    9.400851    7.546743    7.546743    6.041386    6.041386    5.171875    5.171875    5.127392    5.127392
   10.026517   10.026517    8.732330    8.732330    8.392741    8.392741    6.368300    6.368300    5.753675    5.753675    4.830173    4.830173
    9.631880    9.631880    8.958657    8.958657    8.367479    8.367479    6.474206    6.474206    6.117476    6.117476    4.714561    4.714561
   10.026517   10.026517    8.732330    8.732330    8.392741    8.392741    6.368300    6.368300    5.753675    5.753675    4.830173    4.830173
   10.410881   10.410881    9.400851    9.400851    7.546743    7.546743    6.041386    6.041386    5.171875    5.171875    5.127392    5.127392
   10.542169   10.542169    9.999878    9.999878    6.780285    6.780285    5.607722    5.607722    5.514528    5.514528    4.829915    4.829915
   10.542169   10.542169    9.999878    9.999878    6.780285    6.780285    5.607722    5.607722    5.514528    5.514528    4.829915    4.829915
   10.410881   10.410881    9.400851    9.400851    7.546743    7.546743    6.041386    6.041386    5.171875    5.171875    5.127392    5.127392
   10.026517   10.026517    8.732330    8.732330    8.392741    8.392741    6.368300    6.368300    5.753675    5.753675    4.830173    4.830173
    9.631880    9.631880    8.958657    8.958657    8.367479    8.367479    6.474206    6.474206    6.117476    6.117476    4.714561    4.714561
   10.026517   10.026517    8.732330    8.732330    8.392741    8.392741    6.368300    6.368300    5.753675    5.753675    4.830173    4.830173
   10.410881   10.410881    9.400851    9.400851    7.546743    7.546743    6.041386    6.041386    5.171875    5.171875    5.127392    5.127392
   10.542169   10.542169    9.999878    9.999878    6.780285    6.780285    5.607722    5.607722    5.514528    5.514528    4.829915    4.829915
   10.824191   10.824191   10.824191   10.824191    5.329703    5.329703    5.329703    5.329703    5.000016    5.000016    5.000016    5.000016
   10.827363   10.827363   10.534803   10.534803    5.860878    5.860878    5.294357    5.294357    5.051863    5.051863    5.035935    5.035935
   10.542169   10.542169    9.999878    9.999878    6.780285    6.780285    5.607722    5.607722    5.514528    5.514528    4.829915    4.829915
   10.019689   10.019689    9.333806    9.333806    7.792407    7.792407    6.411118    6.411118    5.639241    5.639241    4.687051    4.687051
    9.595220    9.595220    8.933314    8.933314    8.396035    8.396035    6.878555    6.878555    5.680729    5.680729    4.636225    4.636225
   10.019689   10.019689    9.333806    9.333806    7.792407    7.792407    6.411118    6.411118    5.639241    5.639241    4.687051    4.687051
   10.542169   10.542169    9.999878    9.999878    6.780285    6.780285    5.607722    5.607722    5.514528    5.514528    4.829915    4.829915
   10.827363   10.827363   10.534803   10.534803    5.860878    5.860878    5.294357    5.294357    5.051863    5.051863    5.035935    5.035935
   10.827363   10.827363   10.534803   10.534803    5.860878    5.860878    5.294357    5.294357    5.051863    5.051863    5.035935    5.035935
   10.542169   10.542169    9.999878    9.999878    6.780285    6.780285    5.607722    5.607722    5.514528    5.514528    4.829915    4.829915
   10.019689   10.019689    9.333806    9.333806    7.792407    7.792407    6.411118    6.411118    5.639241    5.639241    4.687051    4.687051
    9.595220    9.595220    8.933314    8.933314    8.396035    8.396035    6.878555    6.878555    5.680729    5.680729    4.636225    4.636225
   10.019689   10.019689    9.333806    9.333806    7.792407    7.792407    6.411118    6.411118    5.639241    5.639241    4.687051    4.687051
   10.542169   10.542169    9.999878    9.999878    6.780285    6.780285    5.607722    5.607722    5.514528    5.514528    4.829915    4.829915
   10.827363   10.827363   10.534803   10.534803    5.860878    5.860878    5.294357    5.294357    5.051863    5.051863    5.035935    5.035935
