0
0
0
1.7357
1.9702
2.3424
2.4118
2.5004
2.6461
2.6855
2.8829
2.9376
3.0258
3.1412
3.2056
3.229
3.3921
3.4577
3.5946
3.6435
3.69
3.7375
3.808
3.9685
4.0256
4.0496
4.0884
4.1501
4.2433
4.3047
4.3843
4.419
4.4855
4.5248
4.5907
4.6868
4.7033
4.7166
4.8297
4.8449
4.872
4.9732
5.0514
5.0716
5.144
5.1891
5.2404
5.2701
5.3204
5.4128
5.4434
5.4742
5.51
5.5626
5.5727
5.6516
5.6695
5.825
5.8474
5.8678
5.8747
5.9619
5.9772
5.9972
6.077
6.0987
6.1312
6.1687
6.186
6.2443
6.2894
6.3515
6.3999
6.4174
6.4824
6.5012
6.528
6.5702
6.6205
6.6844
6.7165
6.7527
6.8027
6.8338
6.8975
6.9225
6.9359
7.0125
7.0464
7.1431
7.1565
7.178
7.1979
7.2372
7.2654
7.3082
7.3418
7.3726
7.4117
7.4863
7.4958
7.5168
7.5603
7.6168
7.6328
7.6465
7.6729
7.7059
7.7557
7.7888
7.8407
7.8778
7.9005
7.9363
7.9654
8.0003
8.0737
8.0788
8.109
8.1516
8.1801
8.2272
8.2669
8.2959
8.3095
8.3457
8.4059
8.4126
8.4589
8.4779
8.5092
8.577
8.6014
8.6194
8.6459
8.6695
8.6966
8.7209
8.7443
8.7633
8.8184
8.8492
8.8817
8.9074
8.9331
8.9645
8.9888
9.0364
9.0893
9.1218
9.1636
9.1719
9.2117
9.221
9.2317
9.2614
9.3132
9.3321
9.379
9.4083
9.4399
9.454
9.505
9.5411
9.557
9.5835
9.6297
9.6415
9.6766
9.7079
9.7333
9.7779
9.797
9.821
9.8573
9.9128
9.9302
9.9504
9.9809
10.043
10.073
10.08
10.088
10.108
10.168
10.201
10.239
10.255
10.269
10.304
10.348
10.369
10.399
10.416
10.44
10.459
10.499
10.534
10.556
10.571
10.617
10.653
10.673
10.695
10.723
10.785
10.798
10.808
10.833
10.87
10.881
10.912
10.946
10.978
10.998
11.023
11.047
11.087
11.126
11.157
11.185
11.224
11.241
11.264
11.271
11.3
11.311
11.363
11.392
11.436
11.447
11.506
11.516
11.545
11.559
11.605
11.62
11.633
11.674
11.704
11.728
11.74
11.779
11.809
11.846
11.878
11.891
11.894
11.919
11.963
11.97
12.009
12.039
12.066
12.069
12.095
12.12
12.149
12.16
12.201
12.237
12.272
12.276
12.305
12.339
12.355
12.377
12.411
12.448
12.469
12.516
12.539
12.563
12.589
12.615
12.626
12.645
12.661
12.679
12.723
12.758
12.766
12.801
12.832
12.856
12.867
12.94
12.954
12.969
13.034
13.059
13.064
13.086
13.117
13.135
13.176
13.202
13.213
13.246
13.254
13.289
13.352
13.354
13.37
13.413
13.421
13.424
13.469
13.499
13.521
13.536
13.55
13.572
13.594
13.61
13.637
13.666
13.702
13.721
13.755
13.769
13.783
13.816
13.858
13.864
13.903
13.945
13.96
13.979
14.001
14.02
14.054
14.071
14.082
14.19
14.203
14.236
14.25
14.263
14.292
14.346
14.357
14.371
14.375
14.423
14.446
14.462
14.502
14.518
14.575
14.582
14.609
14.64
14.657
14.686
14.724
14.741
14.766
14.773
14.833
14.846
14.865
14.889
14.909
14.972
14.992
15.039
15.061
15.078
15.114
15.12
15.131
15.165
15.174
15.225
15.251
15.298
15.31
15.341
15.351
15.381
15.399
15.449
15.465
15.492
15.505
15.534
15.544
15.565
15.594
15.643
15.663
15.674
15.699
15.747
15.766
15.791
15.818
15.832
15.889
15.896
15.913
15.931
15.967
15.974
16.008
16.041
16.088
16.109
16.138
16.158
16.187
16.227
16.261
16.267
16.303
16.337
16.355
16.405
16.422
16.462
16.484
16.488
16.541
16.566
16.58
16.621
16.637
16.655
16.711
16.73
16.747
16.783
16.788
16.836
16.863
16.893
16.924
16.935
16.969
17.005
17.023
17.048
17.074
17.091
17.146
17.175
17.209
17.237
17.262
17.292
17.302
17.355
17.375
17.408
17.423
17.433
17.454
17.512
17.539
17.577
17.598
17.604
17.651
17.676
17.713
17.735
17.755
17.789
17.803
17.83
17.855
17.916
17.927
17.948
17.987
18.02
18.034
18.062
18.1
18.147
18.158
18.183
18.237
18.267
18.305
18.306
18.33
18.357
18.388
18.431
18.438
18.462
18.485
18.529
18.594
18.597
18.622
18.635
18.685
18.698
18.737
18.757
18.792
18.824
18.833
18.858
18.896
18.921
18.999
19.019
19.059
19.094
19.105
19.129
19.16
19.173
19.226
19.237
19.274
19.347
19.352
19.393
19.406
19.417
19.464
19.489
19.532
19.545
19.547
19.589
19.612
19.648
19.715
19.728
19.772
19.804
19.848
19.895
19.909
19.924
19.955
19.996
20.019
20.041
20.05
20.086
20.103
20.15
20.19
20.204
20.259
20.288
20.301
20.33
20.375
20.399
20.425
20.46
20.485
20.504
20.541
20.563
20.58
20.656
20.675
20.705
20.73
20.772
20.787
20.84
20.928
20.937
20.944
20.982
21.011
21.033
21.059
21.101
21.15
21.165
21.194
21.231
21.238
21.297
21.314
21.387
21.394
21.438
21.46
21.51
21.548
21.57
21.621
21.622
21.64
21.671
21.708
21.768
21.792
21.806
21.823
21.859
21.868
21.944
21.993
22.046
22.083
22.112
22.142
22.148
22.196
22.262
22.276
22.287
22.316
22.364
22.371
22.436
22.472
22.517
22.572
22.59
22.628
22.655
22.704
22.738
22.805
22.823
22.876
22.932
22.959
22.99
23.011
23.043
23.059
23.099
23.185
23.211
23.238
23.289
23.303
23.368
23.38
23.403
23.434
23.457
23.518
23.537
23.568
23.61
23.659
23.71
23.731
23.793
23.82
23.863
23.899
23.944
23.98
24.008
24.055
24.093
24.155
24.216
24.225
24.263
24.284
24.329
24.378
24.433
24.467
24.512
24.545
24.567
24.604
24.671
24.695
24.771
24.802
24.823
24.842
24.908
25.015
25.046
25.084
25.109
25.182
25.213
25.236
25.285
25.352
25.366
25.386
25.411
25.488
25.497
25.532
25.595
25.636
25.693
25.741
25.781
25.799
25.851
25.893
25.987
26.007
26.04
26.077
26.14
26.175
26.221
26.301
26.347
26.398
26.433
26.479
26.552
26.568
26.699
26.752
26.768
26.796
26.9
26.917
26.946
27.017
27.04
27.237
27.263
27.286
27.362
27.455
27.525
27.633
27.744
27.768
27.883
27.979
28.028
28.164
28.175
28.219
28.342
28.404
28.525
28.593
28.808
28.853
28.905
29.019
29.033
29.047
29.303
29.454
29.473
29.538
29.651
29.723
29.994
30.214
30.787
31.067
31.195
31.491
32.486
32.998
