0.019174759848570515
0.03834951969714103
0.05752427954571154
0.07669903939428206
0.09587379924285258
0.11504855909142309
0.13422331893999362
0.15339807878856412
0.17257283863713463
0.19174759848570516
0.21092235833427567
0.23009711818284617
0.2492718780314167
0.26844663787998724
0.2876213977285577
0.30679615757712825
0.3259709174256988
0.34514567727426926
0.3643204371228398
0.3834951969714103
0.4026699568199808
0.42184471666855133
0.44101947651712187
0.46019423636569234
0.4793689962142629
0.4985437560628334
0.5177185159114039
0.5368932757599745
0.5560680356085449
0.5752427954571154
0.594417555305686
0.6135923151542565
0.632767075002827
0.6519418348513976
0.6711165946999681
0.6902913545485385
0.709466114397109
0.7286408742456796
0.7478156340942501
0.7669903939428206
0.7861651537913912
0.8053399136399616
0.8245146734885321
0.8436894333371027
0.8628641931856732
0.8820389530342437
0.9012137128828143
0.9203884727313847
0.9395632325799552
0.9587379924285258
0.9779127522770963
0.9970875121256668
1.0162622719742374
1.0354370318228079
1.0546117916713784
1.073786551519949
1.0929613113685195
1.1121360712170898
1.1313108310656603
1.1504855909142309
1.1696603507628014
1.188835110611372
1.2080098704599425
1.227184630308513
1.2463593901570835
1.265534150005654
1.2847089098542246
1.3038836697027951
1.3230584295513657
1.3422331893999362
1.3614079492485065
1.380582709097077
1.3997574689456476
1.418932228794218
1.4381069886427886
1.4572817484913592
1.4764565083399297
1.4956312681885002
1.5148060280370708
1.5339807878856413
1.5531555477342118
1.5723303075827824
1.591505067431353
1.6106798272799232
1.6298545871284937
1.6490293469770643
1.6682041068256348
1.6873788666742053
1.7065536265227759
1.7257283863713464
1.744903146219917
1.7640779060684875
1.783252665917058
1.8024274257656285
1.821602185614199
1.8407769454627694
1.85995170531134
1.8791264651599104
1.898301225008481
1.9174759848570515
1.936650744705622
1.9558255045541926
1.975000264402763
1.9941750242513336
2.013349784099904
2.0325245439484747
2.051699303797045
2.0708740636456158
2.090048823494186
2.109223583342757
2.128398343191327
2.147573103039898
2.166747862888468
2.185922622737039
2.2050973825856093
2.2242721424341796
2.2434469022827503
2.2626216621313207
2.2817964219798914
2.3009711818284617
2.3201459416770325
2.339320701525603
2.3584954613741735
2.377670221222744
2.3968449810713146
2.416019740919885
2.4351945007684557
2.454369260617026
2.4735440204655963
2.492718780314167
2.5118935401627374
2.531068300011308
2.5502430598598784
2.569417819708449
2.5885925795570195
2.6077673394055902
2.6269420992541606
2.6461168591027313
2.6652916189513016
2.6844663787998724
2.7036411386484427
2.722815898497013
2.7419906583455838
2.761165418194154
2.780340178042725
2.799514937891295
2.818689697739866
2.837864457588436
2.857039217437007
2.8762139772855773
2.895388737134148
2.9145634969827183
2.933738256831289
2.9529130166798594
2.9720877765284297
2.9912625363770005
3.0104372962255708
3.0296120560741415
3.048786815922712
3.0679615757712826
3.087136335619853
3.1063110954684237
3.125485855316994
3.1446606151655647
3.163835375014135
3.183010134862706
3.202184894711276
3.2213596545598464
3.240534414408417
3.2597091742569875
3.2788839341055582
3.2980586939541285
3.3172334538026993
3.3364082136512696
3.3555829734998404
3.3747577333484107
3.3939324931969814
3.4131072530455517
3.4322820128941225
3.451456772742693
3.470631532591263
3.489806292439834
3.508981052288404
3.528155812136975
3.5473305719855452
3.566505331834116
3.5856800916826863
3.604854851531257
3.6240296113798274
3.643204371228398
3.6623791310769684
3.6815538909255388
3.7007286507741095
3.71990341062268
3.7390781704712506
3.758252930319821
3.7774276901683916
3.796602450016962
3.8157772098655327
3.834951969714103
3.8541267295626738
3.873301489411244
3.892476249259815
3.911651009108385
3.9308257689569555
3.950000528805526
3.9691752886540965
3.9883500485026673
4.007524808351238
4.026699568199808
4.045874328048379
4.065049087896949
4.08422384774552
4.10339860759409
4.122573367442661
4.1417481272912315
4.160922887139802
4.180097646988372
4.1992724068369425
4.218447166685514
4.237621926534084
4.256796686382654
4.275971446231225
4.295146206079796
4.314320965928366
4.333495725776936
4.352670485625507
4.371845245474078
4.391020005322648
4.410194765171219
4.429369525019789
4.448544284868359
4.46771904471693
4.486893804565501
4.506068564414071
4.525243324262641
4.5444180841112125
4.563592843959783
4.582767603808353
4.601942363656923
4.621117123505495
4.640291883354065
4.659466643202635
4.678641403051206
4.697816162899776
4.716990922748347
4.736165682596917
4.755340442445488
4.774515202294058
4.793689962142629
4.8128647219911995
4.83203948183977
4.85121424168834
4.870389001536911
4.889563761385482
4.908738521234052
4.927913281082622
4.947088040931193
4.966262800779764
4.985437560628334
5.004612320476904
5.023787080325475
5.042961840174046
5.062136600022616
5.0813113598711865
5.100486119719757
5.119660879568328
5.138835639416898
5.158010399265469
5.177185159114039
5.196359918962609
5.2155346788111805
5.234709438659751
5.253884198508321
5.273058958356891
5.292233718205463
5.311408478054033
5.330583237902603
5.3497579977511736
5.368932757599745
5.388107517448315
5.407282277296885
5.426457037145456
5.445631796994026
5.464806556842597
5.4839813166911675
5.503156076539738
5.522330836388308
5.541505596236879
5.56068035608545
5.57985511593402
5.59902987578259
5.6182046356311615
5.637379395479732
5.656554155328302
5.675728915176872
5.694903675025443
5.714078434874014
5.733253194722584
5.7524279545711545
5.771602714419725
5.790777474268296
5.809952234116866
5.829126993965437
5.848301753814007
5.867476513662578
5.8866512735111485
5.905826033359719
5.925000793208289
5.944175553056859
5.963350312905431
5.982525072754001
6.001699832602571
6.0208745924511415
6.040049352299713
6.059224112148283
6.078398871996853
6.097573631845424
6.116748391693995
6.135923151542565
6.1550979113911355
6.174272671239706
6.193447431088276
6.212622190936847
6.231796950785418
6.250971710633988
6.270146470482558
6.289321230331129
6.3084959901797
6.32767075002827
6.34684550987684
6.366020269725412
6.385195029573982
6.404369789422552
6.4235445492711225
6.442719309119693
6.461894068968264
6.481068828816834
6.500243588665405
6.519418348513975
6.538593108362546
6.5577678682111165
6.576942628059687
6.596117387908257
6.615292147756828
6.634466907605399
6.653641667453969
6.672816427302539
6.6919911871511095
6.711165946999681
6.730340706848251
6.749515466696821
6.768690226545392
6.787864986393963
6.807039746242533
6.8262145060911035
6.845389265939674
6.864564025788245
6.883738785636815
6.902913545485386
6.922088305333956
6.941263065182526
6.960437825031097
6.979612584879668
6.998787344728238
7.017962104576808
7.03713686442538
7.05631162427395
7.07548638412252
7.0946611439710905
7.113835903819662
7.133010663668232
7.152185423516802
7.171360183365373
7.190534943213943
7.209709703062514
7.228884462911084
7.248059222759655
7.267233982608225
7.286408742456796
7.305583502305367
7.324758262153937
7.343933022002507
7.3631077818510775
7.382282541699649
7.401457301548219
7.420632061396789
7.43980682124536
7.458981581093931
7.478156340942501
7.4973311007910715
7.516505860639642
7.535680620488213
7.554855380336783
7.574030140185354
7.593204900033924
7.612379659882494
7.631554419731065
7.650729179579636
7.669903939428206
7.689078699276776
7.7082534591253475
7.727428218973918
7.746602978822488
7.7657777386710585
7.78495249851963
7.8041272583682
7.82330201821677
7.842476778065341
7.861651537913911
7.880826297762482
7.900001057611052
7.919175817459623
7.938350577308193
7.957525337156764
7.9767000970053346
7.995874856853905
8.015049616702475
8.034224376551046
8.053399136399616
8.072573896248187
8.091748656096758
8.110923415945328
8.130098175793899
8.149272935642468
8.16844769549104
8.18762245533961
8.20679721518818
8.225971975036751
8.245146734885322
8.264321494733892
8.283496254582463
8.302671014431033
8.321845774279604
8.341020534128175
8.360195293976744
8.379370053825316
8.398544813673885
8.417719573522456
8.436894333371027
8.456069093219597
8.475243853068168
8.49441861291674
8.513593372765309
8.53276813261388
8.55194289246245
8.57111765231102
8.590292412159592
8.609467172008161
8.628641931856732
8.647816691705302
8.666991451553873
8.686166211402444
8.705340971251013
8.724515731099585
8.743690490948156
8.762865250796725
8.782040010645296
8.801214770493866
8.820389530342437
8.839564290191008
8.858739050039578
8.877913809888149
8.897088569736718
8.91626332958529
8.93543808943386
8.95461284928243
8.973787609131001
8.992962368979573
9.012137128828142
9.031311888676713
9.050486648525283
9.069661408373854
9.088836168222425
9.108010928070994
9.127185687919566
9.146360447768135
9.165535207616706
9.184709967465277
9.203884727313847
9.223059487162418
9.24223424701099
9.261409006859559
9.28058376670813
9.2997585265567
9.31893328640527
9.338108046253842
9.357282806102411
9.376457565950982
9.395632325799552
9.414807085648123
9.433981845496694
9.453156605345264
9.472331365193835
9.491506125042406
9.510680884890975
9.529855644739547
9.549030404588116
9.568205164436687
9.587379924285258
9.606554684133828
9.625729443982399
9.644904203830968
9.66407896367954
9.68325372352811
9.70242848337668
9.721603243225251
9.740778003073823
9.759952762922392
9.779127522770963
9.798302282619533
9.817477042468104
9.836651802316675
9.855826562165245
9.875001322013816
9.894176081862385
9.913350841710956
9.932525601559528
9.951700361408097
9.970875121256668
9.99004988110524
10.009224640953809
10.02839940080238
10.04757416065095
10.06674892049952
10.085923680348092
10.105098440196661
10.124273200045232
10.143447959893802
10.162622719742373
10.181797479590944
10.200972239439514
10.220146999288085
10.239321759136656
10.258496518985226
10.277671278833797
10.296846038682366
10.316020798530937
10.335195558379509
10.354370318228078
10.37354507807665
10.392719837925219
10.41189459777379
10.431069357622361
10.45024411747093
10.469418877319502
10.488593637168073
10.507768397016642
10.526943156865213
10.546117916713783
10.565292676562354
10.584467436410925
10.603642196259495
10.622816956108066
10.641991715956635
10.661166475805206
10.680341235653778
10.699515995502347
10.718690755350918
10.73786551519949
10.757040275048059
10.77621503489663
10.7953897947452
10.81456455459377
10.833739314442342
10.852914074290911
10.872088834139483
10.891263593988052
10.910438353836623
10.929613113685194
10.948787873533764
10.967962633382335
10.987137393230906
11.006312153079476
11.025486912928047
11.044661672776616
11.063836432625187
11.083011192473759
11.102185952322328
11.1213607121709
11.140535472019469
11.15971023186804
11.178884991716611
11.19805975156518
11.217234511413752
11.236409271262323
11.255584031110892
11.274758790959464
11.293933550808033
11.313108310656604
11.332283070505175
11.351457830353745
11.370632590202316
11.389807350050885
11.408982109899457
11.428156869748028
11.447331629596597
11.466506389445168
11.48568114929374
11.504855909142309
11.52403066899088
11.54320542883945
11.56238018868802
11.581554948536592
11.600729708385161
11.619904468233733
11.639079228082302
11.658253987930873
11.677428747779445
11.696603507628014
11.715778267476585
11.734953027325156
11.754127787173726
11.773302547022297
11.792477306870866
11.811652066719438
11.830826826568009
11.850001586416578
11.86917634626515
11.888351106113719
11.90752586596229
11.926700625810861
11.94587538565943
11.965050145508002
11.984224905356573
12.003399665205142
12.022574425053714
12.041749184902283
12.060923944750854
12.080098704599425
12.099273464447995
12.118448224296566
12.137622984145136
12.156797743993707
12.175972503842278
12.195147263690847
12.214322023539419
12.23349678338799
12.25267154323656
12.27184630308513
12.2910210629337
12.310195822782271
12.329370582630842
12.348545342479412
12.367720102327983
12.386894862176552
12.406069622025123
12.425244381873695
12.444419141722264
12.463593901570835
12.482768661419406
12.501943421267976
12.521118181116547
12.540292940965116
12.559467700813688
12.578642460662259
12.597817220510828
12.6169919803594
12.636166740207969
12.65534150005654
12.674516259905111
12.69369101975368
12.712865779602252
12.732040539450823
12.751215299299393
12.770390059147964
12.789564818996533
12.808739578845104
12.827914338693676
12.847089098542245
12.866263858390816
12.885438618239386
12.904613378087957
12.923788137936528
12.942962897785097
12.962137657633669
12.98131241748224
13.00048717733081
13.01966193717938
13.03883669702795
13.058011456876521
13.077186216725092
13.096360976573662
13.115535736422233
13.134710496270802
13.153885256119374
13.173060015967945
13.192234775816514
13.211409535665085
13.230584295513657
13.249759055362226
13.268933815210797
13.288108575059367
13.307283334907938
13.326458094756509
13.345632854605078
13.36480761445365
13.383982374302219
13.40315713415079
13.422331893999361
13.44150665384793
13.460681413696502
13.479856173545073
13.499030933393643
13.518205693242214
13.537380453090783
13.556555212939355
13.575729972787926
13.594904732636495
13.614079492485066
13.633254252333636
13.652429012182207
13.671603772030778
13.690778531879348
13.709953291727919
13.72912805157649
13.74830281142506
13.76747757127363
13.7866523311222
13.805827090970771
13.825001850819342
13.844176610667912
13.863351370516483
13.882526130365052
13.901700890213624
13.920875650062195
13.940050409910764
13.959225169759335
13.978399929607907
13.997574689456476
14.016749449305047
14.035924209153617
14.055098969002188
14.07427372885076
14.093448488699329
14.1126232485479
14.13179800839647
14.15097276824504
14.170147528093612
14.189322287942181
14.208497047790752
14.227671807639323
14.246846567487893
14.266021327336464
14.285196087185033
14.304370847033605
14.323545606882176
14.342720366730745
14.361895126579316
14.381069886427886
14.400244646276457
14.419419406125028
14.438594165973598
14.457768925822169
14.47694368567074
14.49611844551931
14.51529320536788
14.53446796521645
14.553642725065021
14.572817484913593
14.591992244762162
14.611167004610733
14.630341764459303
14.649516524307874
14.668691284156445
14.687866044005014
14.707040803853586
14.726215563702155
14.745390323550726
14.764565083399297
14.783739843247867
14.802914603096438
14.82208936294501
14.841264122793579
14.86043888264215
14.87961364249072
14.89878840233929
14.917963162187862
14.937137922036431
14.956312681885002
14.975487441733572
14.994662201582143
15.013836961430714
15.033011721279284
15.052186481127855
15.071361240976426
15.090536000824995
15.109710760673567
15.128885520522136
15.148060280370707
15.167235040219278
15.186409800067848
15.205584559916419
15.224759319764988
15.24393407961356
15.26310883946213
15.2822835993107
15.301458359159271
15.320633119007843
15.339807878856412
15.358982638704983
15.378157398553553
15.397332158402124
15.416506918250695
15.435681678099265
15.454856437947836
15.474031197796405
15.493205957644976
15.512380717493548
15.531555477342117
15.550730237190688
15.56990499703926
15.589079756887829
15.6082545167364
15.62742927658497
15.64660403643354
15.665778796282112
15.684953556130681
15.704128315979252
15.723303075827822
15.742477835676393
15.761652595524964
15.780827355373534
15.800002115222105
15.819176875070676
15.838351634919245
15.857526394767817
15.876701154616386
15.895875914464957
15.915050674313528
15.934225434162098
15.953400194010669
15.972574953859239
15.99174971370781
16.01092447355638
16.03009923340495
16.04927399325352
16.068448753102093
16.087623512950664
16.10679827279923
16.125973032647803
16.145147792496374
16.164322552344945
16.183497312193516
16.202672072042084
16.221846831890655
16.241021591739226
16.260196351587798
16.27937111143637
16.298545871284936
16.317720631133508
16.33689539098208
16.35607015083065
16.37524491067922
16.394419670527792
16.41359443037636
16.43276919022493
16.451943950073503
16.471118709922074
16.490293469770645
16.509468229619213
16.528642989467784
16.547817749316355
16.566992509164926
16.586167269013497
16.605342028862065
16.624516788710636
16.643691548559207
16.66286630840778
16.68204106825635
16.701215828104917
16.72039058795349
16.73956534780206
16.75874010765063
16.777914867499202
16.79708962734777
16.81626438719634
16.835439147044912
16.854613906893483
16.873788666742055
16.892963426590626
16.912138186439194
16.931312946287765
16.950487706136336
16.969662465984907
16.98883722583348
17.008011985682046
17.027186745530617
17.04636150537919
17.06553626522776
17.08471102507633
17.1038857849249
17.12306054477347
17.14223530462204
17.161410064470612
17.180584824319183
17.19975958416775
17.218934344016322
17.238109103864893
17.257283863713464
17.276458623562036
17.295633383410603
17.314808143259174
17.333982903107746
17.353157662956317
17.372332422804888
17.39150718265346
17.410681942502027
17.429856702350598
17.44903146219917
17.46820622204774
17.48738098189631
17.50655574174488
17.52573050159345
17.544905261442022
17.564080021290593
17.583254781139164
17.602429540987732
17.621604300836303
17.640779060684874
17.659953820533445
17.679128580382017
17.698303340230584
17.717478100079155
17.736652859927727
17.755827619776298
17.77500237962487
17.794177139473437
17.813351899322008
17.83252665917058
17.85170141901915
17.87087617886772
17.890050938716293
17.90922569856486
17.92840045841343
17.947575218262003
17.966749978110574
17.985924737959145
18.005099497807713
18.024274257656284
18.043449017504855
18.062623777353426
18.081798537201998
18.100973297050565
18.120148056899136
18.139322816747708
18.15849757659628
18.17767233644485
18.196847096293418
18.21602185614199
18.23519661599056
18.25437137583913
18.273546135687702
18.29272089553627
18.31189565538484
18.331070415233413
18.350245175081984
18.369419934930555
18.388594694779126
18.407769454627694
18.426944214476265
18.446118974324836
18.465293734173407
18.48446849402198
18.503643253870546
18.522818013719117
18.54199277356769
18.56116753341626
18.58034229326483
18.5995170531134
18.61869181296197
18.63786657281054
18.657041332659112
18.676216092507683
18.69539085235625
18.714565612204822
18.733740372053393
18.752915131901965
18.772089891750536
18.791264651599104
18.810439411447675
18.829614171296246
18.848788931144817
18.86796369099339
18.88713845084196
18.906313210690527
18.9254879705391
18.94466273038767
18.96383749023624
18.983012250084812
19.00218700993338
19.02136176978195
19.040536529630522
19.059711289479093
19.078886049327664
19.098060809176232
19.117235569024803
19.136410328873374
19.155585088721946
19.174759848570517
19.193934608419084
19.213109368267656
19.232284128116227
19.251458887964798
19.27063364781337
19.289808407661937
19.308983167510508
19.32815792735908
19.34733268720765
19.36650744705622
19.385682206904793
19.40485696675336
19.424031726601932
19.443206486450503
19.462381246299074
19.481556006147645
19.500730765996213
19.519905525844784
19.539080285693355
19.558255045541927
19.577429805390498
19.596604565239065
19.615779325087637
19.634954084936208
