1848 Out of 2592 QH, Third, Fourth Freq in rad/ps and Lifetimes in ps for a 6x6x6 Ar Lattice at 10K. (atoms/UC=4)
10.9725	-0.125172	0.296369	5.61262
10.9725	-0.125172	0.296369	5.61262
10.9725	-0.125172	0.296369	5.61262
10.9725	-0.125172	0.296369	5.61262
5.00086	-0.0557276	0.119046	20.2815
5.00086	-0.0557276	0.119046	20.2815
5.00086	-0.0557276	0.119046	20.2815
5.00086	-0.0557276	0.119046	20.2815
5.00086	-0.0557276	0.119046	20.2815
5.00086	-0.0557276	0.119046	20.2815
5.00086	-0.0557276	0.119046	20.2815
5.00086	-0.0557276	0.119046	20.2815
10.711	-0.130388	0.289193	7.20146
10.711	-0.130388	0.289193	7.20146
10.711	-0.130388	0.289193	7.20146
10.711	-0.130388	0.289193	7.20146
5.56422	-0.0719353	0.135469	18.5949
5.56422	-0.0719353	0.135469	18.5949
5.56422	-0.0719353	0.135469	18.5949
5.56422	-0.0719353	0.135469	18.5949
4.99942	-0.0495184	0.118913	20.5711
4.99942	-0.0495184	0.118913	20.5711
4.99942	-0.0495184	0.118913	20.5711
4.99942	-0.0495184	0.118913	20.5711
9.99744	-0.129215	0.269456	6.90373
9.99744	-0.129215	0.269456	6.90373
9.99744	-0.129215	0.269456	6.90373
9.99744	-0.129215	0.269456	6.90373
6.80442	-0.0920522	0.170599	16.0276
6.80442	-0.0920522	0.170599	16.0276
6.80442	-0.0920522	0.170599	16.0276
6.80442	-0.0920522	0.170599	16.0276
4.99652	-0.0559601	0.119131	23.6727
4.99652	-0.0559601	0.119131	23.6727
4.99652	-0.0559601	0.119131	23.6727
4.99652	-0.0559601	0.119131	23.6727
9.3595	-0.165546	0.254188	6.65349
9.3595	-0.165546	0.254188	6.65349
9.3595	-0.165546	0.254188	6.65349
9.3595	-0.165546	0.254188	6.65349
7.6766	-0.0936789	0.193377	22.1512
7.6766	-0.0936789	0.193377	22.1512
7.6766	-0.0936789	0.193377	22.1512
7.6766	-0.0936789	0.193377	22.1512
4.99507	-0.0497129	0.119024	16.8043
4.99507	-0.0497129	0.119024	16.8043
4.99507	-0.0497129	0.119024	16.8043
4.99507	-0.0497129	0.119024	16.8043
9.99744	-0.129215	0.269456	6.90373
9.99744	-0.129215	0.269456	6.90373
9.99744	-0.129215	0.269456	6.90373
9.99744	-0.129215	0.269456	6.90373
6.80442	-0.0920522	0.170599	16.0276
6.80442	-0.0920522	0.170599	16.0276
6.80442	-0.0920522	0.170599	16.0276
6.80442	-0.0920522	0.170599	16.0276
4.99652	-0.0559601	0.119131	23.6727
4.99652	-0.0559601	0.119131	23.6727
4.99652	-0.0559601	0.119131	23.6727
4.99652	-0.0559601	0.119131	23.6727
10.711	-0.130388	0.289193	7.20146
10.711	-0.130388	0.289193	7.20146
10.711	-0.130388	0.289193	7.20146
10.711	-0.130388	0.289193	7.20146
5.56422	-0.0719353	0.135469	18.5949
5.56422	-0.0719353	0.135469	18.5949
5.56422	-0.0719353	0.135469	18.5949
5.56422	-0.0719353	0.135469	18.5949
4.99942	-0.0495184	0.118913	20.5711
4.99942	-0.0495184	0.118913	20.5711
4.99942	-0.0495184	0.118913	20.5711
4.99942	-0.0495184	0.118913	20.5711
10.711	-0.130388	0.289193	7.20146
10.711	-0.130388	0.289193	7.20146
10.711	-0.130388	0.289193	7.20146
10.711	-0.130388	0.289193	7.20146
5.56422	-0.0719353	0.135469	18.5949
5.56422	-0.0719353	0.135469	18.5949
5.56422	-0.0719353	0.135469	18.5949
5.56422	-0.0719353	0.135469	18.5949
4.99942	-0.0495184	0.118913	20.5711
4.99942	-0.0495184	0.118913	20.5711
4.99942	-0.0495184	0.118913	20.5711
4.99942	-0.0495184	0.118913	20.5711
10.7164	-0.141449	0.287218	7.10284
10.7164	-0.141449	0.287218	7.10284
10.215	-0.106562	0.276977	6.96961
10.215	-0.106562	0.276977	6.96961
6.40021	-0.088507	0.158935	26.0002
6.40021	-0.088507	0.158935	26.0002
5.50588	-0.0619089	0.132267	21.97
5.50588	-0.0619089	0.132267	21.97
5.08746	-0.0611438	0.121919	15.5888
5.08746	-0.0611438	0.121919	15.5888
5.06138	-0.0584966	0.122539	16.417
5.06138	-0.0584966	0.122539	16.417
10.2289	-0.143164	0.271761	5.41537
10.2289	-0.143164	0.271761	5.41537
9.36806	-0.114405	0.255447	7.12539
9.36806	-0.114405	0.255447	7.12539
7.68266	-0.111942	0.194569	23.5417
7.68266	-0.111942	0.194569	23.5417
5.93301	-0.0698973	0.146681	18.9745
5.93301	-0.0698973	0.146681	18.9745
5.83953	-0.0650369	0.141133	22.2727
5.83953	-0.0650369	0.141133	22.2727
4.7397	-0.0549931	0.113638	15.3235
4.7397	-0.0549931	0.113638	15.3235
9.62861	-0.155237	0.255881	5.96597
9.62861	-0.155237	0.255881	5.96597
8.75632	-0.122418	0.240698	13.1232
8.75632	-0.122418	0.240698	13.1232
8.60397	-0.125544	0.218964	20.5324
8.60397	-0.125544	0.218964	20.5324
6.61381	-0.0817287	0.164648	22.2863
6.61381	-0.0817287	0.164648	22.2863
5.94446	-0.0668821	0.143965	21.6459
5.94446	-0.0668821	0.143965	21.6459
4.61479	-0.0423313	0.110246	15.0741
4.61479	-0.0423313	0.110246	15.0741
10.2289	-0.143164	0.271761	5.41537
10.2289	-0.143164	0.271761	5.41537
9.36806	-0.114405	0.255447	7.12539
9.36806	-0.114405	0.255447	7.12539
7.68266	-0.111942	0.194569	23.5417
7.68266	-0.111942	0.194569	23.5417
5.93301	-0.0698973	0.146681	18.9745
5.93301	-0.0698973	0.146681	18.9745
5.83953	-0.0650369	0.141133	22.2727
5.83953	-0.0650369	0.141133	22.2727
4.7397	-0.0549931	0.113638	15.3235
4.7397	-0.0549931	0.113638	15.3235
10.7164	-0.141449	0.287218	7.10284
10.7164	-0.141449	0.287218	7.10284
10.215	-0.106562	0.276977	6.96961
10.215	-0.106562	0.276977	6.96961
6.40021	-0.088507	0.158935	26.0002
6.40021	-0.088507	0.158935	26.0002
5.50588	-0.0619089	0.132267	21.97
5.50588	-0.0619089	0.132267	21.97
5.08746	-0.0611438	0.121919	15.5888
5.08746	-0.0611438	0.121919	15.5888
5.06138	-0.0584966	0.122539	16.417
5.06138	-0.0584966	0.122539	16.417
9.99744	-0.129215	0.269456	6.90373
9.99744	-0.129215	0.269456	6.90373
9.99744	-0.129215	0.269456	6.90373
9.99744	-0.129215	0.269456	6.90373
6.80442	-0.0920522	0.170599	16.0276
6.80442	-0.0920522	0.170599	16.0276
6.80442	-0.0920522	0.170599	16.0276
6.80442	-0.0920522	0.170599	16.0276
4.99652	-0.0559601	0.119131	23.6727
4.99652	-0.0559601	0.119131	23.6727
4.99652	-0.0559601	0.119131	23.6727
4.99652	-0.0559601	0.119131	23.6727
10.2289	-0.143164	0.271761	5.41537
10.2289	-0.143164	0.271761	5.41537
9.36806	-0.114405	0.255447	7.12539
9.36806	-0.114405	0.255447	7.12539
7.68266	-0.111942	0.194569	23.5417
7.68266	-0.111942	0.194569	23.5417
5.93301	-0.0698973	0.146681	18.9745
5.93301	-0.0698973	0.146681	18.9745
5.83953	-0.0650369	0.141133	22.2727
5.83953	-0.0650369	0.141133	22.2727
4.7397	-0.0549931	0.113638	15.3235
4.7397	-0.0549931	0.113638	15.3235
10.0217	-0.162457	0.262709	5.4392
10.0217	-0.162457	0.262709	5.4392
8.54286	-0.133486	0.217875	24.0759
8.54286	-0.133486	0.217875	24.0759
8.50785	-0.0999726	0.234151	11.2952
8.50785	-0.0999726	0.234151	11.2952
6.6448	-0.0781098	0.163322	28.2833
6.6448	-0.0781098	0.163322	28.2833
5.25421	-0.0539701	0.127046	12.7661
5.25421	-0.0539701	0.127046	12.7661
5.20815	-0.0478404	0.128178	18.6319
5.20815	-0.0478404	0.128178	18.6319
9.56785	-0.184006	0.249484	6.73322
9.56785	-0.184006	0.249484	6.73322
9.22108	-0.151559	0.236187	11.2856
9.22108	-0.151559	0.236187	11.2856
7.96654	-0.0990371	0.221373	14.2465
7.96654	-0.0990371	0.221373	14.2465
6.95104	-0.081447	0.172024	39.5562
6.95104	-0.081447	0.172024	39.5562
5.70641	-0.0523922	0.139622	13.0249
5.70641	-0.0523922	0.139622	13.0249
4.95156	-0.0376528	0.119956	15.9561
4.95156	-0.0376528	0.119956	15.9561
10.0217	-0.162457	0.262709	5.4392
10.0217	-0.162457	0.262709	5.4392
8.54286	-0.133486	0.217875	24.0759
8.54286	-0.133486	0.217875	24.0759
8.50785	-0.0999726	0.234151	11.2952
8.50785	-0.0999726	0.234151	11.2952
6.6448	-0.0781098	0.163322	28.2833
6.6448	-0.0781098	0.163322	28.2833
5.25421	-0.0539701	0.127046	12.7661
5.25421	-0.0539701	0.127046	12.7661
5.20815	-0.0478404	0.128178	18.6319
5.20815	-0.0478404	0.128178	18.6319
10.2289	-0.143164	0.271761	5.41537
10.2289	-0.143164	0.271761	5.41537
9.36806	-0.114405	0.255447	7.12539
9.36806	-0.114405	0.255447	7.12539
7.68266	-0.111942	0.194569	23.5417
7.68266	-0.111942	0.194569	23.5417
5.93301	-0.0698973	0.146681	18.9745
5.93301	-0.0698973	0.146681	18.9745
5.83953	-0.0650369	0.141133	22.2727
5.83953	-0.0650369	0.141133	22.2727
4.7397	-0.0549931	0.113638	15.3235
4.7397	-0.0549931	0.113638	15.3235
9.3595	-0.165546	0.254188	6.65349
9.3595	-0.165546	0.254188	6.65349
9.3595	-0.165546	0.254188	6.65349
9.3595	-0.165546	0.254188	6.65349
7.6766	-0.0936789	0.193377	22.1512
7.6766	-0.0936789	0.193377	22.1512
7.6766	-0.0936789	0.193377	22.1512
7.6766	-0.0936789	0.193377	22.1512
4.99507	-0.0497129	0.119024	16.8043
4.99507	-0.0497129	0.119024	16.8043
4.99507	-0.0497129	0.119024	16.8043
4.99507	-0.0497129	0.119024	16.8043
9.62861	-0.155237	0.255881	5.96597
9.62861	-0.155237	0.255881	5.96597
8.75632	-0.122418	0.240698	13.1232
8.75632	-0.122418	0.240698	13.1232
8.60397	-0.125544	0.218964	20.5324
8.60397	-0.125544	0.218964	20.5324
6.61381	-0.0817287	0.164648	22.2863
6.61381	-0.0817287	0.164648	22.2863
5.94446	-0.0668821	0.143965	21.6459
5.94446	-0.0668821	0.143965	21.6459
4.61479	-0.0423313	0.110246	15.0741
4.61479	-0.0423313	0.110246	15.0741
9.56785	-0.184006	0.249484	6.73322
9.56785	-0.184006	0.249484	6.73322
9.22108	-0.151559	0.236187	11.2856
9.22108	-0.151559	0.236187	11.2856
7.96654	-0.0990371	0.221373	14.2465
7.96654	-0.0990371	0.221373	14.2465
6.95104	-0.081447	0.172024	39.5562
6.95104	-0.081447	0.172024	39.5562
5.70641	-0.0523922	0.139622	13.0249
5.70641	-0.0523922	0.139622	13.0249
4.95156	-0.0376528	0.119956	15.9561
4.95156	-0.0376528	0.119956	15.9561
9.43632	-0.197841	0.243143	10.4457
9.43632	-0.197841	0.243143	10.4457
9.43632	-0.197841	0.243143	10.4457
9.43632	-0.197841	0.243143	10.4457
7.48555	-0.0847105	0.210042	43.1836
7.48555	-0.0847105	0.210042	43.1836
7.43123	-0.102201	0.186734	42.5334
7.43123	-0.102201	0.186734	42.5334
5.33456	-0.0414849	0.129341	15.9011
5.33456	-0.0414849	0.129341	15.9011
5.33456	-0.0414849	0.129341	15.9011
5.33456	-0.0414849	0.129341	15.9011
9.56785	-0.184006	0.249484	6.73322
9.56785	-0.184006	0.249484	6.73322
9.22108	-0.151559	0.236187	11.2856
9.22108	-0.151559	0.236187	11.2856
7.96654	-0.0990371	0.221373	14.2465
7.96654	-0.0990371	0.221373	14.2465
6.95104	-0.081447	0.172024	39.5562
6.95104	-0.081447	0.172024	39.5562
5.70641	-0.0523922	0.139622	13.0249
5.70641	-0.0523922	0.139622	13.0249
4.95156	-0.0376528	0.119956	15.9561
4.95156	-0.0376528	0.119956	15.9561
9.62861	-0.155237	0.255881	5.96597
9.62861	-0.155237	0.255881	5.96597
8.75632	-0.122418	0.240698	13.1232
8.75632	-0.122418	0.240698	13.1232
8.60397	-0.125544	0.218964	20.5324
8.60397	-0.125544	0.218964	20.5324
6.61381	-0.0817287	0.164648	22.2863
6.61381	-0.0817287	0.164648	22.2863
5.94446	-0.0668821	0.143965	21.6459
5.94446	-0.0668821	0.143965	21.6459
4.61479	-0.0423313	0.110246	15.0741
4.61479	-0.0423313	0.110246	15.0741
9.99744	-0.129215	0.269456	6.90373
9.99744	-0.129215	0.269456	6.90373
9.99744	-0.129215	0.269456	6.90373
9.99744	-0.129215	0.269456	6.90373
6.80442	-0.0920522	0.170599	16.0276
6.80442	-0.0920522	0.170599	16.0276
6.80442	-0.0920522	0.170599	16.0276
6.80442	-0.0920522	0.170599	16.0276
4.99652	-0.0559601	0.119131	23.6727
4.99652	-0.0559601	0.119131	23.6727
4.99652	-0.0559601	0.119131	23.6727
4.99652	-0.0559601	0.119131	23.6727
10.2289	-0.143164	0.271761	5.41537
10.2289	-0.143164	0.271761	5.41537
9.36806	-0.114405	0.255447	7.12539
9.36806	-0.114405	0.255447	7.12539
7.68266	-0.111942	0.194569	23.5417
7.68266	-0.111942	0.194569	23.5417
5.93301	-0.0698973	0.146681	18.9745
5.93301	-0.0698973	0.146681	18.9745
5.83953	-0.0650369	0.141133	22.2727
5.83953	-0.0650369	0.141133	22.2727
4.7397	-0.0549931	0.113638	15.3235
4.7397	-0.0549931	0.113638	15.3235
10.0217	-0.162457	0.262709	5.4392
10.0217	-0.162457	0.262709	5.4392
8.54286	-0.133486	0.217875	24.0759
8.54286	-0.133486	0.217875	24.0759
8.50785	-0.0999726	0.234151	11.2952
8.50785	-0.0999726	0.234151	11.2952
6.6448	-0.0781098	0.163322	28.2833
6.6448	-0.0781098	0.163322	28.2833
5.25421	-0.0539701	0.127046	12.7661
5.25421	-0.0539701	0.127046	12.7661
5.20815	-0.0478404	0.128178	18.6319
5.20815	-0.0478404	0.128178	18.6319
9.56785	-0.184006	0.249484	6.73322
9.56785	-0.184006	0.249484	6.73322
9.22108	-0.151559	0.236187	11.2856
9.22108	-0.151559	0.236187	11.2856
7.96654	-0.0990371	0.221373	14.2465
7.96654	-0.0990371	0.221373	14.2465
6.95104	-0.081447	0.172024	39.5562
6.95104	-0.081447	0.172024	39.5562
5.70641	-0.0523922	0.139622	13.0249
5.70641	-0.0523922	0.139622	13.0249
4.95156	-0.0376528	0.119956	15.9561
4.95156	-0.0376528	0.119956	15.9561
10.0217	-0.162457	0.262709	5.4392
10.0217	-0.162457	0.262709	5.4392
8.54286	-0.133486	0.217875	24.0759
8.54286	-0.133486	0.217875	24.0759
8.50785	-0.0999726	0.234151	11.2952
8.50785	-0.0999726	0.234151	11.2952
6.6448	-0.0781098	0.163322	28.2833
6.6448	-0.0781098	0.163322	28.2833
5.25421	-0.0539701	0.127046	12.7661
5.25421	-0.0539701	0.127046	12.7661
5.20815	-0.0478404	0.128178	18.6319
5.20815	-0.0478404	0.128178	18.6319
10.2289	-0.143164	0.271761	5.41537
10.2289	-0.143164	0.271761	5.41537
9.36806	-0.114405	0.255447	7.12539
9.36806	-0.114405	0.255447	7.12539
7.68266	-0.111942	0.194569	23.5417
7.68266	-0.111942	0.194569	23.5417
5.93301	-0.0698973	0.146681	18.9745
5.93301	-0.0698973	0.146681	18.9745
5.83953	-0.0650369	0.141133	22.2727
5.83953	-0.0650369	0.141133	22.2727
4.7397	-0.0549931	0.113638	15.3235
4.7397	-0.0549931	0.113638	15.3235
10.711	-0.130388	0.289193	7.20146
10.711	-0.130388	0.289193	7.20146
10.711	-0.130388	0.289193	7.20146
10.711	-0.130388	0.289193	7.20146
5.56422	-0.0719353	0.135469	18.5949
5.56422	-0.0719353	0.135469	18.5949
5.56422	-0.0719353	0.135469	18.5949
5.56422	-0.0719353	0.135469	18.5949
4.99942	-0.0495184	0.118913	20.5711
4.99942	-0.0495184	0.118913	20.5711
4.99942	-0.0495184	0.118913	20.5711
4.99942	-0.0495184	0.118913	20.5711
10.7164	-0.141449	0.287218	7.10284
10.7164	-0.141449	0.287218	7.10284
10.215	-0.106562	0.276977	6.96961
10.215	-0.106562	0.276977	6.96961
6.40021	-0.088507	0.158935	26.0002
6.40021	-0.088507	0.158935	26.0002
5.50588	-0.0619089	0.132267	21.97
5.50588	-0.0619089	0.132267	21.97
5.08746	-0.0611438	0.121919	15.5888
5.08746	-0.0611438	0.121919	15.5888
5.06138	-0.0584966	0.122539	16.417
5.06138	-0.0584966	0.122539	16.417
10.2289	-0.143164	0.271761	5.41537
10.2289	-0.143164	0.271761	5.41537
9.36806	-0.114405	0.255447	7.12539
9.36806	-0.114405	0.255447	7.12539
7.68266	-0.111942	0.194569	23.5417
7.68266	-0.111942	0.194569	23.5417
5.93301	-0.0698973	0.146681	18.9745
5.93301	-0.0698973	0.146681	18.9745
5.83953	-0.0650369	0.141133	22.2727
5.83953	-0.0650369	0.141133	22.2727
4.7397	-0.0549931	0.113638	15.3235
4.7397	-0.0549931	0.113638	15.3235
9.62861	-0.155237	0.255881	5.96597
9.62861	-0.155237	0.255881	5.96597
8.75632	-0.122418	0.240698	13.1232
8.75632	-0.122418	0.240698	13.1232
8.60397	-0.125544	0.218964	20.5324
8.60397	-0.125544	0.218964	20.5324
6.61381	-0.0817287	0.164648	22.2863
6.61381	-0.0817287	0.164648	22.2863
5.94446	-0.0668821	0.143965	21.6459
5.94446	-0.0668821	0.143965	21.6459
4.61479	-0.0423313	0.110246	15.0741
4.61479	-0.0423313	0.110246	15.0741
10.2289	-0.143164	0.271761	5.41537
10.2289	-0.143164	0.271761	5.41537
9.36806	-0.114405	0.255447	7.12539
9.36806	-0.114405	0.255447	7.12539
7.68266	-0.111942	0.194569	23.5417
7.68266	-0.111942	0.194569	23.5417
5.93301	-0.0698973	0.146681	18.9745
5.93301	-0.0698973	0.146681	18.9745
5.83953	-0.0650369	0.141133	22.2727
5.83953	-0.0650369	0.141133	22.2727
4.7397	-0.0549931	0.113638	15.3235
4.7397	-0.0549931	0.113638	15.3235
10.7164	-0.141449	0.287218	7.10284
10.7164	-0.141449	0.287218	7.10284
10.215	-0.106562	0.276977	6.96961
10.215	-0.106562	0.276977	6.96961
6.40021	-0.088507	0.158935	26.0002
6.40021	-0.088507	0.158935	26.0002
5.50588	-0.0619089	0.132267	21.97
5.50588	-0.0619089	0.132267	21.97
5.08746	-0.0611438	0.121919	15.5888
5.08746	-0.0611438	0.121919	15.5888
5.06138	-0.0584966	0.122539	16.417
5.06138	-0.0584966	0.122539	16.417
10.711	-0.130388	0.289193	7.20146
10.711	-0.130388	0.289193	7.20146
10.711	-0.130388	0.289193	7.20146
10.711	-0.130388	0.289193	7.20146
5.56422	-0.0719353	0.135469	18.5949
5.56422	-0.0719353	0.135469	18.5949
5.56422	-0.0719353	0.135469	18.5949
5.56422	-0.0719353	0.135469	18.5949
4.99942	-0.0495184	0.118913	20.5711
4.99942	-0.0495184	0.118913	20.5711
4.99942	-0.0495184	0.118913	20.5711
4.99942	-0.0495184	0.118913	20.5711
10.7164	-0.141449	0.287218	7.10284
10.7164	-0.141449	0.287218	7.10284
10.215	-0.106562	0.276977	6.96961
10.215	-0.106562	0.276977	6.96961
6.40021	-0.088507	0.158935	26.0002
6.40021	-0.088507	0.158935	26.0002
5.50588	-0.0619089	0.132267	21.97
5.50588	-0.0619089	0.132267	21.97
5.08746	-0.0611438	0.121919	15.5888
5.08746	-0.0611438	0.121919	15.5888
5.06138	-0.0584966	0.122539	16.417
5.06138	-0.0584966	0.122539	16.417
10.2289	-0.143164	0.271761	5.41537
10.2289	-0.143164	0.271761	5.41537
9.36806	-0.114405	0.255447	7.12539
9.36806	-0.114405	0.255447	7.12539
7.68266	-0.111942	0.194569	23.5417
7.68266	-0.111942	0.194569	23.5417
5.93301	-0.0698973	0.146681	18.9745
5.93301	-0.0698973	0.146681	18.9745
5.83953	-0.0650369	0.141133	22.2727
5.83953	-0.0650369	0.141133	22.2727
4.7397	-0.0549931	0.113638	15.3235
4.7397	-0.0549931	0.113638	15.3235
9.62861	-0.155237	0.255881	5.96597
9.62861	-0.155237	0.255881	5.96597
8.75632	-0.122418	0.240698	13.1232
8.75632	-0.122418	0.240698	13.1232
8.60397	-0.125544	0.218964	20.5324
8.60397	-0.125544	0.218964	20.5324
6.61381	-0.0817287	0.164648	22.2863
6.61381	-0.0817287	0.164648	22.2863
5.94446	-0.0668821	0.143965	21.6459
5.94446	-0.0668821	0.143965	21.6459
4.61479	-0.0423313	0.110246	15.0741
4.61479	-0.0423313	0.110246	15.0741
10.2289	-0.143164	0.271761	5.41537
10.2289	-0.143164	0.271761	5.41537
9.36806	-0.114405	0.255447	7.12539
9.36806	-0.114405	0.255447	7.12539
7.68266	-0.111942	0.194569	23.5417
7.68266	-0.111942	0.194569	23.5417
5.93301	-0.0698973	0.146681	18.9745
5.93301	-0.0698973	0.146681	18.9745
5.83953	-0.0650369	0.141133	22.2727
5.83953	-0.0650369	0.141133	22.2727
4.7397	-0.0549931	0.113638	15.3235
4.7397	-0.0549931	0.113638	15.3235
10.7164	-0.141449	0.287218	7.10284
10.7164	-0.141449	0.287218	7.10284
10.215	-0.106562	0.276977	6.96961
10.215	-0.106562	0.276977	6.96961
6.40021	-0.088507	0.158935	26.0002
6.40021	-0.088507	0.158935	26.0002
5.50588	-0.0619089	0.132267	21.97
5.50588	-0.0619089	0.132267	21.97
5.08746	-0.0611438	0.121919	15.5888
5.08746	-0.0611438	0.121919	15.5888
5.06138	-0.0584966	0.122539	16.417
5.06138	-0.0584966	0.122539	16.417
10.7164	-0.141449	0.287218	7.10284
10.7164	-0.141449	0.287218	7.10284
10.215	-0.106562	0.276977	6.96961
10.215	-0.106562	0.276977	6.96961
6.40021	-0.088507	0.158935	26.0002
6.40021	-0.088507	0.158935	26.0002
5.50588	-0.0619089	0.132267	21.97
5.50588	-0.0619089	0.132267	21.97
5.08746	-0.0611438	0.121919	15.5888
5.08746	-0.0611438	0.121919	15.5888
5.06138	-0.0584966	0.122539	16.417
5.06138	-0.0584966	0.122539	16.417
10.5184	-0.115617	0.281025	7.80482
10.5184	-0.115617	0.281025	7.80482
10.5184	-0.115617	0.281025	7.80482
9.4142	-0.0999469	0.25852	10.0658
6.54233	-0.090085	0.163228	36.608
6.54233	-0.090085	0.163228	36.608
6.54233	-0.090085	0.163228	36.608
5.737	-0.0690156	0.13829	17.8168
5.737	-0.0690156	0.13829	17.8168
5.737	-0.0690156	0.13829	17.8168
4.33654	-0.066208	0.103391	15.9036
4.33654	-0.066208	0.103391	15.9036
10.2526	-0.128906	0.269811	5.43224
10.0073	-0.139439	0.267751	7.71958
10.0073	-0.139439	0.267751	7.71958
8.30306	-0.0982999	0.2304	22.6527
8.12304	-0.124061	0.207221	36.071
7.14711	-0.0889804	0.178918	35.0818
7.14711	-0.0889804	0.178918	35.0818
6.16797	-0.0669298	0.148998	20.5885
5.96542	-0.0664929	0.144902	22.6377
5.96542	-0.0664929	0.144902	22.6377
4.76569	-0.0637687	0.116476	16.4255
3.68556	-0.0514193	0.0870243	19.4863
9.62421	-0.138582	0.257952	5.44517
9.62421	-0.138582	0.257952	5.44517
9.46528	-0.169116	0.244267	9.50787
9.38386	-0.156326	0.245959	13.4072
7.63767	-0.101983	0.191335	19.491
7.63767	-0.101983	0.191335	19.491
7.54804	-0.0877924	0.211542	14.7442
6.31826	-0.0798431	0.153059	18.5846
6.00721	-0.0668337	0.146485	23.0918
6.00721	-0.0668337	0.146485	23.0918
5.39192	-0.0417474	0.132512	18.4098
3.41483	-0.0537333	0.0804508	19.1348
10.2526	-0.128906	0.269811	5.43224
10.0073	-0.139439	0.267751	7.71958
10.0073	-0.139439	0.267751	7.71958
8.30306	-0.0982999	0.2304	22.6527
8.12304	-0.124061	0.207221	36.071
7.14711	-0.0889804	0.178918	35.0818
7.14711	-0.0889804	0.178918	35.0818
6.16797	-0.0669298	0.148998	20.5885
5.96542	-0.0664929	0.144902	22.6377
5.96542	-0.0664929	0.144902	22.6377
4.76569	-0.0637687	0.116476	16.4255
3.68556	-0.0514193	0.0870243	19.4863
10.5184	-0.115617	0.281025	7.80482
10.5184	-0.115617	0.281025	7.80482
10.5184	-0.115617	0.281025	7.80482
9.4142	-0.0999469	0.25852	10.0658
6.54233	-0.090085	0.163228	36.608
6.54233	-0.090085	0.163228	36.608
6.54233	-0.090085	0.163228	36.608
5.737	-0.0690156	0.13829	17.8168
5.737	-0.0690156	0.13829	17.8168
5.737	-0.0690156	0.13829	17.8168
4.33654	-0.066208	0.103391	15.9036
4.33654	-0.066208	0.103391	15.9036
10.2289	-0.143164	0.271761	5.41537
10.2289	-0.143164	0.271761	5.41537
9.36806	-0.114405	0.255447	7.12539
9.36806	-0.114405	0.255447	7.12539
7.68266	-0.111942	0.194569	23.5417
7.68266	-0.111942	0.194569	23.5417
5.93301	-0.0698973	0.146681	18.9745
5.93301	-0.0698973	0.146681	18.9745
5.83953	-0.0650369	0.141133	22.2727
5.83953	-0.0650369	0.141133	22.2727
4.7397	-0.0549931	0.113638	15.3235
4.7397	-0.0549931	0.113638	15.3235
10.2526	-0.128906	0.269811	5.43224
10.0073	-0.139439	0.267751	7.71958
10.0073	-0.139439	0.267751	7.71958
8.30306	-0.0982999	0.2304	22.6527
8.12304	-0.124061	0.207221	36.071
7.14711	-0.0889804	0.178918	35.0818
7.14711	-0.0889804	0.178918	35.0818
6.16797	-0.0669298	0.148998	20.5885
5.96542	-0.0664929	0.144902	22.6377
5.96542	-0.0664929	0.144902	22.6377
4.76569	-0.0637687	0.116476	16.4255
3.68556	-0.0514193	0.0870243	19.4863
10.1594	-0.155536	0.2667	5.86186
10.1594	-0.155536	0.2667	5.86186
9.65996	-0.126465	0.259626	7.14853
8.31396	-0.130864	0.211289	22.4508
8.31396	-0.130864	0.211289	22.4508
7.00448	-0.0737413	0.196603	34.7729
6.78443	-0.0776193	0.168486	28.9808
6.73744	-0.0774646	0.164862	20.5369
6.73744	-0.0774646	0.164862	20.5369
6.30762	-0.067348	0.153359	20.5402
3.91764	-0.0546401	0.0942786	16.6429
3.50819	-0.0505068	0.0852362	18.3182
10.1051	-0.154618	0.265024	5.56008
10.0447	-0.186873	0.261078	5.21529
9.4622	-0.149439	0.255863	7.44019
8.91416	-0.162261	0.229247	22.2092
8.30549	-0.132812	0.209238	17.2796
7.05866	-0.0872308	0.174908	35.0124
6.98537	-0.0819659	0.171306	26.7304
6.83874	-0.0798659	0.168377	19.4425
6.33161	-0.0662417	0.15465	27.7292
6.14815	-0.0569758	0.174869	20.1784
4.27427	-0.0510184	0.104365	11.6189
3.22858	-0.0562406	0.0781818	17.4764
10.1594	-0.155536	0.2667	5.86186
10.1594	-0.155536	0.2667	5.86186
9.65996	-0.126465	0.259626	7.14853
8.31396	-0.130864	0.211289	22.4508
8.31396	-0.130864	0.211289	22.4508
7.00448	-0.0737413	0.196603	34.7729
6.78443	-0.0776193	0.168486	28.9808
6.73744	-0.0774646	0.164862	20.5369
6.73744	-0.0774646	0.164862	20.5369
6.30762	-0.067348	0.153359	20.5402
3.91764	-0.0546401	0.0942786	16.6429
3.50819	-0.0505068	0.0852362	18.3182
10.2526	-0.128906	0.269811	5.43224
10.0073	-0.139439	0.267751	7.71958
10.0073	-0.139439	0.267751	7.71958
8.30306	-0.0982999	0.2304	22.6527
8.12304	-0.124061	0.207221	36.071
7.14711	-0.0889804	0.178918	35.0818
7.14711	-0.0889804	0.178918	35.0818
6.16797	-0.0669298	0.148998	20.5885
5.96542	-0.0664929	0.144902	22.6377
5.96542	-0.0664929	0.144902	22.6377
4.76569	-0.0637687	0.116476	16.4255
3.68556	-0.0514193	0.0870243	19.4863
9.62861	-0.155237	0.255881	5.96597
9.62861	-0.155237	0.255881	5.96597
8.75632	-0.122418	0.240698	13.1232
8.75632	-0.122418	0.240698	13.1232
8.60397	-0.125544	0.218964	20.5324
8.60397	-0.125544	0.218964	20.5324
6.61381	-0.0817287	0.164648	22.2863
6.61381	-0.0817287	0.164648	22.2863
5.94446	-0.0668821	0.143965	21.6459
5.94446	-0.0668821	0.143965	21.6459
4.61479	-0.0423313	0.110246	15.0741
4.61479	-0.0423313	0.110246	15.0741
9.62421	-0.138582	0.257952	5.44517
9.62421	-0.138582	0.257952	5.44517
9.46528	-0.169116	0.244267	9.50787
9.38386	-0.156326	0.245959	13.4072
7.63767	-0.101983	0.191335	19.491
7.63767	-0.101983	0.191335	19.491
7.54804	-0.0877924	0.211542	14.7442
6.31826	-0.0798431	0.153059	18.5846
6.00721	-0.0668337	0.146485	23.0918
6.00721	-0.0668337	0.146485	23.0918
5.39192	-0.0417474	0.132512	18.4098
3.41483	-0.0537333	0.0804508	19.1348
10.1051	-0.154618	0.265024	5.56008
10.0447	-0.186873	0.261078	5.21529
9.4622	-0.149439	0.255863	7.44019
8.91416	-0.162261	0.229247	22.2092
8.30549	-0.132812	0.209238	17.2796
7.05866	-0.0872308	0.174908	35.0124
6.98537	-0.0819659	0.171306	26.7304
6.83874	-0.0798659	0.168377	19.4425
6.33161	-0.0662417	0.15465	27.7292
6.14815	-0.0569758	0.174869	20.1784
4.27427	-0.0510184	0.104365	11.6189
3.22858	-0.0562406	0.0781818	17.4764
10.2476	-0.173621	0.26648	3.68348
10.2476	-0.173621	0.26648	3.68348
9.3559	-0.146115	0.253857	8.49505
8.53658	-0.134984	0.215177	69.8545
8.53658	-0.134984	0.215177	69.8545
7.45318	-0.096639	0.18611	28.0767
7.45318	-0.096639	0.18611	28.0767
6.52071	-0.0696332	0.159151	21.5433
6.52071	-0.0696332	0.159151	21.5433
5.16771	-0.0622041	0.1518	20.7282
3.78141	-0.0448381	0.0916452	11.1788
3.78141	-0.0448381	0.0916452	11.1788
10.1051	-0.154618	0.265024	5.56008
10.0447	-0.186873	0.261078	5.21529
9.4622	-0.149439	0.255863	7.44019
8.91416	-0.162261	0.229247	22.2092
8.30549	-0.132812	0.209238	17.2796
7.05866	-0.0872308	0.174908	35.0124
6.98537	-0.0819659	0.171306	26.7304
6.83874	-0.0798659	0.168377	19.4425
6.33161	-0.0662417	0.15465	27.7292
6.14815	-0.0569758	0.174869	20.1784
4.27427	-0.0510184	0.104365	11.6189
3.22858	-0.0562406	0.0781818	17.4764
9.62421	-0.138582	0.257952	5.44517
9.62421	-0.138582	0.257952	5.44517
9.46528	-0.169116	0.244267	9.50787
9.38386	-0.156326	0.245959	13.4072
7.63767	-0.101983	0.191335	19.491
7.63767	-0.101983	0.191335	19.491
7.54804	-0.0877924	0.211542	14.7442
6.31826	-0.0798431	0.153059	18.5846
6.00721	-0.0668337	0.146485	23.0918
6.00721	-0.0668337	0.146485	23.0918
5.39192	-0.0417474	0.132512	18.4098
3.41483	-0.0537333	0.0804508	19.1348
10.2289	-0.143164	0.271761	5.41537
10.2289	-0.143164	0.271761	5.41537
9.36806	-0.114405	0.255447	7.12539
9.36806	-0.114405	0.255447	7.12539
7.68266	-0.111942	0.194569	23.5417
7.68266	-0.111942	0.194569	23.5417
5.93301	-0.0698973	0.146681	18.9745
5.93301	-0.0698973	0.146681	18.9745
5.83953	-0.0650369	0.141133	22.2727
5.83953	-0.0650369	0.141133	22.2727
4.7397	-0.0549931	0.113638	15.3235
4.7397	-0.0549931	0.113638	15.3235
10.2526	-0.128906	0.269811	5.43224
10.0073	-0.139439	0.267751	7.71958
10.0073	-0.139439	0.267751	7.71958
8.30306	-0.0982999	0.2304	22.6527
8.12304	-0.124061	0.207221	36.071
7.14711	-0.0889804	0.178918	35.0818
7.14711	-0.0889804	0.178918	35.0818
6.16797	-0.0669298	0.148998	20.5885
5.96542	-0.0664929	0.144902	22.6377
5.96542	-0.0664929	0.144902	22.6377
4.76569	-0.0637687	0.116476	16.4255
3.68556	-0.0514193	0.0870243	19.4863
10.1594	-0.155536	0.2667	5.86186
10.1594	-0.155536	0.2667	5.86186
9.65996	-0.126465	0.259626	7.14853
8.31396	-0.130864	0.211289	22.4508
8.31396	-0.130864	0.211289	22.4508
7.00448	-0.0737413	0.196603	34.7729
6.78443	-0.0776193	0.168486	28.9808
6.73744	-0.0774646	0.164862	20.5369
6.73744	-0.0774646	0.164862	20.5369
6.30762	-0.067348	0.153359	20.5402
3.91764	-0.0546401	0.0942786	16.6429
3.50819	-0.0505068	0.0852362	18.3182
10.1051	-0.154618	0.265024	5.56008
10.0447	-0.186873	0.261078	5.21529
9.4622	-0.149439	0.255863	7.44019
8.91416	-0.162261	0.229247	22.2092
8.30549	-0.132812	0.209238	17.2796
7.05866	-0.0872308	0.174908	35.0124
6.98537	-0.0819659	0.171306	26.7304
6.83874	-0.0798659	0.168377	19.4425
6.33161	-0.0662417	0.15465	27.7292
6.14815	-0.0569758	0.174869	20.1784
4.27427	-0.0510184	0.104365	11.6189
3.22858	-0.0562406	0.0781818	17.4764
10.1594	-0.155536	0.2667	5.86186
10.1594	-0.155536	0.2667	5.86186
9.65996	-0.126465	0.259626	7.14853
8.31396	-0.130864	0.211289	22.4508
8.31396	-0.130864	0.211289	22.4508
7.00448	-0.0737413	0.196603	34.7729
6.78443	-0.0776193	0.168486	28.9808
6.73744	-0.0774646	0.164862	20.5369
6.73744	-0.0774646	0.164862	20.5369
6.30762	-0.067348	0.153359	20.5402
3.91764	-0.0546401	0.0942786	16.6429
3.50819	-0.0505068	0.0852362	18.3182
10.2526	-0.128906	0.269811	5.43224
10.0073	-0.139439	0.267751	7.71958
10.0073	-0.139439	0.267751	7.71958
8.30306	-0.0982999	0.2304	22.6527
8.12304	-0.124061	0.207221	36.071
7.14711	-0.0889804	0.178918	35.0818
7.14711	-0.0889804	0.178918	35.0818
6.16797	-0.0669298	0.148998	20.5885
5.96542	-0.0664929	0.144902	22.6377
5.96542	-0.0664929	0.144902	22.6377
4.76569	-0.0637687	0.116476	16.4255
3.68556	-0.0514193	0.0870243	19.4863
10.7164	-0.141449	0.287218	7.10284
10.7164	-0.141449	0.287218	7.10284
10.215	-0.106562	0.276977	6.96961
10.215	-0.106562	0.276977	6.96961
6.40021	-0.088507	0.158935	26.0002
6.40021	-0.088507	0.158935	26.0002
5.50588	-0.0619089	0.132267	21.97
5.50588	-0.0619089	0.132267	21.97
5.08746	-0.0611438	0.121919	15.5888
5.08746	-0.0611438	0.121919	15.5888
5.06138	-0.0584966	0.122539	16.417
5.06138	-0.0584966	0.122539	16.417
10.5184	-0.115617	0.281025	7.80482
10.5184	-0.115617	0.281025	7.80482
10.5184	-0.115617	0.281025	7.80482
9.4142	-0.0999469	0.25852	10.0658
6.54233	-0.090085	0.163228	36.608
6.54233	-0.090085	0.163228	36.608
6.54233	-0.090085	0.163228	36.608
5.737	-0.0690156	0.13829	17.8168
5.737	-0.0690156	0.13829	17.8168
5.737	-0.0690156	0.13829	17.8168
4.33654	-0.066208	0.103391	15.9036
4.33654	-0.066208	0.103391	15.9036
10.2526	-0.128906	0.269811	5.43224
10.0073	-0.139439	0.267751	7.71958
10.0073	-0.139439	0.267751	7.71958
8.30306	-0.0982999	0.2304	22.6527
8.12304	-0.124061	0.207221	36.071
7.14711	-0.0889804	0.178918	35.0818
7.14711	-0.0889804	0.178918	35.0818
6.16797	-0.0669298	0.148998	20.5885
5.96542	-0.0664929	0.144902	22.6377
5.96542	-0.0664929	0.144902	22.6377
4.76569	-0.0637687	0.116476	16.4255
3.68556	-0.0514193	0.0870243	19.4863
9.62421	-0.138582	0.257952	5.44517
9.62421	-0.138582	0.257952	5.44517
9.46528	-0.169116	0.244267	9.50787
9.38386	-0.156326	0.245959	13.4072
7.63767	-0.101983	0.191335	19.491
7.63767	-0.101983	0.191335	19.491
7.54804	-0.0877924	0.211542	14.7442
6.31826	-0.0798431	0.153059	18.5846
6.00721	-0.0668337	0.146485	23.0918
6.00721	-0.0668337	0.146485	23.0918
5.39192	-0.0417474	0.132512	18.4098
3.41483	-0.0537333	0.0804508	19.1348
10.2526	-0.128906	0.269811	5.43224
10.0073	-0.139439	0.267751	7.71958
10.0073	-0.139439	0.267751	7.71958
8.30306	-0.0982999	0.2304	22.6527
8.12304	-0.124061	0.207221	36.071
7.14711	-0.0889804	0.178918	35.0818
7.14711	-0.0889804	0.178918	35.0818
6.16797	-0.0669298	0.148998	20.5885
5.96542	-0.0664929	0.144902	22.6377
5.96542	-0.0664929	0.144902	22.6377
4.76569	-0.0637687	0.116476	16.4255
3.68556	-0.0514193	0.0870243	19.4863
10.5184	-0.115617	0.281025	7.80482
10.5184	-0.115617	0.281025	7.80482
10.5184	-0.115617	0.281025	7.80482
9.4142	-0.0999469	0.25852	10.0658
6.54233	-0.090085	0.163228	36.608
6.54233	-0.090085	0.163228	36.608
6.54233	-0.090085	0.163228	36.608
5.737	-0.0690156	0.13829	17.8168
5.737	-0.0690156	0.13829	17.8168
5.737	-0.0690156	0.13829	17.8168
4.33654	-0.066208	0.103391	15.9036
4.33654	-0.066208	0.103391	15.9036
9.99744	-0.129215	0.269456	6.90373
9.99744	-0.129215	0.269456	6.90373
9.99744	-0.129215	0.269456	6.90373
9.99744	-0.129215	0.269456	6.90373
6.80442	-0.0920522	0.170599	16.0276
6.80442	-0.0920522	0.170599	16.0276
6.80442	-0.0920522	0.170599	16.0276
6.80442	-0.0920522	0.170599	16.0276
4.99652	-0.0559601	0.119131	23.6727
4.99652	-0.0559601	0.119131	23.6727
4.99652	-0.0559601	0.119131	23.6727
4.99652	-0.0559601	0.119131	23.6727
10.2289	-0.143164	0.271761	5.41537
10.2289	-0.143164	0.271761	5.41537
9.36806	-0.114405	0.255447	7.12539
9.36806	-0.114405	0.255447	7.12539
7.68266	-0.111942	0.194569	23.5417
7.68266	-0.111942	0.194569	23.5417
5.93301	-0.0698973	0.146681	18.9745
5.93301	-0.0698973	0.146681	18.9745
5.83953	-0.0650369	0.141133	22.2727
5.83953	-0.0650369	0.141133	22.2727
4.7397	-0.0549931	0.113638	15.3235
4.7397	-0.0549931	0.113638	15.3235
10.0217	-0.162457	0.262709	5.4392
10.0217	-0.162457	0.262709	5.4392
8.54286	-0.133486	0.217875	24.0759
8.54286	-0.133486	0.217875	24.0759
8.50785	-0.0999726	0.234151	11.2952
8.50785	-0.0999726	0.234151	11.2952
6.6448	-0.0781098	0.163322	28.2833
6.6448	-0.0781098	0.163322	28.2833
5.25421	-0.0539701	0.127046	12.7661
5.25421	-0.0539701	0.127046	12.7661
5.20815	-0.0478404	0.128178	18.6319
5.20815	-0.0478404	0.128178	18.6319
9.56785	-0.184006	0.249484	6.73322
9.56785	-0.184006	0.249484	6.73322
9.22108	-0.151559	0.236187	11.2856
9.22108	-0.151559	0.236187	11.2856
7.96654	-0.0990371	0.221373	14.2465
7.96654	-0.0990371	0.221373	14.2465
6.95104	-0.081447	0.172024	39.5562
6.95104	-0.081447	0.172024	39.5562
5.70641	-0.0523922	0.139622	13.0249
5.70641	-0.0523922	0.139622	13.0249
4.95156	-0.0376528	0.119956	15.9561
4.95156	-0.0376528	0.119956	15.9561
10.0217	-0.162457	0.262709	5.4392
10.0217	-0.162457	0.262709	5.4392
8.54286	-0.133486	0.217875	24.0759
8.54286	-0.133486	0.217875	24.0759
8.50785	-0.0999726	0.234151	11.2952
8.50785	-0.0999726	0.234151	11.2952
6.6448	-0.0781098	0.163322	28.2833
6.6448	-0.0781098	0.163322	28.2833
5.25421	-0.0539701	0.127046	12.7661
5.25421	-0.0539701	0.127046	12.7661
5.20815	-0.0478404	0.128178	18.6319
5.20815	-0.0478404	0.128178	18.6319
10.2289	-0.143164	0.271761	5.41537
10.2289	-0.143164	0.271761	5.41537
9.36806	-0.114405	0.255447	7.12539
9.36806	-0.114405	0.255447	7.12539
7.68266	-0.111942	0.194569	23.5417
7.68266	-0.111942	0.194569	23.5417
5.93301	-0.0698973	0.146681	18.9745
5.93301	-0.0698973	0.146681	18.9745
5.83953	-0.0650369	0.141133	22.2727
5.83953	-0.0650369	0.141133	22.2727
4.7397	-0.0549931	0.113638	15.3235
4.7397	-0.0549931	0.113638	15.3235
10.2289	-0.143164	0.271761	5.41537
10.2289	-0.143164	0.271761	5.41537
9.36806	-0.114405	0.255447	7.12539
9.36806	-0.114405	0.255447	7.12539
7.68266	-0.111942	0.194569	23.5417
7.68266	-0.111942	0.194569	23.5417
5.93301	-0.0698973	0.146681	18.9745
5.93301	-0.0698973	0.146681	18.9745
5.83953	-0.0650369	0.141133	22.2727
5.83953	-0.0650369	0.141133	22.2727
4.7397	-0.0549931	0.113638	15.3235
4.7397	-0.0549931	0.113638	15.3235
10.2526	-0.128906	0.269811	5.43224
10.0073	-0.139439	0.267751	7.71958
10.0073	-0.139439	0.267751	7.71958
8.30306	-0.0982999	0.2304	22.6527
8.12304	-0.124061	0.207221	36.071
7.14711	-0.0889804	0.178918	35.0818
7.14711	-0.0889804	0.178918	35.0818
6.16797	-0.0669298	0.148998	20.5885
5.96542	-0.0664929	0.144902	22.6377
5.96542	-0.0664929	0.144902	22.6377
4.76569	-0.0637687	0.116476	16.4255
3.68556	-0.0514193	0.0870243	19.4863
10.1594	-0.155536	0.2667	5.86186
10.1594	-0.155536	0.2667	5.86186
9.65996	-0.126465	0.259626	7.14853
8.31396	-0.130864	0.211289	22.4508
8.31396	-0.130864	0.211289	22.4508
7.00448	-0.0737413	0.196603	34.7729
6.78443	-0.0776193	0.168486	28.9808
6.73744	-0.0774646	0.164862	20.5369
6.73744	-0.0774646	0.164862	20.5369
6.30762	-0.067348	0.153359	20.5402
3.91764	-0.0546401	0.0942786	16.6429
3.50819	-0.0505068	0.0852362	18.3182
10.1051	-0.154618	0.265024	5.56008
10.0447	-0.186873	0.261078	5.21529
9.4622	-0.149439	0.255863	7.44019
8.91416	-0.162261	0.229247	22.2092
8.30549	-0.132812	0.209238	17.2796
7.05866	-0.0872308	0.174908	35.0124
6.98537	-0.0819659	0.171306	26.7304
6.83874	-0.0798659	0.168377	19.4425
6.33161	-0.0662417	0.15465	27.7292
6.14815	-0.0569758	0.174869	20.1784
4.27427	-0.0510184	0.104365	11.6189
3.22858	-0.0562406	0.0781818	17.4764
10.1594	-0.155536	0.2667	5.86186
10.1594	-0.155536	0.2667	5.86186
9.65996	-0.126465	0.259626	7.14853
8.31396	-0.130864	0.211289	22.4508
8.31396	-0.130864	0.211289	22.4508
7.00448	-0.0737413	0.196603	34.7729
6.78443	-0.0776193	0.168486	28.9808
6.73744	-0.0774646	0.164862	20.5369
6.73744	-0.0774646	0.164862	20.5369
6.30762	-0.067348	0.153359	20.5402
3.91764	-0.0546401	0.0942786	16.6429
3.50819	-0.0505068	0.0852362	18.3182
10.2526	-0.128906	0.269811	5.43224
10.0073	-0.139439	0.267751	7.71958
10.0073	-0.139439	0.267751	7.71958
8.30306	-0.0982999	0.2304	22.6527
8.12304	-0.124061	0.207221	36.071
7.14711	-0.0889804	0.178918	35.0818
7.14711	-0.0889804	0.178918	35.0818
6.16797	-0.0669298	0.148998	20.5885
5.96542	-0.0664929	0.144902	22.6377
5.96542	-0.0664929	0.144902	22.6377
4.76569	-0.0637687	0.116476	16.4255
3.68556	-0.0514193	0.0870243	19.4863
10.0217	-0.162457	0.262709	5.4392
10.0217	-0.162457	0.262709	5.4392
8.54286	-0.133486	0.217875	24.0759
8.54286	-0.133486	0.217875	24.0759
8.50785	-0.0999726	0.234151	11.2952
8.50785	-0.0999726	0.234151	11.2952
6.6448	-0.0781098	0.163322	28.2833
6.6448	-0.0781098	0.163322	28.2833
5.25421	-0.0539701	0.127046	12.7661
5.25421	-0.0539701	0.127046	12.7661
5.20815	-0.0478404	0.128178	18.6319
5.20815	-0.0478404	0.128178	18.6319
10.1594	-0.155536	0.2667	5.86186
10.1594	-0.155536	0.2667	5.86186
9.65996	-0.126465	0.259626	7.14853
8.31396	-0.130864	0.211289	22.4508
8.31396	-0.130864	0.211289	22.4508
7.00448	-0.0737413	0.196603	34.7729
6.78443	-0.0776193	0.168486	28.9808
6.73744	-0.0774646	0.164862	20.5369
6.73744	-0.0774646	0.164862	20.5369
6.30762	-0.067348	0.153359	20.5402
3.91764	-0.0546401	0.0942786	16.6429
3.50819	-0.0505068	0.0852362	18.3182
10.3668	-0.154102	0.273162	5.401
10.3668	-0.154102	0.273162	5.401
10.3668	-0.154102	0.273162	5.401
7.8681	-0.115459	0.197426	24.8329
7.8681	-0.115459	0.197426	24.8329
7.8681	-0.115459	0.197426	24.8329
6.97666	-0.074688	0.170063	23.165
6.97666	-0.074688	0.170063	23.165
6.97666	-0.074688	0.170063	23.165
5.33193	-0.0502961	0.151494	16.1031
2.51024	-0.0473816	0.0597543	25.2589
2.51024	-0.0473816	0.0597543	25.2589
10.6011	-0.156503	0.276645	3.04383
10.4508	-0.154991	0.275916	4.90596
10.4508	-0.154991	0.275916	4.90596
8.25465	-0.129763	0.208175	32.1777
7.5587	-0.088882	0.186524	27.5479
7.5587	-0.088882	0.186524	27.5479
7.20586	-0.0798774	0.175847	39.357
7.20121	-0.0816227	0.176983	46.6913
7.20121	-0.0816227	0.176983	46.6913
4.18991	-0.0591783	0.121695	13.6219
2.7797	-0.0553759	0.0679856	18.4206
1.72374	-0.0336614	0.0400774	57.8494
10.3668	-0.154102	0.273162	5.401
10.3668	-0.154102	0.273162	5.401
10.3668	-0.154102	0.273162	5.401
7.8681	-0.115459	0.197426	24.8329
7.8681	-0.115459	0.197426	24.8329
7.8681	-0.115459	0.197426	24.8329
6.97666	-0.074688	0.170063	23.165
6.97666	-0.074688	0.170063	23.165
6.97666	-0.074688	0.170063	23.165
5.33193	-0.0502961	0.151494	16.1031
2.51024	-0.0473816	0.0597543	25.2589
2.51024	-0.0473816	0.0597543	25.2589
10.1594	-0.155536	0.2667	5.86186
10.1594	-0.155536	0.2667	5.86186
9.65996	-0.126465	0.259626	7.14853
8.31396	-0.130864	0.211289	22.4508
8.31396	-0.130864	0.211289	22.4508
7.00448	-0.0737413	0.196603	34.7729
6.78443	-0.0776193	0.168486	28.9808
6.73744	-0.0774646	0.164862	20.5369
6.73744	-0.0774646	0.164862	20.5369
6.30762	-0.067348	0.153359	20.5402
3.91764	-0.0546401	0.0942786	16.6429
3.50819	-0.0505068	0.0852362	18.3182
9.56785	-0.184006	0.249484	6.73322
9.56785	-0.184006	0.249484	6.73322
9.22108	-0.151559	0.236187	11.2856
9.22108	-0.151559	0.236187	11.2856
7.96654	-0.0990371	0.221373	14.2465
7.96654	-0.0990371	0.221373	14.2465
6.95104	-0.081447	0.172024	39.5562
6.95104	-0.081447	0.172024	39.5562
5.70641	-0.0523922	0.139622	13.0249
5.70641	-0.0523922	0.139622	13.0249
4.95156	-0.0376528	0.119956	15.9561
4.95156	-0.0376528	0.119956	15.9561
10.1051	-0.154618	0.265024	5.56008
10.0447	-0.186873	0.261078	5.21529
9.4622	-0.149439	0.255863	7.44019
8.91416	-0.162261	0.229247	22.2092
8.30549	-0.132812	0.209238	17.2796
7.05866	-0.0872308	0.174908	35.0124
6.98537	-0.0819659	0.171306	26.7304
6.83874	-0.0798659	0.168377	19.4425
6.33161	-0.0662417	0.15465	27.7292
6.14815	-0.0569758	0.174869	20.1784
4.27427	-0.0510184	0.104365	11.6189
3.22858	-0.0562406	0.0781818	17.4764
10.6011	-0.156503	0.276645	3.04383
10.4508	-0.154991	0.275916	4.90596
10.4508	-0.154991	0.275916	4.90596
8.25465	-0.129763	0.208175	32.1777
7.5587	-0.088882	0.186524	27.5479
7.5587	-0.088882	0.186524	27.5479
7.20586	-0.0798774	0.175847	39.357
7.20121	-0.0816227	0.176983	46.6913
7.20121	-0.0816227	0.176983	46.6913
4.18991	-0.0591783	0.121695	13.6219
2.7797	-0.0553759	0.0679856	18.4206
1.72374	-0.0336614	0.0400774	57.8494
10.7962	-0.119892	0.281565	2.77169
10.7962	-0.119892	0.281565	2.77169
10.5692	-0.19167	0.280677	3.60377
7.80541	-0.100371	0.192934	42.6253
7.80541	-0.100371	0.192934	42.6253
7.49688	-0.0927171	0.184835	40.1222
7.49688	-0.0927171	0.184835	40.1222
7.26488	-0.0781981	0.177686	37.972
7.26488	-0.0781981	0.177686	37.972
2.6216	-0.039591	0.0802096	58.0945
1.96156	-0.0390838	0.0477174	44.9552
1.96156	-0.0390838	0.0477174	44.9552
10.6011	-0.156503	0.276645	3.04383
10.4508	-0.154991	0.275916	4.90596
10.4508	-0.154991	0.275916	4.90596
8.25465	-0.129763	0.208175	32.1777
7.5587	-0.088882	0.186524	27.5479
7.5587	-0.088882	0.186524	27.5479
7.20586	-0.0798774	0.175847	39.357
7.20121	-0.0816227	0.176983	46.6913
7.20121	-0.0816227	0.176983	46.6913
4.18991	-0.0591783	0.121695	13.6219
2.7797	-0.0553759	0.0679856	18.4206
1.72374	-0.0336614	0.0400774	57.8494
10.1051	-0.154618	0.265024	5.56008
10.0447	-0.186873	0.261078	5.21529
9.4622	-0.149439	0.255863	7.44019
8.91416	-0.162261	0.229247	22.2092
8.30549	-0.132812	0.209238	17.2796
7.05866	-0.0872308	0.174908	35.0124
6.98537	-0.0819659	0.171306	26.7304
6.83874	-0.0798659	0.168377	19.4425
6.33161	-0.0662417	0.15465	27.7292
6.14815	-0.0569758	0.174869	20.1784
4.27427	-0.0510184	0.104365	11.6189
3.22858	-0.0562406	0.0781818	17.4764
10.0217	-0.162457	0.262709	5.4392
10.0217	-0.162457	0.262709	5.4392
8.54286	-0.133486	0.217875	24.0759
8.54286	-0.133486	0.217875	24.0759
8.50785	-0.0999726	0.234151	11.2952
8.50785	-0.0999726	0.234151	11.2952
6.6448	-0.0781098	0.163322	28.2833
6.6448	-0.0781098	0.163322	28.2833
5.25421	-0.0539701	0.127046	12.7661
5.25421	-0.0539701	0.127046	12.7661
5.20815	-0.0478404	0.128178	18.6319
5.20815	-0.0478404	0.128178	18.6319
10.1594	-0.155536	0.2667	5.86186
10.1594	-0.155536	0.2667	5.86186
9.65996	-0.126465	0.259626	7.14853
8.31396	-0.130864	0.211289	22.4508
8.31396	-0.130864	0.211289	22.4508
7.00448	-0.0737413	0.196603	34.7729
6.78443	-0.0776193	0.168486	28.9808
6.73744	-0.0774646	0.164862	20.5369
6.73744	-0.0774646	0.164862	20.5369
6.30762	-0.067348	0.153359	20.5402
3.91764	-0.0546401	0.0942786	16.6429
3.50819	-0.0505068	0.0852362	18.3182
10.3668	-0.154102	0.273162	5.401
10.3668	-0.154102	0.273162	5.401
10.3668	-0.154102	0.273162	5.401
7.8681	-0.115459	0.197426	24.8329
7.8681	-0.115459	0.197426	24.8329
7.8681	-0.115459	0.197426	24.8329
6.97666	-0.074688	0.170063	23.165
6.97666	-0.074688	0.170063	23.165
6.97666	-0.074688	0.170063	23.165
5.33193	-0.0502961	0.151494	16.1031
2.51024	-0.0473816	0.0597543	25.2589
2.51024	-0.0473816	0.0597543	25.2589
10.6011	-0.156503	0.276645	3.04383
10.4508	-0.154991	0.275916	4.90596
10.4508	-0.154991	0.275916	4.90596
8.25465	-0.129763	0.208175	32.1777
7.5587	-0.088882	0.186524	27.5479
7.5587	-0.088882	0.186524	27.5479
7.20586	-0.0798774	0.175847	39.357
7.20121	-0.0816227	0.176983	46.6913
7.20121	-0.0816227	0.176983	46.6913
4.18991	-0.0591783	0.121695	13.6219
2.7797	-0.0553759	0.0679856	18.4206
1.72374	-0.0336614	0.0400774	57.8494
10.3668	-0.154102	0.273162	5.401
10.3668	-0.154102	0.273162	5.401
10.3668	-0.154102	0.273162	5.401
7.8681	-0.115459	0.197426	24.8329
7.8681	-0.115459	0.197426	24.8329
7.8681	-0.115459	0.197426	24.8329
6.97666	-0.074688	0.170063	23.165
6.97666	-0.074688	0.170063	23.165
6.97666	-0.074688	0.170063	23.165
5.33193	-0.0502961	0.151494	16.1031
2.51024	-0.0473816	0.0597543	25.2589
2.51024	-0.0473816	0.0597543	25.2589
10.1594	-0.155536	0.2667	5.86186
10.1594	-0.155536	0.2667	5.86186
9.65996	-0.126465	0.259626	7.14853
8.31396	-0.130864	0.211289	22.4508
8.31396	-0.130864	0.211289	22.4508
7.00448	-0.0737413	0.196603	34.7729
6.78443	-0.0776193	0.168486	28.9808
6.73744	-0.0774646	0.164862	20.5369
6.73744	-0.0774646	0.164862	20.5369
6.30762	-0.067348	0.153359	20.5402
3.91764	-0.0546401	0.0942786	16.6429
3.50819	-0.0505068	0.0852362	18.3182
10.2289	-0.143164	0.271761	5.41537
10.2289	-0.143164	0.271761	5.41537
9.36806	-0.114405	0.255447	7.12539
9.36806	-0.114405	0.255447	7.12539
7.68266	-0.111942	0.194569	23.5417
7.68266	-0.111942	0.194569	23.5417
5.93301	-0.0698973	0.146681	18.9745
5.93301	-0.0698973	0.146681	18.9745
5.83953	-0.0650369	0.141133	22.2727
5.83953	-0.0650369	0.141133	22.2727
4.7397	-0.0549931	0.113638	15.3235
4.7397	-0.0549931	0.113638	15.3235
10.2526	-0.128906	0.269811	5.43224
10.0073	-0.139439	0.267751	7.71958
10.0073	-0.139439	0.267751	7.71958
8.30306	-0.0982999	0.2304	22.6527
8.12304	-0.124061	0.207221	36.071
7.14711	-0.0889804	0.178918	35.0818
7.14711	-0.0889804	0.178918	35.0818
6.16797	-0.0669298	0.148998	20.5885
5.96542	-0.0664929	0.144902	22.6377
5.96542	-0.0664929	0.144902	22.6377
4.76569	-0.0637687	0.116476	16.4255
3.68556	-0.0514193	0.0870243	19.4863
10.1594	-0.155536	0.2667	5.86186
10.1594	-0.155536	0.2667	5.86186
9.65996	-0.126465	0.259626	7.14853
8.31396	-0.130864	0.211289	22.4508
8.31396	-0.130864	0.211289	22.4508
7.00448	-0.0737413	0.196603	34.7729
6.78443	-0.0776193	0.168486	28.9808
6.73744	-0.0774646	0.164862	20.5369
6.73744	-0.0774646	0.164862	20.5369
6.30762	-0.067348	0.153359	20.5402
3.91764	-0.0546401	0.0942786	16.6429
3.50819	-0.0505068	0.0852362	18.3182
10.1051	-0.154618	0.265024	5.56008
10.0447	-0.186873	0.261078	5.21529
9.4622	-0.149439	0.255863	7.44019
8.91416	-0.162261	0.229247	22.2092
8.30549	-0.132812	0.209238	17.2796
7.05866	-0.0872308	0.174908	35.0124
6.98537	-0.0819659	0.171306	26.7304
6.83874	-0.0798659	0.168377	19.4425
6.33161	-0.0662417	0.15465	27.7292
6.14815	-0.0569758	0.174869	20.1784
4.27427	-0.0510184	0.104365	11.6189
3.22858	-0.0562406	0.0781818	17.4764
10.1594	-0.155536	0.2667	5.86186
10.1594	-0.155536	0.2667	5.86186
9.65996	-0.126465	0.259626	7.14853
8.31396	-0.130864	0.211289	22.4508
8.31396	-0.130864	0.211289	22.4508
7.00448	-0.0737413	0.196603	34.7729
6.78443	-0.0776193	0.168486	28.9808
6.73744	-0.0774646	0.164862	20.5369
6.73744	-0.0774646	0.164862	20.5369
6.30762	-0.067348	0.153359	20.5402
3.91764	-0.0546401	0.0942786	16.6429
3.50819	-0.0505068	0.0852362	18.3182
10.2526	-0.128906	0.269811	5.43224
10.0073	-0.139439	0.267751	7.71958
10.0073	-0.139439	0.267751	7.71958
8.30306	-0.0982999	0.2304	22.6527
8.12304	-0.124061	0.207221	36.071
7.14711	-0.0889804	0.178918	35.0818
7.14711	-0.0889804	0.178918	35.0818
6.16797	-0.0669298	0.148998	20.5885
5.96542	-0.0664929	0.144902	22.6377
5.96542	-0.0664929	0.144902	22.6377
4.76569	-0.0637687	0.116476	16.4255
3.68556	-0.0514193	0.0870243	19.4863
9.3595	-0.165546	0.254188	6.65349
9.3595	-0.165546	0.254188	6.65349
9.3595	-0.165546	0.254188	6.65349
9.3595	-0.165546	0.254188	6.65349
7.6766	-0.0936789	0.193377	22.1512
7.6766	-0.0936789	0.193377	22.1512
7.6766	-0.0936789	0.193377	22.1512
7.6766	-0.0936789	0.193377	22.1512
4.99507	-0.0497129	0.119024	16.8043
4.99507	-0.0497129	0.119024	16.8043
4.99507	-0.0497129	0.119024	16.8043
4.99507	-0.0497129	0.119024	16.8043
9.62861	-0.155237	0.255881	5.96597
9.62861	-0.155237	0.255881	5.96597
8.75632	-0.122418	0.240698	13.1232
8.75632	-0.122418	0.240698	13.1232
8.60397	-0.125544	0.218964	20.5324
8.60397	-0.125544	0.218964	20.5324
6.61381	-0.0817287	0.164648	22.2863
6.61381	-0.0817287	0.164648	22.2863
5.94446	-0.0668821	0.143965	21.6459
5.94446	-0.0668821	0.143965	21.6459
4.61479	-0.0423313	0.110246	15.0741
4.61479	-0.0423313	0.110246	15.0741
9.56785	-0.184006	0.249484	6.73322
9.56785	-0.184006	0.249484	6.73322
9.22108	-0.151559	0.236187	11.2856
9.22108	-0.151559	0.236187	11.2856
7.96654	-0.0990371	0.221373	14.2465
7.96654	-0.0990371	0.221373	14.2465
6.95104	-0.081447	0.172024	39.5562
6.95104	-0.081447	0.172024	39.5562
5.70641	-0.0523922	0.139622	13.0249
5.70641	-0.0523922	0.139622	13.0249
4.95156	-0.0376528	0.119956	15.9561
4.95156	-0.0376528	0.119956	15.9561
9.43632	-0.197841	0.243143	10.4457
9.43632	-0.197841	0.243143	10.4457
9.43632	-0.197841	0.243143	10.4457
9.43632	-0.197841	0.243143	10.4457
7.48555	-0.0847105	0.210042	43.1836
7.48555	-0.0847105	0.210042	43.1836
7.43123	-0.102201	0.186734	42.5334
7.43123	-0.102201	0.186734	42.5334
5.33456	-0.0414849	0.129341	15.9011
5.33456	-0.0414849	0.129341	15.9011
5.33456	-0.0414849	0.129341	15.9011
5.33456	-0.0414849	0.129341	15.9011
9.56785	-0.184006	0.249484	6.73322
9.56785	-0.184006	0.249484	6.73322
9.22108	-0.151559	0.236187	11.2856
9.22108	-0.151559	0.236187	11.2856
7.96654	-0.0990371	0.221373	14.2465
7.96654	-0.0990371	0.221373	14.2465
6.95104	-0.081447	0.172024	39.5562
6.95104	-0.081447	0.172024	39.5562
5.70641	-0.0523922	0.139622	13.0249
5.70641	-0.0523922	0.139622	13.0249
4.95156	-0.0376528	0.119956	15.9561
4.95156	-0.0376528	0.119956	15.9561
9.62861	-0.155237	0.255881	5.96597
9.62861	-0.155237	0.255881	5.96597
8.75632	-0.122418	0.240698	13.1232
8.75632	-0.122418	0.240698	13.1232
8.60397	-0.125544	0.218964	20.5324
8.60397	-0.125544	0.218964	20.5324
6.61381	-0.0817287	0.164648	22.2863
6.61381	-0.0817287	0.164648	22.2863
5.94446	-0.0668821	0.143965	21.6459
5.94446	-0.0668821	0.143965	21.6459
4.61479	-0.0423313	0.110246	15.0741
4.61479	-0.0423313	0.110246	15.0741
9.62861	-0.155237	0.255881	5.96597
9.62861	-0.155237	0.255881	5.96597
8.75632	-0.122418	0.240698	13.1232
8.75632	-0.122418	0.240698	13.1232
8.60397	-0.125544	0.218964	20.5324
8.60397	-0.125544	0.218964	20.5324
6.61381	-0.0817287	0.164648	22.2863
6.61381	-0.0817287	0.164648	22.2863
5.94446	-0.0668821	0.143965	21.6459
5.94446	-0.0668821	0.143965	21.6459
4.61479	-0.0423313	0.110246	15.0741
4.61479	-0.0423313	0.110246	15.0741
9.62421	-0.138582	0.257952	5.44517
9.62421	-0.138582	0.257952	5.44517
9.46528	-0.169116	0.244267	9.50787
9.38386	-0.156326	0.245959	13.4072
7.63767	-0.101983	0.191335	19.491
7.63767	-0.101983	0.191335	19.491
7.54804	-0.0877924	0.211542	14.7442
6.31826	-0.0798431	0.153059	18.5846
6.00721	-0.0668337	0.146485	23.0918
6.00721	-0.0668337	0.146485	23.0918
5.39192	-0.0417474	0.132512	18.4098
3.41483	-0.0537333	0.0804508	19.1348
10.1051	-0.154618	0.265024	5.56008
10.0447	-0.186873	0.261078	5.21529
9.4622	-0.149439	0.255863	7.44019
8.91416	-0.162261	0.229247	22.2092
8.30549	-0.132812	0.209238	17.2796
7.05866	-0.0872308	0.174908	35.0124
6.98537	-0.0819659	0.171306	26.7304
6.83874	-0.0798659	0.168377	19.4425
6.33161	-0.0662417	0.15465	27.7292
6.14815	-0.0569758	0.174869	20.1784
4.27427	-0.0510184	0.104365	11.6189
3.22858	-0.0562406	0.0781818	17.4764
10.2476	-0.173621	0.26648	3.68348
10.2476	-0.173621	0.26648	3.68348
9.3559	-0.146115	0.253857	8.49505
8.53658	-0.134984	0.215177	69.8545
8.53658	-0.134984	0.215177	69.8545
7.45318	-0.096639	0.18611	28.0767
7.45318	-0.096639	0.18611	28.0767
6.52071	-0.0696332	0.159151	21.5433
6.52071	-0.0696332	0.159151	21.5433
5.16771	-0.0622041	0.1518	20.7282
3.78141	-0.0448381	0.0916452	11.1788
3.78141	-0.0448381	0.0916452	11.1788
10.1051	-0.154618	0.265024	5.56008
10.0447	-0.186873	0.261078	5.21529
9.4622	-0.149439	0.255863	7.44019
8.91416	-0.162261	0.229247	22.2092
8.30549	-0.132812	0.209238	17.2796
7.05866	-0.0872308	0.174908	35.0124
6.98537	-0.0819659	0.171306	26.7305
6.83874	-0.0798659	0.168377	19.4425
6.33161	-0.0662417	0.15465	27.7292
6.14815	-0.0569758	0.174869	20.1784
4.27427	-0.0510184	0.104365	11.6189
3.22858	-0.0562406	0.0781818	17.4764
9.62421	-0.138582	0.257952	5.44517
9.62421	-0.138582	0.257952	5.44517
9.46528	-0.169116	0.244267	9.50787
9.38386	-0.156326	0.245959	13.4072
7.63767	-0.101983	0.191335	19.491
7.63767	-0.101983	0.191335	19.491
7.54804	-0.0877924	0.211542	14.7442
6.31826	-0.0798431	0.153059	18.5846
6.00721	-0.0668337	0.146485	23.0918
6.00721	-0.0668337	0.146485	23.0918
5.39192	-0.0417474	0.132512	18.4098
3.41483	-0.0537333	0.0804508	19.1348
9.56785	-0.184006	0.249484	6.73322
9.56785	-0.184006	0.249484	6.73322
9.22108	-0.151559	0.236187	11.2856
9.22108	-0.151559	0.236187	11.2856
7.96654	-0.0990371	0.221373	14.2465
7.96654	-0.0990371	0.221373	14.2465
6.95104	-0.081447	0.172024	39.5562
6.95104	-0.081447	0.172024	39.5562
5.70641	-0.0523922	0.139622	13.0249
5.70641	-0.0523922	0.139622	13.0249
4.95156	-0.0376528	0.119956	15.9561
4.95156	-0.0376528	0.119956	15.9561
10.1051	-0.154618	0.265024	5.56008
10.0447	-0.186873	0.261078	5.21529
9.4622	-0.149439	0.255863	7.44019
8.91416	-0.162261	0.229247	22.2092
8.30549	-0.132812	0.209238	17.2796
7.05866	-0.0872308	0.174908	35.0124
6.98537	-0.0819659	0.171306	26.7305
6.83874	-0.0798659	0.168377	19.4425
6.33161	-0.0662417	0.15465	27.7292
6.14815	-0.0569758	0.174869	20.1784
4.27427	-0.0510184	0.104365	11.6189
3.22858	-0.0562406	0.0781818	17.4764
10.6011	-0.156503	0.276645	3.04383
10.4508	-0.154991	0.275916	4.90596
10.4508	-0.154991	0.275916	4.90596
8.25465	-0.129763	0.208175	32.1777
7.5587	-0.088882	0.186524	27.5479
7.5587	-0.088882	0.186524	27.5479
7.20586	-0.0798774	0.175847	39.357
7.20121	-0.0816227	0.176983	46.6913
7.20121	-0.0816227	0.176983	46.6913
4.18991	-0.0591783	0.121695	13.6219
2.7797	-0.0553759	0.0679856	18.4206
1.72374	-0.0336614	0.0400774	57.8494
10.7962	-0.119892	0.281565	2.77169
10.7962	-0.119892	0.281565	2.77169
10.5692	-0.19167	0.280677	3.60377
7.80541	-0.100371	0.192934	42.6253
7.80541	-0.100371	0.192934	42.6253
7.49688	-0.0927171	0.184835	40.1222
7.49688	-0.0927171	0.184835	40.1222
7.26488	-0.0781981	0.177686	37.972
7.26488	-0.0781981	0.177686	37.972
2.6216	-0.039591	0.0802096	58.0945
1.96156	-0.0390838	0.0477174	44.9552
1.96156	-0.0390838	0.0477174	44.9552
10.6011	-0.156503	0.276645	3.04383
10.4508	-0.154991	0.275916	4.90596
10.4508	-0.154991	0.275916	4.90596
8.25465	-0.129763	0.208175	32.1777
7.5587	-0.088882	0.186524	27.5479
7.5587	-0.088882	0.186524	27.5479
7.20586	-0.0798774	0.175847	39.357
7.20121	-0.0816227	0.176983	46.6913
7.20121	-0.0816227	0.176983	46.6913
4.18991	-0.0591783	0.121695	13.6219
2.7797	-0.0553759	0.0679856	18.4206
1.72374	-0.0336614	0.0400774	57.8494
10.1051	-0.154618	0.265024	5.56008
10.0447	-0.186873	0.261078	5.21529
9.4622	-0.149439	0.255863	7.44019
8.91416	-0.162261	0.229247	22.2092
8.30549	-0.132812	0.209238	17.2796
7.05866	-0.0872308	0.174908	35.0124
6.98537	-0.0819659	0.171306	26.7304
6.83874	-0.0798659	0.168377	19.4425
6.33161	-0.0662417	0.15465	27.7292
6.14815	-0.0569758	0.174869	20.1784
4.27427	-0.0510184	0.104365	11.6189
3.22858	-0.0562406	0.0781818	17.4764
9.43632	-0.197841	0.243143	10.4457
9.43632	-0.197841	0.243143	10.4457
9.43632	-0.197841	0.243143	10.4457
9.43632	-0.197841	0.243143	10.4457
7.48555	-0.0847105	0.210042	43.1836
7.48555	-0.0847105	0.210042	43.1836
7.43123	-0.102201	0.186734	42.5334
7.43123	-0.102201	0.186734	42.5334
5.33456	-0.0414849	0.129341	15.9011
5.33456	-0.0414849	0.129341	15.9011
5.33456	-0.0414849	0.129341	15.9011
5.33456	-0.0414849	0.129341	15.9011
10.2476	-0.173621	0.26648	3.68348
10.2476	-0.173621	0.26648	3.68348
9.3559	-0.146115	0.253857	8.49505
8.53658	-0.134984	0.215177	69.8545
8.53658	-0.134984	0.215177	69.8545
7.45318	-0.096639	0.18611	28.0767
7.45318	-0.096639	0.18611	28.0767
6.52071	-0.0696332	0.159151	21.5433
6.52071	-0.0696332	0.159151	21.5433
5.16771	-0.0622041	0.1518	20.7282
3.78141	-0.0448381	0.0916452	11.1788
3.78141	-0.0448381	0.0916452	11.1788
10.7962	-0.119892	0.281565	2.77169
10.7962	-0.119892	0.281565	2.77169
10.5692	-0.19167	0.280677	3.60377
7.80541	-0.100371	0.192934	42.6253
7.80541	-0.100371	0.192934	42.6253
7.49688	-0.0927171	0.184835	40.1222
7.49688	-0.0927171	0.184835	40.1222
7.26488	-0.0781981	0.177686	37.972
7.26488	-0.0781981	0.177686	37.972
2.6216	-0.039591	0.0802096	58.0945
1.96156	-0.0390838	0.0477174	44.9552
1.96156	-0.0390838	0.0477174	44.9552
10.9887	-0.071358	0.286288	3.25334
10.9887	-0.071358	0.286288	3.25334
10.9887	-0.071358	0.286288	3.25334
7.51864	-0.0922922	0.184291	48.0863
7.51864	-0.0922922	0.184291	48.0863
7.51864	-0.0922922	0.184291	48.0863
7.51864	-0.0922922	0.184291	48.0863
7.51864	-0.0922922	0.184291	48.0863
7.51864	-0.0922922	0.184291	48.0863
0	0	0	0
0	0	0	0
0	0	0	0
9.56785	-0.184006	0.249484	6.73322
9.56785	-0.184006	0.249484	6.73322
9.22108	-0.151559	0.236187	11.2856
9.22108	-0.151559	0.236187	11.2856
7.96654	-0.0990371	0.221373	14.2465
7.96654	-0.0990371	0.221373	14.2465
6.95104	-0.081447	0.172024	39.5562
6.95104	-0.081447	0.172024	39.5562
5.70641	-0.0523922	0.139622	13.0249
5.70641	-0.0523922	0.139622	13.0249
4.95156	-0.0376528	0.119956	15.9561
4.95156	-0.0376528	0.119956	15.9561
9.62861	-0.155237	0.255881	5.96597
9.62861	-0.155237	0.255881	5.96597
8.75632	-0.122418	0.240698	13.1232
8.75632	-0.122418	0.240698	13.1232
8.60397	-0.125544	0.218964	20.5324
8.60397	-0.125544	0.218964	20.5324
6.61381	-0.0817287	0.164648	22.2863
6.61381	-0.0817287	0.164648	22.2863
5.94446	-0.0668821	0.143965	21.6459
5.94446	-0.0668821	0.143965	21.6459
4.61479	-0.0423313	0.110246	15.0741
4.61479	-0.0423313	0.110246	15.0741
9.99744	-0.129215	0.269456	6.90373
9.99744	-0.129215	0.269456	6.90373
9.99744	-0.129215	0.269456	6.90373
9.99744	-0.129215	0.269456	6.90373
6.80442	-0.0920522	0.170599	16.0276
6.80442	-0.0920522	0.170599	16.0276
6.80442	-0.0920522	0.170599	16.0276
6.80442	-0.0920522	0.170599	16.0276
4.99652	-0.0559601	0.119131	23.6727
4.99652	-0.0559601	0.119131	23.6727
4.99652	-0.0559601	0.119131	23.6727
4.99652	-0.0559601	0.119131	23.6727
10.2289	-0.143164	0.271761	5.41537
10.2289	-0.143164	0.271761	5.41537
9.36806	-0.114405	0.255447	7.12539
9.36806	-0.114405	0.255447	7.12539
7.68266	-0.111942	0.194569	23.5417
7.68266	-0.111942	0.194569	23.5417
5.93301	-0.0698973	0.146681	18.9745
5.93301	-0.0698973	0.146681	18.9745
5.83953	-0.0650369	0.141133	22.2727
5.83953	-0.0650369	0.141133	22.2727
4.7397	-0.0549931	0.113638	15.3235
4.7397	-0.0549931	0.113638	15.3235
10.0217	-0.162457	0.262709	5.4392
10.0217	-0.162457	0.262709	5.4392
8.54286	-0.133486	0.217875	24.0759
8.54286	-0.133486	0.217875	24.0759
8.50785	-0.0999726	0.234151	11.2952
8.50785	-0.0999726	0.234151	11.2952
6.6448	-0.0781098	0.163322	28.2833
6.6448	-0.0781098	0.163322	28.2833
5.25421	-0.0539701	0.127046	12.7661
5.25421	-0.0539701	0.127046	12.7661
5.20815	-0.0478404	0.128178	18.6319
5.20815	-0.0478404	0.128178	18.6319
9.56785	-0.184006	0.249484	6.73322
9.56785	-0.184006	0.249484	6.73322
9.22108	-0.151559	0.236187	11.2856
9.22108	-0.151559	0.236187	11.2856
7.96654	-0.0990371	0.221373	14.2465
7.96654	-0.0990371	0.221373	14.2465
6.95104	-0.081447	0.172024	39.5562
6.95104	-0.081447	0.172024	39.5562
5.70641	-0.0523922	0.139622	13.0249
5.70641	-0.0523922	0.139622	13.0249
4.95156	-0.0376528	0.119956	15.9561
4.95156	-0.0376528	0.119956	15.9561
10.0217	-0.162457	0.262709	5.4392
10.0217	-0.162457	0.262709	5.4392
8.54286	-0.133486	0.217875	24.0759
8.54286	-0.133486	0.217875	24.0759
8.50785	-0.0999726	0.234151	11.2952
8.50785	-0.0999726	0.234151	11.2952
6.6448	-0.0781098	0.163322	28.2833
6.6448	-0.0781098	0.163322	28.2833
5.25421	-0.0539701	0.127046	12.7661
5.25421	-0.0539701	0.127046	12.7661
5.20815	-0.0478404	0.128178	18.6319
5.20815	-0.0478404	0.128178	18.6319
10.2289	-0.143164	0.271761	5.41537
10.2289	-0.143164	0.271761	5.41537
9.36806	-0.114405	0.255447	7.12539
9.36806	-0.114405	0.255447	7.12539
7.68266	-0.111942	0.194569	23.5417
7.68266	-0.111942	0.194569	23.5417
5.93301	-0.0698973	0.146681	18.9745
5.93301	-0.0698973	0.146681	18.9745
5.83953	-0.0650369	0.141133	22.2727
5.83953	-0.0650369	0.141133	22.2727
4.7397	-0.0549931	0.113638	15.3235
4.7397	-0.0549931	0.113638	15.3235
10.2289	-0.143164	0.271761	5.41537
10.2289	-0.143164	0.271761	5.41537
9.36806	-0.114405	0.255447	7.12539
9.36806	-0.114405	0.255447	7.12539
7.68266	-0.111942	0.194569	23.5417
7.68266	-0.111942	0.194569	23.5417
5.93301	-0.0698973	0.146681	18.9745
5.93301	-0.0698973	0.146681	18.9745
5.83953	-0.0650369	0.141133	22.2727
5.83953	-0.0650369	0.141133	22.2727
4.7397	-0.0549931	0.113638	15.3235
4.7397	-0.0549931	0.113638	15.3235
10.0217	-0.162457	0.262709	5.4392
10.0217	-0.162457	0.262709	5.4392
8.54286	-0.133486	0.217875	24.0759
8.54286	-0.133486	0.217875	24.0759
8.50785	-0.0999726	0.234151	11.2952
8.50785	-0.0999726	0.234151	11.2952
6.6448	-0.0781098	0.163322	28.2833
6.6448	-0.0781098	0.163322	28.2833
5.25421	-0.0539701	0.127046	12.7661
5.25421	-0.0539701	0.127046	12.7661
5.20815	-0.0478404	0.128178	18.6319
5.20815	-0.0478404	0.128178	18.6319
9.56785	-0.184006	0.249484	6.73322
9.56785	-0.184006	0.249484	6.73322
9.22108	-0.151559	0.236187	11.2856
9.22108	-0.151559	0.236187	11.2856
7.96654	-0.0990371	0.221373	14.2465
7.96654	-0.0990371	0.221373	14.2465
6.95104	-0.081447	0.172024	39.5562
6.95104	-0.081447	0.172024	39.5562
5.70641	-0.0523922	0.139622	13.0249
5.70641	-0.0523922	0.139622	13.0249
4.95156	-0.0376528	0.119956	15.9561
4.95156	-0.0376528	0.119956	15.9561
10.0217	-0.162457	0.262709	5.4392
10.0217	-0.162457	0.262709	5.4392
8.54286	-0.133486	0.217875	24.0759
8.54286	-0.133486	0.217875	24.0759
8.50785	-0.0999726	0.234151	11.2952
8.50785	-0.0999726	0.234151	11.2952
6.6448	-0.0781098	0.163322	28.2833
6.6448	-0.0781098	0.163322	28.2833
5.25421	-0.0539701	0.127046	12.7661
5.25421	-0.0539701	0.127046	12.7661
5.20815	-0.0478404	0.128178	18.6319
5.20815	-0.0478404	0.128178	18.6319
10.2289	-0.143164	0.271761	5.41537
10.2289	-0.143164	0.271761	5.41537
9.36806	-0.114405	0.255447	7.12539
9.36806	-0.114405	0.255447	7.12539
7.68266	-0.111942	0.194569	23.5417
7.68266	-0.111942	0.194569	23.5417
5.93301	-0.0698973	0.146681	18.9745
5.93301	-0.0698973	0.146681	18.9745
5.83953	-0.0650369	0.141133	22.2727
5.83953	-0.0650369	0.141133	22.2727
4.7397	-0.0549931	0.113638	15.3235
4.7397	-0.0549931	0.113638	15.3235
10.711	-0.130388	0.289193	7.20146
10.711	-0.130388	0.289193	7.20146
10.711	-0.130388	0.289193	7.20146
10.711	-0.130388	0.289193	7.20146
5.56422	-0.0719353	0.135469	18.5949
5.56422	-0.0719353	0.135469	18.5949
5.56422	-0.0719353	0.135469	18.5949
5.56422	-0.0719353	0.135469	18.5949
4.99942	-0.0495184	0.118913	20.5711
4.99942	-0.0495184	0.118913	20.5711
4.99942	-0.0495184	0.118913	20.5711
4.99942	-0.0495184	0.118913	20.5711
10.7164	-0.141449	0.287218	7.10284
10.7164	-0.141449	0.287218	7.10284
10.215	-0.106562	0.276977	6.96961
10.215	-0.106562	0.276977	6.96961
6.40021	-0.088507	0.158935	26.0002
6.40021	-0.088507	0.158935	26.0002
5.50588	-0.0619089	0.132267	21.97
5.50588	-0.0619089	0.132267	21.97
5.08746	-0.0611438	0.121919	15.5888
5.08746	-0.0611438	0.121919	15.5888
5.06138	-0.0584966	0.122539	16.417
5.06138	-0.0584966	0.122539	16.417
10.2289	-0.143164	0.271761	5.41537
10.2289	-0.143164	0.271761	5.41537
9.36806	-0.114405	0.255447	7.12539
9.36806	-0.114405	0.255447	7.12539
7.68266	-0.111942	0.194569	23.5417
7.68266	-0.111942	0.194569	23.5417
5.93301	-0.0698973	0.146681	18.9745
5.93301	-0.0698973	0.146681	18.9745
5.83953	-0.0650369	0.141133	22.2727
5.83953	-0.0650369	0.141133	22.2727
4.7397	-0.0549931	0.113638	15.3235
4.7397	-0.0549931	0.113638	15.3235
9.62861	-0.155237	0.255881	5.96597
9.62861	-0.155237	0.255881	5.96597
8.75632	-0.122418	0.240698	13.1232
8.75632	-0.122418	0.240698	13.1232
8.60397	-0.125544	0.218964	20.5324
8.60397	-0.125544	0.218964	20.5324
6.61381	-0.0817287	0.164648	22.2863
6.61381	-0.0817287	0.164648	22.2863
5.94446	-0.0668821	0.143965	21.6459
5.94446	-0.0668821	0.143965	21.6459
4.61479	-0.0423313	0.110246	15.0741
4.61479	-0.0423313	0.110246	15.0741
10.2289	-0.143164	0.271761	5.41537
10.2289	-0.143164	0.271761	5.41537
9.36806	-0.114405	0.255447	7.12539
9.36806	-0.114405	0.255447	7.12539
7.68266	-0.111942	0.194569	23.5417
7.68266	-0.111942	0.194569	23.5417
5.93301	-0.0698973	0.146681	18.9745
5.93301	-0.0698973	0.146681	18.9745
5.83953	-0.0650369	0.141133	22.2727
5.83953	-0.0650369	0.141133	22.2727
4.7397	-0.0549931	0.113638	15.3235
4.7397	-0.0549931	0.113638	15.3235
10.7164	-0.141449	0.287218	7.10284
10.7164	-0.141449	0.287218	7.10284
10.215	-0.106562	0.276977	6.96961
10.215	-0.106562	0.276977	6.96961
6.40021	-0.088507	0.158935	26.0002
6.40021	-0.088507	0.158935	26.0002
5.50588	-0.0619089	0.132267	21.97
5.50588	-0.0619089	0.132267	21.97
5.08746	-0.0611438	0.121919	15.5888
5.08746	-0.0611438	0.121919	15.5888
5.06138	-0.0584966	0.122539	16.417
5.06138	-0.0584966	0.122539	16.417
10.7164	-0.141449	0.287218	7.10284
10.7164	-0.141449	0.287218	7.10284
10.215	-0.106562	0.276977	6.96961
10.215	-0.106562	0.276977	6.96961
6.40021	-0.088507	0.158935	26.0002
6.40021	-0.088507	0.158935	26.0002
5.50588	-0.0619089	0.132267	21.97
5.50588	-0.0619089	0.132267	21.97
5.08746	-0.0611438	0.121919	15.5888
5.08746	-0.0611438	0.121919	15.5888
5.06138	-0.0584966	0.122539	16.417
5.06138	-0.0584966	0.122539	16.417
10.2289	-0.143164	0.271761	5.41537
10.2289	-0.143164	0.271761	5.41537
9.36806	-0.114405	0.255447	7.12539
9.36806	-0.114405	0.255447	7.12539
7.68266	-0.111942	0.194569	23.5417
7.68266	-0.111942	0.194569	23.5417
5.93301	-0.0698973	0.146681	18.9745
5.93301	-0.0698973	0.146681	18.9745
5.83953	-0.0650369	0.141133	22.2727
5.83953	-0.0650369	0.141133	22.2727
4.7397	-0.0549931	0.113638	15.3235
4.7397	-0.0549931	0.113638	15.3235
9.62861	-0.155237	0.255881	5.96597
9.62861	-0.155237	0.255881	5.96597
8.75632	-0.122418	0.240698	13.1232
8.75632	-0.122418	0.240698	13.1232
8.60397	-0.125544	0.218964	20.5324
8.60397	-0.125544	0.218964	20.5324
6.61381	-0.0817287	0.164648	22.2863
6.61381	-0.0817287	0.164648	22.2863
5.94446	-0.0668821	0.143965	21.6459
5.94446	-0.0668821	0.143965	21.6459
4.61479	-0.0423313	0.110246	15.0741
4.61479	-0.0423313	0.110246	15.0741
10.2289	-0.143164	0.271761	5.41537
10.2289	-0.143164	0.271761	5.41537
9.36806	-0.114405	0.255447	7.12539
9.36806	-0.114405	0.255447	7.12539
7.68266	-0.111942	0.194569	23.5417
7.68266	-0.111942	0.194569	23.5417
5.93301	-0.0698973	0.146681	18.9745
5.93301	-0.0698973	0.146681	18.9745
5.83953	-0.0650369	0.141133	22.2727
5.83953	-0.0650369	0.141133	22.2727
4.7397	-0.0549931	0.113638	15.3235
4.7397	-0.0549931	0.113638	15.3235
10.7164	-0.141449	0.287218	7.10284
10.7164	-0.141449	0.287218	7.10284
10.215	-0.106562	0.276977	6.96961
10.215	-0.106562	0.276977	6.96961
6.40021	-0.088507	0.158935	26.0002
6.40021	-0.088507	0.158935	26.0002
5.50588	-0.0619089	0.132267	21.97
5.50588	-0.0619089	0.132267	21.97
5.08746	-0.0611438	0.121919	15.5888
5.08746	-0.0611438	0.121919	15.5888
5.06138	-0.0584966	0.122539	16.417
5.06138	-0.0584966	0.122539	16.417
