1848 Out of 2592 QH, Third, Fourth Freq in rad/ps and Lifetimes in ps for a 6x6x6 Ar Lattice at 10K. (atoms/UC=4)
10.9725	-0.332963	0.810965	3.20109
10.9725	-0.332963	0.810965	3.20109
10.9725	-0.332963	0.810965	3.20109
10.9725	-0.332963	0.810965	3.20109
5.00086	-0.142892	0.325656	81.1672
5.00086	-0.142892	0.325656	81.1672
5.00086	-0.142892	0.325656	81.1672
5.00086	-0.142892	0.325656	81.1672
5.00086	-0.142892	0.325656	81.1672
5.00086	-0.142892	0.325656	81.1672
5.00086	-0.142892	0.325656	81.1672
5.00086	-0.142892	0.325656	81.1672
10.711	-0.34139	0.790255	3.45638
10.711	-0.34139	0.790255	3.45638
10.711	-0.34139	0.790255	3.45638
10.711	-0.34139	0.790255	3.45638
5.56422	-0.181073	0.371456	69.6241
5.56422	-0.181073	0.371456	69.6241
5.56422	-0.181073	0.371456	69.6241
5.56422	-0.181073	0.371456	69.6241
4.99942	-0.14491	0.325958	86.3648
4.99942	-0.14491	0.325958	86.3648
4.99942	-0.14491	0.325958	86.3648
4.99942	-0.14491	0.325958	86.3648
9.99744	-0.336334	0.737239	3.48594
9.99744	-0.336334	0.737239	3.48594
9.99744	-0.336334	0.737239	3.48594
9.99744	-0.336334	0.737239	3.48594
6.80442	-0.252896	0.469443	23.5713
6.80442	-0.252896	0.469443	23.5713
6.80442	-0.252896	0.469443	23.5713
6.80442	-0.252896	0.469443	23.5713
4.99652	-0.152149	0.326502	104.12
4.99652	-0.152149	0.326502	104.12
4.99652	-0.152149	0.326502	104.12
4.99652	-0.152149	0.326502	104.12
9.3595	-0.381269	0.695055	3.30972
9.3595	-0.381269	0.695055	3.30972
9.3595	-0.381269	0.695055	3.30972
9.3595	-0.381269	0.695055	3.30972
7.6766	-0.278025	0.533335	21.4735
7.6766	-0.278025	0.533335	21.4735
7.6766	-0.278025	0.533335	21.4735
7.6766	-0.278025	0.533335	21.4735
4.99507	-0.151641	0.32674	81.8751
4.99507	-0.151641	0.32674	81.8751
4.99507	-0.151641	0.32674	81.8751
4.99507	-0.151641	0.32674	81.8751
9.99744	-0.336334	0.737239	3.48594
9.99744	-0.336334	0.737239	3.48594
9.99744	-0.336334	0.737239	3.48594
9.99744	-0.336334	0.737239	3.48594
6.80442	-0.252896	0.469443	23.5713
6.80442	-0.252896	0.469443	23.5713
6.80442	-0.252896	0.469443	23.5713
6.80442	-0.252896	0.469443	23.5713
4.99652	-0.152149	0.326502	104.12
4.99652	-0.152149	0.326502	104.12
4.99652	-0.152149	0.326502	104.12
4.99652	-0.152149	0.326502	104.12
10.711	-0.34139	0.790255	3.45638
10.711	-0.34139	0.790255	3.45638
10.711	-0.34139	0.790255	3.45638
10.711	-0.34139	0.790255	3.45638
5.56422	-0.181073	0.371456	69.6241
5.56422	-0.181073	0.371456	69.6241
5.56422	-0.181073	0.371456	69.6241
5.56422	-0.181073	0.371456	69.6241
4.99942	-0.14491	0.325958	86.3648
4.99942	-0.14491	0.325958	86.3648
4.99942	-0.14491	0.325958	86.3648
4.99942	-0.14491	0.325958	86.3648
10.711	-0.34139	0.790255	3.45638
10.711	-0.34139	0.790255	3.45638
10.711	-0.34139	0.790255	3.45638
10.711	-0.34139	0.790255	3.45638
5.56422	-0.181073	0.371456	69.6241
5.56422	-0.181073	0.371456	69.6241
5.56422	-0.181073	0.371456	69.6241
5.56422	-0.181073	0.371456	69.6241
4.99942	-0.14491	0.325958	86.3648
4.99942	-0.14491	0.325958	86.3648
4.99942	-0.14491	0.325958	86.3648
4.99942	-0.14491	0.325958	86.3648
10.7164	-0.354396	0.784955	3.24932
10.7164	-0.354396	0.784955	3.24932
10.215	-0.296171	0.757723	3.81297
10.215	-0.296171	0.757723	3.81297
6.40021	-0.228136	0.436778	70.2945
6.40021	-0.228136	0.436778	70.2945
5.50588	-0.167645	0.362542	87.8095
5.50588	-0.167645	0.362542	87.8095
5.08746	-0.151367	0.333658	69.0173
5.08746	-0.151367	0.333658	69.0173
5.06138	-0.164792	0.336203	71.7765
5.06138	-0.164792	0.336203	71.7765
10.2289	-0.359181	0.744578	2.86003
10.2289	-0.359181	0.744578	2.86003
9.36806	-0.303998	0.699351	4.0201
9.36806	-0.303998	0.699351	4.0201
7.68266	-0.291979	0.535576	26.3993
7.68266	-0.291979	0.535576	26.3993
5.93301	-0.201927	0.403538	51.9501
5.93301	-0.201927	0.403538	51.9501
5.83953	-0.185487	0.387495	74.4817
5.83953	-0.185487	0.387495	74.4817
4.7397	-0.149264	0.311635	79.2462
4.7397	-0.149264	0.311635	79.2462
9.62861	-0.379651	0.702118	3.32453
9.62861	-0.379651	0.702118	3.32453
8.75632	-0.31756	0.659177	7.40042
8.75632	-0.31756	0.659177	7.40042
8.60397	-0.331853	0.603028	12.4176
8.60397	-0.331853	0.603028	12.4176
6.61381	-0.241062	0.453444	37.4075
6.61381	-0.241062	0.453444	37.4075
5.94446	-0.189128	0.395394	74.3696
5.94446	-0.189128	0.395394	74.3696
4.61479	-0.14601	0.303116	81.0305
4.61479	-0.14601	0.303116	81.0305
10.2289	-0.359181	0.744578	2.86003
10.2289	-0.359181	0.744578	2.86003
9.36806	-0.303998	0.699351	4.0201
9.36806	-0.303998	0.699351	4.0201
7.68266	-0.291979	0.535576	26.3993
7.68266	-0.291979	0.535576	26.3993
5.93301	-0.201927	0.403538	51.9501
5.93301	-0.201927	0.403538	51.9501
5.83953	-0.185487	0.387495	74.4817
5.83953	-0.185487	0.387495	74.4817
4.7397	-0.149264	0.311635	79.2462
4.7397	-0.149264	0.311635	79.2462
10.7164	-0.354396	0.784955	3.24932
10.7164	-0.354396	0.784955	3.24932
10.215	-0.296171	0.757723	3.81297
10.215	-0.296171	0.757723	3.81297
6.40021	-0.228136	0.436778	70.2945
6.40021	-0.228136	0.436778	70.2945
5.50588	-0.167645	0.362542	87.8095
5.50588	-0.167645	0.362542	87.8095
5.08746	-0.151367	0.333658	69.0173
5.08746	-0.151367	0.333658	69.0173
5.06138	-0.164792	0.336203	71.7765
5.06138	-0.164792	0.336203	71.7765
9.99744	-0.336334	0.737239	3.48594
9.99744	-0.336334	0.737239	3.48594
9.99744	-0.336334	0.737239	3.48594
9.99744	-0.336334	0.737239	3.48594
6.80442	-0.252896	0.469443	23.5713
6.80442	-0.252896	0.469443	23.5713
6.80442	-0.252896	0.469443	23.5713
6.80442	-0.252896	0.469443	23.5713
4.99652	-0.152149	0.326502	104.12
4.99652	-0.152149	0.326502	104.12
4.99652	-0.152149	0.326502	104.12
4.99652	-0.152149	0.326502	104.12
10.2289	-0.359181	0.744578	2.86003
10.2289	-0.359181	0.744578	2.86003
9.36806	-0.303998	0.699351	4.0201
9.36806	-0.303998	0.699351	4.0201
7.68266	-0.291979	0.535576	26.3993
7.68266	-0.291979	0.535576	26.3993
5.93301	-0.201927	0.403538	51.9501
5.93301	-0.201927	0.403538	51.9501
5.83953	-0.185487	0.387495	74.4817
5.83953	-0.185487	0.387495	74.4817
4.7397	-0.149264	0.311635	79.2462
4.7397	-0.149264	0.311635	79.2462
10.0217	-0.387765	0.720634	2.86551
10.0217	-0.387765	0.720634	2.86551
8.54286	-0.340271	0.599947	15.0939
8.54286	-0.340271	0.599947	15.0939
8.50785	-0.283175	0.641838	6.57431
8.50785	-0.283175	0.641838	6.57431
6.6448	-0.224645	0.449194	67.0833
6.6448	-0.224645	0.449194	67.0833
5.25421	-0.157832	0.348839	60.5349
5.25421	-0.157832	0.348839	60.5349
5.20815	-0.175917	0.353475	77.0079
5.20815	-0.175917	0.353475	77.0079
9.56785	-0.426146	0.684882	3.61817
9.56785	-0.426146	0.684882	3.61817
9.22108	-0.377073	0.650234	6.25809
9.22108	-0.377073	0.650234	6.25809
7.96654	-0.271698	0.606865	9.75979
7.96654	-0.271698	0.606865	9.75979
6.95104	-0.239927	0.473645	70.4305
6.95104	-0.239927	0.473645	70.4305
5.70641	-0.185966	0.384537	20.4895
5.70641	-0.185966	0.384537	20.4895
4.95156	-0.152371	0.330498	73.9872
4.95156	-0.152371	0.330498	73.9872
10.0217	-0.387765	0.720634	2.86551
10.0217	-0.387765	0.720634	2.86551
8.54286	-0.340271	0.599947	15.0939
8.54286	-0.340271	0.599947	15.0939
8.50785	-0.283175	0.641838	6.57431
8.50785	-0.283175	0.641838	6.57431
6.6448	-0.224645	0.449194	67.0833
6.6448	-0.224645	0.449194	67.0833
5.25421	-0.157832	0.348839	60.5349
5.25421	-0.157832	0.348839	60.5349
5.20815	-0.175917	0.353475	77.0079
5.20815	-0.175917	0.353475	77.0079
10.2289	-0.359181	0.744578	2.86003
10.2289	-0.359181	0.744578	2.86003
9.36806	-0.303998	0.699351	4.0201
9.36806	-0.303998	0.699351	4.0201
7.68266	-0.291979	0.535576	26.3993
7.68266	-0.291979	0.535576	26.3993
5.93301	-0.201927	0.403538	51.9501
5.93301	-0.201927	0.403538	51.9501
5.83953	-0.185487	0.387495	74.4817
5.83953	-0.185487	0.387495	74.4817
4.7397	-0.149264	0.311635	79.2462
4.7397	-0.149264	0.311635	79.2462
9.3595	-0.381269	0.695055	3.30972
9.3595	-0.381269	0.695055	3.30972
9.3595	-0.381269	0.695055	3.30972
9.3595	-0.381269	0.695055	3.30972
7.6766	-0.278025	0.533335	21.4735
7.6766	-0.278025	0.533335	21.4735
7.6766	-0.278025	0.533335	21.4735
7.6766	-0.278025	0.533335	21.4735
4.99507	-0.151641	0.32674	81.8751
4.99507	-0.151641	0.32674	81.8751
4.99507	-0.151641	0.32674	81.8751
4.99507	-0.151641	0.32674	81.8751
9.62861	-0.379651	0.702118	3.32453
9.62861	-0.379651	0.702118	3.32453
8.75632	-0.31756	0.659177	7.40042
8.75632	-0.31756	0.659177	7.40042
8.60397	-0.331853	0.603028	12.4176
8.60397	-0.331853	0.603028	12.4176
6.61381	-0.241062	0.453444	37.4075
6.61381	-0.241062	0.453444	37.4075
5.94446	-0.189128	0.395394	74.3696
5.94446	-0.189128	0.395394	74.3696
4.61479	-0.14601	0.303116	81.0305
4.61479	-0.14601	0.303116	81.0305
9.56785	-0.426146	0.684882	3.61817
9.56785	-0.426146	0.684882	3.61817
9.22108	-0.377073	0.650234	6.25809
9.22108	-0.377073	0.650234	6.25809
7.96654	-0.271698	0.606865	9.75979
7.96654	-0.271698	0.606865	9.75979
6.95104	-0.239927	0.473645	70.4305
6.95104	-0.239927	0.473645	70.4305
5.70641	-0.185966	0.384537	20.4895
5.70641	-0.185966	0.384537	20.4895
4.95156	-0.152371	0.330498	73.9872
4.95156	-0.152371	0.330498	73.9872
9.43632	-0.445536	0.667989	5.35601
9.43632	-0.445536	0.667989	5.35601
9.43632	-0.445536	0.667989	5.35601
9.43632	-0.445536	0.667989	5.35601
7.48555	-0.248797	0.576463	28.8154
7.48555	-0.248797	0.576463	28.8154
7.43123	-0.272662	0.514095	59.9942
7.43123	-0.272662	0.514095	59.9942
5.33456	-0.156017	0.356175	68.0101
5.33456	-0.156017	0.356175	68.0101
5.33456	-0.156017	0.356175	68.0101
5.33456	-0.156017	0.356175	68.0101
9.56785	-0.426146	0.684882	3.61817
9.56785	-0.426146	0.684882	3.61817
9.22108	-0.377073	0.650234	6.25809
9.22108	-0.377073	0.650234	6.25809
7.96654	-0.271698	0.606865	9.75979
7.96654	-0.271698	0.606865	9.75979
6.95104	-0.239927	0.473645	70.4305
6.95104	-0.239927	0.473645	70.4305
5.70641	-0.185966	0.384537	20.4895
5.70641	-0.185966	0.384537	20.4895
4.95156	-0.152371	0.330498	73.9872
4.95156	-0.152371	0.330498	73.9872
9.62861	-0.379651	0.702118	3.32453
9.62861	-0.379651	0.702118	3.32453
8.75632	-0.31756	0.659177	7.40042
8.75632	-0.31756	0.659177	7.40042
8.60397	-0.331853	0.603028	12.4176
8.60397	-0.331853	0.603028	12.4176
6.61381	-0.241062	0.453444	37.4075
6.61381	-0.241062	0.453444	37.4075
5.94446	-0.189128	0.395394	74.3696
5.94446	-0.189128	0.395394	74.3696
4.61479	-0.14601	0.303116	81.0305
4.61479	-0.14601	0.303116	81.0305
9.99744	-0.336334	0.737239	3.48594
9.99744	-0.336334	0.737239	3.48594
9.99744	-0.336334	0.737239	3.48594
9.99744	-0.336334	0.737239	3.48594
6.80442	-0.252896	0.469443	23.5713
6.80442	-0.252896	0.469443	23.5713
6.80442	-0.252896	0.469443	23.5713
6.80442	-0.252896	0.469443	23.5713
4.99652	-0.152149	0.326502	104.12
4.99652	-0.152149	0.326502	104.12
4.99652	-0.152149	0.326502	104.12
4.99652	-0.152149	0.326502	104.12
10.2289	-0.359181	0.744578	2.86003
10.2289	-0.359181	0.744578	2.86003
9.36806	-0.303998	0.699351	4.0201
9.36806	-0.303998	0.699351	4.0201
7.68266	-0.291979	0.535576	26.3993
7.68266	-0.291979	0.535576	26.3993
5.93301	-0.201927	0.403538	51.9501
5.93301	-0.201927	0.403538	51.9501
5.83953	-0.185487	0.387495	74.4817
5.83953	-0.185487	0.387495	74.4817
4.7397	-0.149264	0.311635	79.2462
4.7397	-0.149264	0.311635	79.2462
10.0217	-0.387765	0.720634	2.86551
10.0217	-0.387765	0.720634	2.86551
8.54286	-0.340271	0.599947	15.0939
8.54286	-0.340271	0.599947	15.0939
8.50785	-0.283175	0.641838	6.57431
8.50785	-0.283175	0.641838	6.57431
6.6448	-0.224645	0.449194	67.0833
6.6448	-0.224645	0.449194	67.0833
5.25421	-0.157832	0.348839	60.5349
5.25421	-0.157832	0.348839	60.5349
5.20815	-0.175917	0.353475	77.0079
5.20815	-0.175917	0.353475	77.0079
9.56785	-0.426146	0.684882	3.61817
9.56785	-0.426146	0.684882	3.61817
9.22108	-0.377073	0.650234	6.25809
9.22108	-0.377073	0.650234	6.25809
7.96654	-0.271698	0.606865	9.75979
7.96654	-0.271698	0.606865	9.75979
6.95104	-0.239927	0.473645	70.4305
6.95104	-0.239927	0.473645	70.4305
5.70641	-0.185966	0.384537	20.4895
5.70641	-0.185966	0.384537	20.4895
4.95156	-0.152371	0.330498	73.9872
4.95156	-0.152371	0.330498	73.9872
10.0217	-0.387765	0.720634	2.86551
10.0217	-0.387765	0.720634	2.86551
8.54286	-0.340271	0.599947	15.0939
8.54286	-0.340271	0.599947	15.0939
8.50785	-0.283175	0.641838	6.57431
8.50785	-0.283175	0.641838	6.57431
6.6448	-0.224645	0.449194	67.0833
6.6448	-0.224645	0.449194	67.0833
5.25421	-0.157832	0.348839	60.5349
5.25421	-0.157832	0.348839	60.5349
5.20815	-0.175917	0.353475	77.0079
5.20815	-0.175917	0.353475	77.0079
10.2289	-0.359181	0.744578	2.86003
10.2289	-0.359181	0.744578	2.86003
9.36806	-0.303998	0.699351	4.0201
9.36806	-0.303998	0.699351	4.0201
7.68266	-0.291979	0.535576	26.3993
7.68266	-0.291979	0.535576	26.3993
5.93301	-0.201927	0.403538	51.9501
5.93301	-0.201927	0.403538	51.9501
5.83953	-0.185487	0.387495	74.4817
5.83953	-0.185487	0.387495	74.4817
4.7397	-0.149264	0.311635	79.2462
4.7397	-0.149264	0.311635	79.2462
10.711	-0.34139	0.790255	3.45638
10.711	-0.34139	0.790255	3.45638
10.711	-0.34139	0.790255	3.45638
10.711	-0.34139	0.790255	3.45638
5.56422	-0.181073	0.371456	69.6241
5.56422	-0.181073	0.371456	69.6241
5.56422	-0.181073	0.371456	69.6241
5.56422	-0.181073	0.371456	69.6241
4.99942	-0.14491	0.325958	86.3648
4.99942	-0.14491	0.325958	86.3648
4.99942	-0.14491	0.325958	86.3648
4.99942	-0.14491	0.325958	86.3648
10.7164	-0.354396	0.784955	3.24932
10.7164	-0.354396	0.784955	3.24932
10.215	-0.296171	0.757723	3.81297
10.215	-0.296171	0.757723	3.81297
6.40021	-0.228136	0.436778	70.2945
6.40021	-0.228136	0.436778	70.2945
5.50588	-0.167645	0.362542	87.8095
5.50588	-0.167645	0.362542	87.8095
5.08746	-0.151367	0.333658	69.0173
5.08746	-0.151367	0.333658	69.0173
5.06138	-0.164792	0.336203	71.7765
5.06138	-0.164792	0.336203	71.7765
10.2289	-0.359181	0.744578	2.86003
10.2289	-0.359181	0.744578	2.86003
9.36806	-0.303998	0.699351	4.0201
9.36806	-0.303998	0.699351	4.0201
7.68266	-0.291979	0.535576	26.3993
7.68266	-0.291979	0.535576	26.3993
5.93301	-0.201927	0.403538	51.9501
5.93301	-0.201927	0.403538	51.9501
5.83953	-0.185487	0.387495	74.4817
5.83953	-0.185487	0.387495	74.4817
4.7397	-0.149264	0.311635	79.2462
4.7397	-0.149264	0.311635	79.2462
9.62861	-0.379651	0.702118	3.32453
9.62861	-0.379651	0.702118	3.32453
8.75632	-0.31756	0.659177	7.40042
8.75632	-0.31756	0.659177	7.40042
8.60397	-0.331853	0.603028	12.4176
8.60397	-0.331853	0.603028	12.4176
6.61381	-0.241062	0.453444	37.4075
6.61381	-0.241062	0.453444	37.4075
5.94446	-0.189128	0.395394	74.3696
5.94446	-0.189128	0.395394	74.3696
4.61479	-0.14601	0.303116	81.0305
4.61479	-0.14601	0.303116	81.0305
10.2289	-0.359181	0.744578	2.86003
10.2289	-0.359181	0.744578	2.86003
9.36806	-0.303998	0.699351	4.0201
9.36806	-0.303998	0.699351	4.0201
7.68266	-0.291979	0.535576	26.3993
7.68266	-0.291979	0.535576	26.3993
5.93301	-0.201927	0.403538	51.9501
5.93301	-0.201927	0.403538	51.9501
5.83953	-0.185487	0.387495	74.4817
5.83953	-0.185487	0.387495	74.4817
4.7397	-0.149264	0.311635	79.2462
4.7397	-0.149264	0.311635	79.2462
10.7164	-0.354396	0.784955	3.24932
10.7164	-0.354396	0.784955	3.24932
10.215	-0.296171	0.757723	3.81297
10.215	-0.296171	0.757723	3.81297
6.40021	-0.228136	0.436778	70.2945
6.40021	-0.228136	0.436778	70.2945
5.50588	-0.167645	0.362542	87.8095
5.50588	-0.167645	0.362542	87.8095
5.08746	-0.151367	0.333658	69.0173
5.08746	-0.151367	0.333658	69.0173
5.06138	-0.164792	0.336203	71.7765
5.06138	-0.164792	0.336203	71.7765
10.711	-0.34139	0.790255	3.45638
10.711	-0.34139	0.790255	3.45638
10.711	-0.34139	0.790255	3.45638
10.711	-0.34139	0.790255	3.45638
5.56422	-0.181073	0.371456	69.6241
5.56422	-0.181073	0.371456	69.6241
5.56422	-0.181073	0.371456	69.6241
5.56422	-0.181073	0.371456	69.6241
4.99942	-0.14491	0.325958	86.3648
4.99942	-0.14491	0.325958	86.3648
4.99942	-0.14491	0.325958	86.3648
4.99942	-0.14491	0.325958	86.3648
10.7164	-0.354396	0.784955	3.24932
10.7164	-0.354396	0.784955	3.24932
10.215	-0.296171	0.757723	3.81297
10.215	-0.296171	0.757723	3.81297
6.40021	-0.228136	0.436778	70.2945
6.40021	-0.228136	0.436778	70.2945
5.50588	-0.167645	0.362542	87.8095
5.50588	-0.167645	0.362542	87.8095
5.08746	-0.151367	0.333658	69.0173
5.08746	-0.151367	0.333658	69.0173
5.06138	-0.164792	0.336203	71.7765
5.06138	-0.164792	0.336203	71.7765
10.2289	-0.359181	0.744578	2.86003
10.2289	-0.359181	0.744578	2.86003
9.36806	-0.303998	0.699351	4.0201
9.36806	-0.303998	0.699351	4.0201
7.68266	-0.291979	0.535576	26.3993
7.68266	-0.291979	0.535576	26.3993
5.93301	-0.201927	0.403538	51.9501
5.93301	-0.201927	0.403538	51.9501
5.83953	-0.185487	0.387495	74.4817
5.83953	-0.185487	0.387495	74.4817
4.7397	-0.149264	0.311635	79.2462
4.7397	-0.149264	0.311635	79.2462
9.62861	-0.379651	0.702118	3.32453
9.62861	-0.379651	0.702118	3.32453
8.75632	-0.31756	0.659177	7.40042
8.75632	-0.31756	0.659177	7.40042
8.60397	-0.331853	0.603028	12.4176
8.60397	-0.331853	0.603028	12.4176
6.61381	-0.241062	0.453444	37.4075
6.61381	-0.241062	0.453444	37.4075
5.94446	-0.189128	0.395394	74.3696
5.94446	-0.189128	0.395394	74.3696
4.61479	-0.14601	0.303116	81.0305
4.61479	-0.14601	0.303116	81.0305
10.2289	-0.359181	0.744578	2.86003
10.2289	-0.359181	0.744578	2.86003
9.36806	-0.303998	0.699351	4.0201
9.36806	-0.303998	0.699351	4.0201
7.68266	-0.291979	0.535576	26.3993
7.68266	-0.291979	0.535576	26.3993
5.93301	-0.201927	0.403538	51.9501
5.93301	-0.201927	0.403538	51.9501
5.83953	-0.185487	0.387495	74.4817
5.83953	-0.185487	0.387495	74.4817
4.7397	-0.149264	0.311635	79.2462
4.7397	-0.149264	0.311635	79.2462
10.7164	-0.354396	0.784955	3.24932
10.7164	-0.354396	0.784955	3.24932
10.215	-0.296171	0.757723	3.81297
10.215	-0.296171	0.757723	3.81297
6.40021	-0.228136	0.436778	70.2945
6.40021	-0.228136	0.436778	70.2945
5.50588	-0.167645	0.362542	87.8095
5.50588	-0.167645	0.362542	87.8095
5.08746	-0.151367	0.333658	69.0173
5.08746	-0.151367	0.333658	69.0173
5.06138	-0.164792	0.336203	71.7765
5.06138	-0.164792	0.336203	71.7765
10.7164	-0.354396	0.784955	3.24932
10.7164	-0.354396	0.784955	3.24932
10.215	-0.296171	0.757723	3.81297
10.215	-0.296171	0.757723	3.81297
6.40021	-0.228136	0.436778	70.2945
6.40021	-0.228136	0.436778	70.2945
5.50588	-0.167645	0.362542	87.8095
5.50588	-0.167645	0.362542	87.8095
5.08746	-0.151367	0.333658	69.0173
5.08746	-0.151367	0.333658	69.0173
5.06138	-0.164792	0.336203	71.7765
5.06138	-0.164792	0.336203	71.7765
10.5184	-0.3275	0.769607	3.70069
10.5184	-0.3275	0.769607	3.70069
10.5184	-0.3275	0.769607	3.70069
9.4142	-0.287039	0.707414	5.20513
6.54233	-0.235702	0.448938	65.3387
6.54233	-0.235702	0.448938	65.3387
6.54233	-0.235702	0.448938	65.3387
5.737	-0.173522	0.378756	67.5533
5.737	-0.173522	0.378756	67.5533
5.737	-0.173522	0.378756	67.5533
4.33654	-0.126531	0.281976	89.3086
4.33654	-0.126531	0.281976	89.3086
10.2526	-0.346827	0.740601	2.99843
10.0073	-0.35038	0.732833	3.67626
10.0073	-0.35038	0.732833	3.67626
8.30306	-0.286963	0.631636	13.0207
8.12304	-0.319251	0.570724	26.9616
7.14711	-0.256523	0.492783	50.3473
7.14711	-0.256523	0.492783	50.3473
6.16797	-0.18537	0.408677	60.2059
5.96542	-0.188977	0.39796	75.3715
5.96542	-0.188977	0.39796	75.3715
4.76569	-0.155849	0.319593	86.3768
3.68556	-0.111205	0.237655	112.65
9.62421	-0.336216	0.706959	2.97881
9.62421	-0.336216	0.706959	2.97881
9.46528	-0.407922	0.671435	5.61567
9.38386	-0.391513	0.676759	5.91637
7.63767	-0.278131	0.526344	18.6202
7.63767	-0.278131	0.526344	18.6202
7.54804	-0.247436	0.580011	12.9937
6.31826	-0.193625	0.419151	52.4742
6.00721	-0.197324	0.4028	67.4528
6.00721	-0.197324	0.4028	67.4528
5.39192	-0.184289	0.366624	55.3404
3.41483	-0.107725	0.219391	145.097
10.2526	-0.346827	0.740601	2.99843
10.0073	-0.35038	0.732833	3.67626
10.0073	-0.35038	0.732833	3.67626
8.30306	-0.286963	0.631636	13.0207
8.12304	-0.319251	0.570724	26.9616
7.14711	-0.256523	0.492783	50.3473
7.14711	-0.256523	0.492783	50.3473
6.16797	-0.18537	0.408677	60.2059
5.96542	-0.188977	0.39796	75.3715
5.96542	-0.188977	0.39796	75.3715
4.76569	-0.155849	0.319593	86.3768
3.68556	-0.111205	0.237655	112.65
10.5184	-0.3275	0.769607	3.70069
10.5184	-0.3275	0.769607	3.70069
10.5184	-0.3275	0.769607	3.70069
9.4142	-0.287039	0.707414	5.20513
6.54233	-0.235702	0.448938	65.3387
6.54233	-0.235702	0.448938	65.3387
6.54233	-0.235702	0.448938	65.3387
5.737	-0.173522	0.378756	67.5533
5.737	-0.173522	0.378756	67.5533
5.737	-0.173522	0.378756	67.5533
4.33654	-0.126531	0.281976	89.3086
4.33654	-0.126531	0.281976	89.3086
10.2289	-0.359181	0.744578	2.86003
10.2289	-0.359181	0.744578	2.86003
9.36806	-0.303998	0.699351	4.0201
9.36806	-0.303998	0.699351	4.0201
7.68266	-0.291979	0.535576	26.3993
7.68266	-0.291979	0.535576	26.3993
5.93301	-0.201927	0.403538	51.9501
5.93301	-0.201927	0.403538	51.9501
5.83953	-0.185487	0.387495	74.4817
5.83953	-0.185487	0.387495	74.4817
4.7397	-0.149264	0.311635	79.2462
4.7397	-0.149264	0.311635	79.2462
10.2526	-0.346827	0.740601	2.99843
10.0073	-0.35038	0.732833	3.67626
10.0073	-0.35038	0.732833	3.67626
8.30306	-0.286963	0.631636	13.0207
8.12304	-0.319251	0.570724	26.9616
7.14711	-0.256523	0.492783	50.3473
7.14711	-0.256523	0.492783	50.3473
6.16797	-0.18537	0.408677	60.2059
5.96542	-0.188977	0.39796	75.3715
5.96542	-0.188977	0.39796	75.3715
4.76569	-0.155849	0.319593	86.3768
3.68556	-0.111205	0.237655	112.65
10.1594	-0.380399	0.730987	2.95342
10.1594	-0.380399	0.730987	2.95342
9.65996	-0.324146	0.710859	3.88976
8.31396	-0.334655	0.581471	16.1756
8.31396	-0.334655	0.581471	16.1756
7.00448	-0.237201	0.539782	24.3916
6.78443	-0.233905	0.463956	62.2139
6.73744	-0.213745	0.452666	57.2669
6.73744	-0.213745	0.452666	57.2669
6.30762	-0.188859	0.420725	56.8013
3.91764	-0.120252	0.25815	130.125
3.50819	-0.114967	0.233466	129.219
10.1051	-0.381255	0.727244	2.80984
10.0447	-0.43079	0.716626	2.76966
9.4622	-0.35948	0.699892	3.79587
8.91416	-0.386568	0.630934	11.639
8.30549	-0.333994	0.575144	16.1807
7.05866	-0.241305	0.481072	67.3243
6.98537	-0.222787	0.470355	57.9297
6.83874	-0.226648	0.462539	34.7806
6.33161	-0.1944	0.42489	76.5927
6.14815	-0.199452	0.480602	24.2503
4.27427	-0.140213	0.287044	77.4309
3.22858	-0.105016	0.213327	87.6761
10.1594	-0.380399	0.730987	2.95342
10.1594	-0.380399	0.730987	2.95342
9.65996	-0.324146	0.710859	3.88976
8.31396	-0.334655	0.581471	16.1756
8.31396	-0.334655	0.581471	16.1756
7.00448	-0.237201	0.539782	24.3916
6.78443	-0.233905	0.463956	62.2139
6.73744	-0.213745	0.452666	57.2669
6.73744	-0.213745	0.452666	57.2669
6.30762	-0.188859	0.420725	56.8013
3.91764	-0.120252	0.25815	130.125
3.50819	-0.114967	0.233466	129.219
10.2526	-0.346827	0.740601	2.99843
10.0073	-0.35038	0.732833	3.67626
10.0073	-0.35038	0.732833	3.67626
8.30306	-0.286963	0.631636	13.0207
8.12304	-0.319251	0.570724	26.9616
7.14711	-0.256523	0.492783	50.3473
7.14711	-0.256523	0.492783	50.3473
6.16797	-0.18537	0.408677	60.2059
5.96542	-0.188977	0.39796	75.3715
5.96542	-0.188977	0.39796	75.3715
4.76569	-0.155849	0.319593	86.3768
3.68556	-0.111205	0.237655	112.65
9.62861	-0.379651	0.702118	3.32453
9.62861	-0.379651	0.702118	3.32453
8.75632	-0.31756	0.659177	7.40042
8.75632	-0.31756	0.659177	7.40042
8.60397	-0.331853	0.603028	12.4176
8.60397	-0.331853	0.603028	12.4176
6.61381	-0.241062	0.453444	37.4075
6.61381	-0.241062	0.453444	37.4075
5.94446	-0.189128	0.395394	74.3696
5.94446	-0.189128	0.395394	74.3696
4.61479	-0.14601	0.303116	81.0305
4.61479	-0.14601	0.303116	81.0305
9.62421	-0.336216	0.706959	2.97881
9.62421	-0.336216	0.706959	2.97881
9.46528	-0.407922	0.671435	5.61567
9.38386	-0.391513	0.676759	5.91637
7.63767	-0.278131	0.526344	18.6202
7.63767	-0.278131	0.526344	18.6202
7.54804	-0.247436	0.580011	12.9937
6.31826	-0.193625	0.419151	52.4742
6.00721	-0.197324	0.4028	67.4528
6.00721	-0.197324	0.4028	67.4528
5.39192	-0.184289	0.366624	55.3404
3.41483	-0.107725	0.219391	145.097
10.1051	-0.381255	0.727244	2.80984
10.0447	-0.43079	0.716626	2.76966
9.4622	-0.35948	0.699892	3.79587
8.91416	-0.386568	0.630934	11.639
8.30549	-0.333994	0.575144	16.1807
7.05866	-0.241305	0.481072	67.3243
6.98537	-0.222787	0.470355	57.9297
6.83874	-0.226648	0.462539	34.7806
6.33161	-0.1944	0.42489	76.5927
6.14815	-0.199452	0.480602	24.2503
4.27427	-0.140213	0.287044	77.4309
3.22858	-0.105016	0.213327	87.6761
10.2476	-0.408855	0.731357	2.09602
10.2476	-0.408855	0.731357	2.09602
9.3559	-0.360908	0.694766	4.56992
8.53658	-0.335988	0.592386	33.6231
8.53658	-0.335988	0.592386	33.6231
7.45318	-0.260925	0.511793	56.6882
7.45318	-0.260925	0.511793	56.6882
6.52071	-0.190277	0.436568	67.7409
6.52071	-0.190277	0.436568	67.7409
5.16771	-0.174265	0.416289	34.5477
3.78141	-0.11841	0.251771	76.463
3.78141	-0.11841	0.251771	76.463
10.1051	-0.381255	0.727244	2.80984
10.0447	-0.43079	0.716626	2.76966
9.4622	-0.35948	0.699892	3.79587
8.91416	-0.386568	0.630934	11.639
8.30549	-0.333994	0.575144	16.1807
7.05866	-0.241305	0.481072	67.3243
6.98537	-0.222787	0.470355	57.9297
6.83874	-0.226648	0.462539	34.7806
6.33161	-0.1944	0.42489	76.5927
6.14815	-0.199452	0.480602	24.2503
4.27427	-0.140213	0.287044	77.4309
3.22858	-0.105016	0.213327	87.6761
9.62421	-0.336216	0.706959	2.97881
9.62421	-0.336216	0.706959	2.97881
9.46528	-0.407922	0.671435	5.61567
9.38386	-0.391513	0.676759	5.91637
7.63767	-0.278131	0.526344	18.6202
7.63767	-0.278131	0.526344	18.6202
7.54804	-0.247436	0.580011	12.9937
6.31826	-0.193625	0.419151	52.4742
6.00721	-0.197324	0.4028	67.4528
6.00721	-0.197324	0.4028	67.4528
5.39192	-0.184289	0.366624	55.3404
3.41483	-0.107725	0.219391	145.097
10.2289	-0.359181	0.744578	2.86003
10.2289	-0.359181	0.744578	2.86003
9.36806	-0.303998	0.699351	4.0201
9.36806	-0.303998	0.699351	4.0201
7.68266	-0.291979	0.535576	26.3993
7.68266	-0.291979	0.535576	26.3993
5.93301	-0.201927	0.403538	51.9501
5.93301	-0.201927	0.403538	51.9501
5.83953	-0.185487	0.387495	74.4817
5.83953	-0.185487	0.387495	74.4817
4.7397	-0.149264	0.311635	79.2462
4.7397	-0.149264	0.311635	79.2462
10.2526	-0.346827	0.740601	2.99843
10.0073	-0.35038	0.732833	3.67626
10.0073	-0.35038	0.732833	3.67626
8.30306	-0.286963	0.631636	13.0207
8.12304	-0.319251	0.570724	26.9616
7.14711	-0.256523	0.492783	50.3473
7.14711	-0.256523	0.492783	50.3473
6.16797	-0.18537	0.408677	60.2059
5.96542	-0.188977	0.39796	75.3715
5.96542	-0.188977	0.39796	75.3715
4.76569	-0.155849	0.319593	86.3768
3.68556	-0.111205	0.237655	112.65
10.1594	-0.380399	0.730987	2.95342
10.1594	-0.380399	0.730987	2.95342
9.65996	-0.324146	0.710859	3.88976
8.31396	-0.334655	0.581471	16.1756
8.31396	-0.334655	0.581471	16.1756
7.00448	-0.237201	0.539782	24.3916
6.78443	-0.233905	0.463956	62.2139
6.73744	-0.213745	0.452666	57.2669
6.73744	-0.213745	0.452666	57.2669
6.30762	-0.188859	0.420725	56.8013
3.91764	-0.120252	0.25815	130.125
3.50819	-0.114967	0.233466	129.219
10.1051	-0.381255	0.727244	2.80984
10.0447	-0.43079	0.716626	2.76966
9.4622	-0.35948	0.699892	3.79587
8.91416	-0.386568	0.630934	11.639
8.30549	-0.333994	0.575144	16.1807
7.05866	-0.241305	0.481072	67.3243
6.98537	-0.222787	0.470355	57.9297
6.83874	-0.226648	0.462539	34.7806
6.33161	-0.1944	0.42489	76.5927
6.14815	-0.199452	0.480602	24.2503
4.27427	-0.140213	0.287044	77.4309
3.22858	-0.105016	0.213327	87.6761
10.1594	-0.380399	0.730987	2.95342
10.1594	-0.380399	0.730987	2.95342
9.65996	-0.324146	0.710859	3.88976
8.31396	-0.334655	0.581471	16.1756
8.31396	-0.334655	0.581471	16.1756
7.00448	-0.237201	0.539782	24.3916
6.78443	-0.233905	0.463956	62.2139
6.73744	-0.213745	0.452666	57.2669
6.73744	-0.213745	0.452666	57.2669
6.30762	-0.188859	0.420725	56.8013
3.91764	-0.120252	0.25815	130.125
3.50819	-0.114967	0.233466	129.219
10.2526	-0.346827	0.740601	2.99843
10.0073	-0.35038	0.732833	3.67626
10.0073	-0.35038	0.732833	3.67626
8.30306	-0.286963	0.631636	13.0207
8.12304	-0.319251	0.570724	26.9616
7.14711	-0.256523	0.492783	50.3473
7.14711	-0.256523	0.492783	50.3473
6.16797	-0.18537	0.408677	60.2059
5.96542	-0.188977	0.39796	75.3715
5.96542	-0.188977	0.39796	75.3715
4.76569	-0.155849	0.319593	86.3768
3.68556	-0.111205	0.237655	112.65
10.7164	-0.354396	0.784955	3.24932
10.7164	-0.354396	0.784955	3.24932
10.215	-0.296171	0.757723	3.81297
10.215	-0.296171	0.757723	3.81297
6.40021	-0.228136	0.436778	70.2945
6.40021	-0.228136	0.436778	70.2945
5.50588	-0.167645	0.362542	87.8095
5.50588	-0.167645	0.362542	87.8095
5.08746	-0.151367	0.333658	69.0173
5.08746	-0.151367	0.333658	69.0173
5.06138	-0.164792	0.336203	71.7765
5.06138	-0.164792	0.336203	71.7765
10.5184	-0.3275	0.769607	3.70069
10.5184	-0.3275	0.769607	3.70069
10.5184	-0.3275	0.769607	3.70069
9.4142	-0.287039	0.707414	5.20513
6.54233	-0.235702	0.448938	65.3387
6.54233	-0.235702	0.448938	65.3387
6.54233	-0.235702	0.448938	65.3387
5.737	-0.173522	0.378756	67.5533
5.737	-0.173522	0.378756	67.5533
5.737	-0.173522	0.378756	67.5533
4.33654	-0.126531	0.281976	89.3086
4.33654	-0.126531	0.281976	89.3086
10.2526	-0.346827	0.740601	2.99843
10.0073	-0.35038	0.732833	3.67626
10.0073	-0.35038	0.732833	3.67626
8.30306	-0.286963	0.631636	13.0207
8.12304	-0.319251	0.570724	26.9616
7.14711	-0.256523	0.492783	50.3473
7.14711	-0.256523	0.492783	50.3473
6.16797	-0.18537	0.408677	60.2059
5.96542	-0.188977	0.39796	75.3715
5.96542	-0.188977	0.39796	75.3715
4.76569	-0.155849	0.319593	86.3768
3.68556	-0.111205	0.237655	112.65
9.62421	-0.336216	0.706959	2.97881
9.62421	-0.336216	0.706959	2.97881
9.46528	-0.407922	0.671435	5.61567
9.38386	-0.391513	0.676759	5.91637
7.63767	-0.278131	0.526344	18.6202
7.63767	-0.278131	0.526344	18.6202
7.54804	-0.247436	0.580011	12.9937
6.31826	-0.193625	0.419151	52.4742
6.00721	-0.197324	0.4028	67.4528
6.00721	-0.197324	0.4028	67.4528
5.39192	-0.184289	0.366624	55.3404
3.41483	-0.107725	0.219391	145.097
10.2526	-0.346827	0.740601	2.99843
10.0073	-0.35038	0.732833	3.67626
10.0073	-0.35038	0.732833	3.67626
8.30306	-0.286963	0.631636	13.0207
8.12304	-0.319251	0.570724	26.9616
7.14711	-0.256523	0.492783	50.3473
7.14711	-0.256523	0.492783	50.3473
6.16797	-0.18537	0.408677	60.2059
5.96542	-0.188977	0.39796	75.3715
5.96542	-0.188977	0.39796	75.3715
4.76569	-0.155849	0.319593	86.3768
3.68556	-0.111205	0.237655	112.65
10.5184	-0.3275	0.769607	3.70069
10.5184	-0.3275	0.769607	3.70069
10.5184	-0.3275	0.769607	3.70069
9.4142	-0.287039	0.707414	5.20513
6.54233	-0.235702	0.448938	65.3387
6.54233	-0.235702	0.448938	65.3387
6.54233	-0.235702	0.448938	65.3387
5.737	-0.173522	0.378756	67.5533
5.737	-0.173522	0.378756	67.5533
5.737	-0.173522	0.378756	67.5533
4.33654	-0.126531	0.281976	89.3086
4.33654	-0.126531	0.281976	89.3086
9.99744	-0.336334	0.737239	3.48594
9.99744	-0.336334	0.737239	3.48594
9.99744	-0.336334	0.737239	3.48594
9.99744	-0.336334	0.737239	3.48594
6.80442	-0.252896	0.469443	23.5713
6.80442	-0.252896	0.469443	23.5713
6.80442	-0.252896	0.469443	23.5713
6.80442	-0.252896	0.469443	23.5713
4.99652	-0.152149	0.326502	104.12
4.99652	-0.152149	0.326502	104.12
4.99652	-0.152149	0.326502	104.12
4.99652	-0.152149	0.326502	104.12
10.2289	-0.359181	0.744578	2.86003
10.2289	-0.359181	0.744578	2.86003
9.36806	-0.303998	0.699351	4.0201
9.36806	-0.303998	0.699351	4.0201
7.68266	-0.291979	0.535576	26.3993
7.68266	-0.291979	0.535576	26.3993
5.93301	-0.201927	0.403538	51.9501
5.93301	-0.201927	0.403538	51.9501
5.83953	-0.185487	0.387495	74.4817
5.83953	-0.185487	0.387495	74.4817
4.7397	-0.149264	0.311635	79.2462
4.7397	-0.149264	0.311635	79.2462
10.0217	-0.387765	0.720634	2.86551
10.0217	-0.387765	0.720634	2.86551
8.54286	-0.340271	0.599947	15.0939
8.54286	-0.340271	0.599947	15.0939
8.50785	-0.283175	0.641838	6.57431
8.50785	-0.283175	0.641838	6.57431
6.6448	-0.224645	0.449194	67.0833
6.6448	-0.224645	0.449194	67.0833
5.25421	-0.157832	0.348839	60.5349
5.25421	-0.157832	0.348839	60.5349
5.20815	-0.175917	0.353475	77.0079
5.20815	-0.175917	0.353475	77.0079
9.56785	-0.426146	0.684882	3.61817
9.56785	-0.426146	0.684882	3.61817
9.22108	-0.377073	0.650234	6.25809
9.22108	-0.377073	0.650234	6.25809
7.96654	-0.271698	0.606865	9.75979
7.96654	-0.271698	0.606865	9.75979
6.95104	-0.239927	0.473645	70.4305
6.95104	-0.239927	0.473645	70.4305
5.70641	-0.185966	0.384537	20.4895
5.70641	-0.185966	0.384537	20.4895
4.95156	-0.152371	0.330498	73.9872
4.95156	-0.152371	0.330498	73.9872
10.0217	-0.387765	0.720634	2.86551
10.0217	-0.387765	0.720634	2.86551
8.54286	-0.340271	0.599947	15.0939
8.54286	-0.340271	0.599947	15.0939
8.50785	-0.283175	0.641838	6.57431
8.50785	-0.283175	0.641838	6.57431
6.6448	-0.224645	0.449194	67.0833
6.6448	-0.224645	0.449194	67.0833
5.25421	-0.157832	0.348839	60.5349
5.25421	-0.157832	0.348839	60.5349
5.20815	-0.175917	0.353475	77.0079
5.20815	-0.175917	0.353475	77.0079
10.2289	-0.359181	0.744578	2.86003
10.2289	-0.359181	0.744578	2.86003
9.36806	-0.303998	0.699351	4.0201
9.36806	-0.303998	0.699351	4.0201
7.68266	-0.291979	0.535576	26.3993
7.68266	-0.291979	0.535576	26.3993
5.93301	-0.201927	0.403538	51.9501
5.93301	-0.201927	0.403538	51.9501
5.83953	-0.185487	0.387495	74.4817
5.83953	-0.185487	0.387495	74.4817
4.7397	-0.149264	0.311635	79.2462
4.7397	-0.149264	0.311635	79.2462
10.2289	-0.359181	0.744578	2.86003
10.2289	-0.359181	0.744578	2.86003
9.36806	-0.303998	0.699351	4.0201
9.36806	-0.303998	0.699351	4.0201
7.68266	-0.291979	0.535576	26.3993
7.68266	-0.291979	0.535576	26.3993
5.93301	-0.201927	0.403538	51.9501
5.93301	-0.201927	0.403538	51.9501
5.83953	-0.185487	0.387495	74.4817
5.83953	-0.185487	0.387495	74.4817
4.7397	-0.149264	0.311635	79.2462
4.7397	-0.149264	0.311635	79.2462
10.2526	-0.346827	0.740601	2.99843
10.0073	-0.35038	0.732833	3.67626
10.0073	-0.35038	0.732833	3.67626
8.30306	-0.286963	0.631636	13.0207
8.12304	-0.319251	0.570724	26.9616
7.14711	-0.256523	0.492783	50.3473
7.14711	-0.256523	0.492783	50.3473
6.16797	-0.18537	0.408677	60.2059
5.96542	-0.188977	0.39796	75.3715
5.96542	-0.188977	0.39796	75.3715
4.76569	-0.155849	0.319593	86.3768
3.68556	-0.111205	0.237655	112.65
10.1594	-0.380399	0.730987	2.95342
10.1594	-0.380399	0.730987	2.95342
9.65996	-0.324146	0.710859	3.88976
8.31396	-0.334655	0.581471	16.1756
8.31396	-0.334655	0.581471	16.1756
7.00448	-0.237201	0.539782	24.3916
6.78443	-0.233905	0.463956	62.2139
6.73744	-0.213745	0.452666	57.2669
6.73744	-0.213745	0.452666	57.2669
6.30762	-0.188859	0.420725	56.8013
3.91764	-0.120252	0.25815	130.125
3.50819	-0.114967	0.233466	129.219
10.1051	-0.381255	0.727244	2.80984
10.0447	-0.43079	0.716626	2.76966
9.4622	-0.35948	0.699892	3.79587
8.91416	-0.386568	0.630934	11.639
8.30549	-0.333994	0.575144	16.1807
7.05866	-0.241305	0.481072	67.3243
6.98537	-0.222787	0.470355	57.9297
6.83874	-0.226648	0.462539	34.7806
6.33161	-0.1944	0.42489	76.5927
6.14815	-0.199452	0.480602	24.2503
4.27427	-0.140213	0.287044	77.4309
3.22858	-0.105016	0.213327	87.6761
10.1594	-0.380399	0.730987	2.95342
10.1594	-0.380399	0.730987	2.95342
9.65996	-0.324146	0.710859	3.88976
8.31396	-0.334655	0.581471	16.1756
8.31396	-0.334655	0.581471	16.1756
7.00448	-0.237201	0.539782	24.3916
6.78443	-0.233905	0.463956	62.2139
6.73744	-0.213745	0.452666	57.2669
6.73744	-0.213745	0.452666	57.2669
6.30762	-0.188859	0.420725	56.8013
3.91764	-0.120252	0.25815	130.125
3.50819	-0.114967	0.233466	129.219
10.2526	-0.346827	0.740601	2.99843
10.0073	-0.35038	0.732833	3.67626
10.0073	-0.35038	0.732833	3.67626
8.30306	-0.286963	0.631636	13.0207
8.12304	-0.319251	0.570724	26.9616
7.14711	-0.256523	0.492783	50.3473
7.14711	-0.256523	0.492783	50.3473
6.16797	-0.18537	0.408677	60.2059
5.96542	-0.188977	0.39796	75.3715
5.96542	-0.188977	0.39796	75.3715
4.76569	-0.155849	0.319593	86.3768
3.68556	-0.111205	0.237655	112.65
10.0217	-0.387765	0.720634	2.86551
10.0217	-0.387765	0.720634	2.86551
8.54286	-0.340271	0.599947	15.0939
8.54286	-0.340271	0.599947	15.0939
8.50785	-0.283175	0.641838	6.57431
8.50785	-0.283175	0.641838	6.57431
6.6448	-0.224645	0.449194	67.0833
6.6448	-0.224645	0.449194	67.0833
5.25421	-0.157832	0.348839	60.5349
5.25421	-0.157832	0.348839	60.5349
5.20815	-0.175917	0.353475	77.0079
5.20815	-0.175917	0.353475	77.0079
10.1594	-0.380399	0.730987	2.95342
10.1594	-0.380399	0.730987	2.95342
9.65996	-0.324146	0.710859	3.88976
8.31396	-0.334655	0.581471	16.1756
8.31396	-0.334655	0.581471	16.1756
7.00448	-0.237201	0.539782	24.3916
6.78443	-0.233905	0.463956	62.2139
6.73744	-0.213745	0.452666	57.2669
6.73744	-0.213745	0.452666	57.2669
6.30762	-0.188859	0.420725	56.8013
3.91764	-0.120252	0.25815	130.125
3.50819	-0.114967	0.233466	129.219
10.3668	-0.389149	0.748346	2.62764
10.3668	-0.389149	0.748346	2.62764
10.3668	-0.389149	0.748346	2.62764
7.8681	-0.294849	0.54286	25.8672
7.8681	-0.294849	0.54286	25.8672
7.8681	-0.294849	0.54286	25.8672
6.97666	-0.204761	0.466435	53.1427
6.97666	-0.204761	0.466435	53.1427
6.97666	-0.204761	0.466435	53.1427
5.33193	-0.198274	0.416772	22.6539
2.51024	-0.0783027	0.162766	134.49
2.51024	-0.0783027	0.162766	134.49
10.6011	-0.360581	0.757388	1.62958
10.4508	-0.383693	0.755162	2.36717
10.4508	-0.383693	0.755162	2.36717
8.25465	-0.313333	0.572265	29.4061
7.5587	-0.243156	0.512362	50.0966
7.5587	-0.243156	0.512362	50.0966
7.20586	-0.211029	0.482084	69.3241
7.20121	-0.222753	0.485909	70.8393
7.20121	-0.222753	0.485909	70.8393
4.18991	-0.15442	0.333169	43.8089
2.7797	-0.0932603	0.185785	160.583
1.72374	-0.0566009	0.108883	307.403
10.3668	-0.389149	0.748346	2.62764
10.3668	-0.389149	0.748346	2.62764
10.3668	-0.389149	0.748346	2.62764
7.8681	-0.294849	0.54286	25.8672
7.8681	-0.294849	0.54286	25.8672
7.8681	-0.294849	0.54286	25.8672
6.97666	-0.204761	0.466435	53.1427
6.97666	-0.204761	0.466435	53.1427
6.97666	-0.204761	0.466435	53.1427
5.33193	-0.198274	0.416772	22.6539
2.51024	-0.0783027	0.162766	134.49
2.51024	-0.0783027	0.162766	134.49
10.1594	-0.380399	0.730987	2.95342
10.1594	-0.380399	0.730987	2.95342
9.65996	-0.324146	0.710859	3.88976
8.31396	-0.334655	0.581471	16.1756
8.31396	-0.334655	0.581471	16.1756
7.00448	-0.237201	0.539782	24.3916
6.78443	-0.233905	0.463956	62.2139
6.73744	-0.213745	0.452666	57.2669
6.73744	-0.213745	0.452666	57.2669
6.30762	-0.188859	0.420725	56.8013
3.91764	-0.120252	0.25815	130.125
3.50819	-0.114967	0.233466	129.219
9.56785	-0.426146	0.684882	3.61817
9.56785	-0.426146	0.684882	3.61817
9.22108	-0.377073	0.650234	6.25809
9.22108	-0.377073	0.650234	6.25809
7.96654	-0.271698	0.606865	9.75979
7.96654	-0.271698	0.606865	9.75979
6.95104	-0.239927	0.473645	70.4305
6.95104	-0.239927	0.473645	70.4305
5.70641	-0.185966	0.384537	20.4895
5.70641	-0.185966	0.384537	20.4895
4.95156	-0.152371	0.330498	73.9872
4.95156	-0.152371	0.330498	73.9872
10.1051	-0.381255	0.727244	2.80984
10.0447	-0.43079	0.716626	2.76966
9.4622	-0.35948	0.699892	3.79587
8.91416	-0.386568	0.630934	11.639
8.30549	-0.333994	0.575144	16.1807
7.05866	-0.241305	0.481072	67.3243
6.98537	-0.222787	0.470355	57.9297
6.83874	-0.226648	0.462539	34.7806
6.33161	-0.1944	0.42489	76.5927
6.14815	-0.199452	0.480602	24.2503
4.27427	-0.140213	0.287044	77.4309
3.22858	-0.105016	0.213327	87.6761
10.6011	-0.360581	0.757388	1.62958
10.4508	-0.383693	0.755162	2.36717
10.4508	-0.383693	0.755162	2.36717
8.25465	-0.313333	0.572265	29.4061
7.5587	-0.243156	0.512362	50.0966
7.5587	-0.243156	0.512362	50.0966
7.20586	-0.211029	0.482084	69.3241
7.20121	-0.222753	0.485909	70.8393
7.20121	-0.222753	0.485909	70.8393
4.18991	-0.15442	0.333169	43.8089
2.7797	-0.0932603	0.185785	160.583
1.72374	-0.0566009	0.108883	307.403
10.7962	-0.304998	0.770531	1.50345
10.7962	-0.304998	0.770531	1.50345
10.5692	-0.410504	0.765411	1.79209
7.80541	-0.25123	0.529419	60.2612
7.80541	-0.25123	0.529419	60.2612
7.49688	-0.233821	0.507035	66.0887
7.49688	-0.233821	0.507035	66.0887
7.26488	-0.210659	0.487243	67.2347
7.26488	-0.210659	0.487243	67.2347
2.6216	-0.0988532	0.219386	273.354
1.96156	-0.064832	0.130332	250.007
1.96156	-0.064832	0.130332	250.007
10.6011	-0.360581	0.757388	1.62958
10.4508	-0.383693	0.755162	2.36717
10.4508	-0.383693	0.755162	2.36717
8.25465	-0.313333	0.572265	29.4061
7.5587	-0.243156	0.512362	50.0966
7.5587	-0.243156	0.512362	50.0966
7.20586	-0.211029	0.482084	69.3241
7.20121	-0.222753	0.485909	70.8393
7.20121	-0.222753	0.485909	70.8393
4.18991	-0.15442	0.333169	43.8089
2.7797	-0.0932603	0.185785	160.583
1.72374	-0.0566009	0.108883	307.403
10.1051	-0.381255	0.727244	2.80984
10.0447	-0.43079	0.716626	2.76966
9.4622	-0.35948	0.699892	3.79587
8.91416	-0.386568	0.630934	11.639
8.30549	-0.333994	0.575144	16.1807
7.05866	-0.241305	0.481072	67.3243
6.98537	-0.222787	0.470355	57.9297
6.83874	-0.226648	0.462539	34.7806
6.33161	-0.1944	0.42489	76.5927
6.14815	-0.199452	0.480602	24.2503
4.27427	-0.140213	0.287044	77.4309
3.22858	-0.105016	0.213327	87.6761
10.0217	-0.387765	0.720634	2.86551
10.0217	-0.387765	0.720634	2.86551
8.54286	-0.340271	0.599947	15.0939
8.54286	-0.340271	0.599947	15.0939
8.50785	-0.283175	0.641838	6.57431
8.50785	-0.283175	0.641838	6.57431
6.6448	-0.224645	0.449194	67.0833
6.6448	-0.224645	0.449194	67.0833
5.25421	-0.157832	0.348839	60.5349
5.25421	-0.157832	0.348839	60.5349
5.20815	-0.175917	0.353475	77.0079
5.20815	-0.175917	0.353475	77.0079
10.1594	-0.380399	0.730987	2.95342
10.1594	-0.380399	0.730987	2.95342
9.65996	-0.324146	0.710859	3.88976
8.31396	-0.334655	0.581471	16.1756
8.31396	-0.334655	0.581471	16.1756
7.00448	-0.237201	0.539782	24.3916
6.78443	-0.233905	0.463956	62.2139
6.73744	-0.213745	0.452666	57.2669
6.73744	-0.213745	0.452666	57.2669
6.30762	-0.188859	0.420725	56.8013
3.91764	-0.120252	0.25815	130.125
3.50819	-0.114967	0.233466	129.219
10.3668	-0.389149	0.748346	2.62764
10.3668	-0.389149	0.748346	2.62764
10.3668	-0.389149	0.748346	2.62764
7.8681	-0.294849	0.54286	25.8672
7.8681	-0.294849	0.54286	25.8672
7.8681	-0.294849	0.54286	25.8672
6.97666	-0.204761	0.466435	53.1427
6.97666	-0.204761	0.466435	53.1427
6.97666	-0.204761	0.466435	53.1427
5.33193	-0.198274	0.416772	22.6539
2.51024	-0.0783027	0.162766	134.49
2.51024	-0.0783027	0.162766	134.49
10.6011	-0.360581	0.757388	1.62958
10.4508	-0.383693	0.755162	2.36717
10.4508	-0.383693	0.755162	2.36717
8.25465	-0.313333	0.572265	29.4061
7.5587	-0.243156	0.512362	50.0966
7.5587	-0.243156	0.512362	50.0966
7.20586	-0.211029	0.482084	69.3241
7.20121	-0.222753	0.485909	70.8393
7.20121	-0.222753	0.485909	70.8393
4.18991	-0.15442	0.333169	43.8089
2.7797	-0.0932603	0.185785	160.583
1.72374	-0.0566009	0.108883	307.403
10.3668	-0.389149	0.748346	2.62764
10.3668	-0.389149	0.748346	2.62764
10.3668	-0.389149	0.748346	2.62764
7.8681	-0.294849	0.54286	25.8672
7.8681	-0.294849	0.54286	25.8672
7.8681	-0.294849	0.54286	25.8672
6.97666	-0.204761	0.466435	53.1427
6.97666	-0.204761	0.466435	53.1427
6.97666	-0.204761	0.466435	53.1427
5.33193	-0.198274	0.416772	22.6539
2.51024	-0.0783027	0.162766	134.49
2.51024	-0.0783027	0.162766	134.49
10.1594	-0.380399	0.730987	2.95342
10.1594	-0.380399	0.730987	2.95342
9.65996	-0.324146	0.710859	3.88976
8.31396	-0.334655	0.581471	16.1756
8.31396	-0.334655	0.581471	16.1756
7.00448	-0.237201	0.539782	24.3916
6.78443	-0.233905	0.463956	62.2139
6.73744	-0.213745	0.452666	57.2669
6.73744	-0.213745	0.452666	57.2669
6.30762	-0.188859	0.420725	56.8013
3.91764	-0.120252	0.25815	130.125
3.50819	-0.114967	0.233466	129.219
10.2289	-0.359181	0.744578	2.86003
10.2289	-0.359181	0.744578	2.86003
9.36806	-0.303998	0.699351	4.0201
9.36806	-0.303998	0.699351	4.0201
7.68266	-0.291979	0.535576	26.3993
7.68266	-0.291979	0.535576	26.3993
5.93301	-0.201927	0.403538	51.9501
5.93301	-0.201927	0.403538	51.9501
5.83953	-0.185487	0.387495	74.4817
5.83953	-0.185487	0.387495	74.4817
4.7397	-0.149264	0.311635	79.2462
4.7397	-0.149264	0.311635	79.2462
10.2526	-0.346827	0.740601	2.99843
10.0073	-0.35038	0.732833	3.67626
10.0073	-0.35038	0.732833	3.67626
8.30306	-0.286963	0.631636	13.0207
8.12304	-0.319251	0.570724	26.9616
7.14711	-0.256523	0.492783	50.3473
7.14711	-0.256523	0.492783	50.3473
6.16797	-0.18537	0.408677	60.2059
5.96542	-0.188977	0.39796	75.3715
5.96542	-0.188977	0.39796	75.3715
4.76569	-0.155849	0.319593	86.3768
3.68556	-0.111205	0.237655	112.65
10.1594	-0.380399	0.730987	2.95342
10.1594	-0.380399	0.730987	2.95342
9.65996	-0.324146	0.710859	3.88976
8.31396	-0.334655	0.581471	16.1756
8.31396	-0.334655	0.581471	16.1756
7.00448	-0.237201	0.539782	24.3916
6.78443	-0.233905	0.463956	62.2139
6.73744	-0.213745	0.452666	57.2669
6.73744	-0.213745	0.452666	57.2669
6.30762	-0.188859	0.420725	56.8013
3.91764	-0.120252	0.25815	130.125
3.50819	-0.114967	0.233466	129.219
10.1051	-0.381255	0.727244	2.80984
10.0447	-0.43079	0.716626	2.76966
9.4622	-0.35948	0.699892	3.79587
8.91416	-0.386568	0.630934	11.639
8.30549	-0.333994	0.575144	16.1807
7.05866	-0.241305	0.481072	67.3243
6.98537	-0.222787	0.470355	57.9297
6.83874	-0.226648	0.462539	34.7806
6.33161	-0.1944	0.42489	76.5927
6.14815	-0.199452	0.480602	24.2503
4.27427	-0.140213	0.287044	77.4309
3.22858	-0.105016	0.213327	87.6761
10.1594	-0.380399	0.730987	2.95342
10.1594	-0.380399	0.730987	2.95342
9.65996	-0.324146	0.710859	3.88976
8.31396	-0.334655	0.581471	16.1756
8.31396	-0.334655	0.581471	16.1756
7.00448	-0.237201	0.539782	24.3916
6.78443	-0.233905	0.463956	62.2139
6.73744	-0.213745	0.452666	57.2669
6.73744	-0.213745	0.452666	57.2669
6.30762	-0.188859	0.420725	56.8013
3.91764	-0.120252	0.25815	130.125
3.50819	-0.114967	0.233466	129.219
10.2526	-0.346827	0.740601	2.99843
10.0073	-0.35038	0.732833	3.67626
10.0073	-0.35038	0.732833	3.67626
8.30306	-0.286963	0.631636	13.0207
8.12304	-0.319251	0.570724	26.9616
7.14711	-0.256523	0.492783	50.3473
7.14711	-0.256523	0.492783	50.3473
6.16797	-0.18537	0.408677	60.2059
5.96542	-0.188977	0.39796	75.3715
5.96542	-0.188977	0.39796	75.3715
4.76569	-0.155849	0.319593	86.3768
3.68556	-0.111205	0.237655	112.65
9.3595	-0.381269	0.695055	3.30972
9.3595	-0.381269	0.695055	3.30972
9.3595	-0.381269	0.695055	3.30972
9.3595	-0.381269	0.695055	3.30972
7.6766	-0.278025	0.533335	21.4735
7.6766	-0.278025	0.533335	21.4735
7.6766	-0.278025	0.533335	21.4735
7.6766	-0.278025	0.533335	21.4735
4.99507	-0.151641	0.32674	81.8751
4.99507	-0.151641	0.32674	81.8751
4.99507	-0.151641	0.32674	81.8751
4.99507	-0.151641	0.32674	81.8751
9.62861	-0.379651	0.702118	3.32453
9.62861	-0.379651	0.702118	3.32453
8.75632	-0.31756	0.659177	7.40042
8.75632	-0.31756	0.659177	7.40042
8.60397	-0.331853	0.603028	12.4176
8.60397	-0.331853	0.603028	12.4176
6.61381	-0.241062	0.453444	37.4075
6.61381	-0.241062	0.453444	37.4075
5.94446	-0.189128	0.395394	74.3696
5.94446	-0.189128	0.395394	74.3696
4.61479	-0.14601	0.303116	81.0305
4.61479	-0.14601	0.303116	81.0305
9.56785	-0.426146	0.684882	3.61817
9.56785	-0.426146	0.684882	3.61817
9.22108	-0.377073	0.650234	6.25809
9.22108	-0.377073	0.650234	6.25809
7.96654	-0.271698	0.606865	9.75979
7.96654	-0.271698	0.606865	9.75979
6.95104	-0.239927	0.473645	70.4305
6.95104	-0.239927	0.473645	70.4305
5.70641	-0.185966	0.384537	20.4895
5.70641	-0.185966	0.384537	20.4895
4.95156	-0.152371	0.330498	73.9872
4.95156	-0.152371	0.330498	73.9872
9.43632	-0.445536	0.667989	5.35601
9.43632	-0.445536	0.667989	5.35601
9.43632	-0.445536	0.667989	5.35601
9.43632	-0.445536	0.667989	5.35601
7.48555	-0.248797	0.576463	28.8154
7.48555	-0.248797	0.576463	28.8154
7.43123	-0.272662	0.514095	59.9942
7.43123	-0.272662	0.514095	59.9942
5.33456	-0.156017	0.356175	68.0101
5.33456	-0.156017	0.356175	68.0101
5.33456	-0.156017	0.356175	68.0101
5.33456	-0.156017	0.356175	68.0101
9.56785	-0.426146	0.684882	3.61817
9.56785	-0.426146	0.684882	3.61817
9.22108	-0.377073	0.650234	6.25809
9.22108	-0.377073	0.650234	6.25809
7.96654	-0.271698	0.606865	9.75979
7.96654	-0.271698	0.606865	9.75979
6.95104	-0.239927	0.473645	70.4305
6.95104	-0.239927	0.473645	70.4305
5.70641	-0.185966	0.384537	20.4895
5.70641	-0.185966	0.384537	20.4895
4.95156	-0.152371	0.330498	73.9872
4.95156	-0.152371	0.330498	73.9872
9.62861	-0.379651	0.702118	3.32453
9.62861	-0.379651	0.702118	3.32453
8.75632	-0.31756	0.659177	7.40042
8.75632	-0.31756	0.659177	7.40042
8.60397	-0.331853	0.603028	12.4176
8.60397	-0.331853	0.603028	12.4176
6.61381	-0.241062	0.453444	37.4075
6.61381	-0.241062	0.453444	37.4075
5.94446	-0.189128	0.395394	74.3696
5.94446	-0.189128	0.395394	74.3696
4.61479	-0.14601	0.303116	81.0305
4.61479	-0.14601	0.303116	81.0305
9.62861	-0.379651	0.702118	3.32453
9.62861	-0.379651	0.702118	3.32453
8.75632	-0.31756	0.659177	7.40042
8.75632	-0.31756	0.659177	7.40042
8.60397	-0.331853	0.603028	12.4176
8.60397	-0.331853	0.603028	12.4176
6.61381	-0.241062	0.453444	37.4075
6.61381	-0.241062	0.453444	37.4075
5.94446	-0.189128	0.395394	74.3696
5.94446	-0.189128	0.395394	74.3696
4.61479	-0.14601	0.303116	81.0305
4.61479	-0.14601	0.303116	81.0305
9.62421	-0.336216	0.706959	2.97881
9.62421	-0.336216	0.706959	2.97881
9.46528	-0.407922	0.671435	5.61567
9.38386	-0.391513	0.676759	5.91637
7.63767	-0.278131	0.526344	18.6202
7.63767	-0.278131	0.526344	18.6202
7.54804	-0.247436	0.580011	12.9937
6.31826	-0.193625	0.419151	52.4742
6.00721	-0.197324	0.4028	67.4528
6.00721	-0.197324	0.4028	67.4528
5.39192	-0.184289	0.366624	55.3404
3.41483	-0.107725	0.219391	145.097
10.1051	-0.381255	0.727244	2.80984
10.0447	-0.43079	0.716626	2.76966
9.4622	-0.35948	0.699892	3.79587
8.91416	-0.386568	0.630934	11.639
8.30549	-0.333994	0.575144	16.1807
7.05866	-0.241305	0.481072	67.3243
6.98537	-0.222787	0.470355	57.9297
6.83874	-0.226648	0.462539	34.7806
6.33161	-0.1944	0.42489	76.5927
6.14815	-0.199452	0.480602	24.2503
4.27427	-0.140213	0.287044	77.4309
3.22858	-0.105016	0.213327	87.6761
10.2476	-0.408855	0.731357	2.09602
10.2476	-0.408855	0.731357	2.09602
9.3559	-0.360908	0.694766	4.56992
8.53658	-0.335988	0.592386	33.6231
8.53658	-0.335988	0.592386	33.6231
7.45318	-0.260925	0.511793	56.6882
7.45318	-0.260925	0.511793	56.6882
6.52071	-0.190277	0.436568	67.7409
6.52071	-0.190277	0.436568	67.7409
5.16771	-0.174265	0.416289	34.5477
3.78141	-0.11841	0.251771	76.463
3.78141	-0.11841	0.251771	76.463
10.1051	-0.381255	0.727244	2.80984
10.0447	-0.43079	0.716626	2.76966
9.4622	-0.35948	0.699892	3.79587
8.91416	-0.386568	0.630934	11.639
8.30549	-0.333994	0.575144	16.1807
7.05866	-0.241305	0.481072	67.3243
6.98537	-0.222787	0.470355	57.9297
6.83874	-0.226648	0.462539	34.7806
6.33161	-0.1944	0.42489	76.5927
6.14815	-0.199452	0.480602	24.2503
4.27427	-0.140213	0.287044	77.4309
3.22858	-0.105016	0.213327	87.6761
9.62421	-0.336216	0.706959	2.97881
9.62421	-0.336216	0.706959	2.97881
9.46528	-0.407922	0.671435	5.61567
9.38386	-0.391513	0.676759	5.91637
7.63767	-0.278131	0.526344	18.6202
7.63767	-0.278131	0.526344	18.6202
7.54804	-0.247436	0.580011	12.9937
6.31826	-0.193625	0.419151	52.4742
6.00721	-0.197324	0.4028	67.4528
6.00721	-0.197324	0.4028	67.4528
5.39192	-0.184289	0.366624	55.3404
3.41483	-0.107725	0.219391	145.097
9.56785	-0.426146	0.684882	3.61817
9.56785	-0.426146	0.684882	3.61817
9.22108	-0.377073	0.650234	6.25809
9.22108	-0.377073	0.650234	6.25809
7.96654	-0.271698	0.606865	9.75979
7.96654	-0.271698	0.606865	9.75979
6.95104	-0.239927	0.473645	70.4305
6.95104	-0.239927	0.473645	70.4305
5.70641	-0.185966	0.384537	20.4895
5.70641	-0.185966	0.384537	20.4895
4.95156	-0.152371	0.330498	73.9872
4.95156	-0.152371	0.330498	73.9872
10.1051	-0.381255	0.727244	2.80984
10.0447	-0.43079	0.716626	2.76966
9.4622	-0.35948	0.699892	3.79587
8.91416	-0.386568	0.630934	11.639
8.30549	-0.333994	0.575144	16.1807
7.05866	-0.241305	0.481072	67.3243
6.98537	-0.222787	0.470355	57.9297
6.83874	-0.226648	0.462539	34.7806
6.33161	-0.1944	0.42489	76.5927
6.14815	-0.199452	0.480602	24.2503
4.27427	-0.140213	0.287044	77.4309
3.22858	-0.105016	0.213327	87.6761
10.6011	-0.360581	0.757388	1.62958
10.4508	-0.383693	0.755162	2.36717
10.4508	-0.383693	0.755162	2.36717
8.25465	-0.313333	0.572265	29.4061
7.5587	-0.243156	0.512362	50.0966
7.5587	-0.243156	0.512362	50.0966
7.20586	-0.211029	0.482084	69.3241
7.20121	-0.222753	0.485909	70.8393
7.20121	-0.222753	0.485909	70.8393
4.18991	-0.15442	0.333169	43.8089
2.7797	-0.0932603	0.185785	160.583
1.72374	-0.0566009	0.108883	307.403
10.7962	-0.304998	0.770531	1.50345
10.7962	-0.304998	0.770531	1.50345
10.5692	-0.410504	0.765411	1.79209
7.80541	-0.25123	0.529419	60.2612
7.80541	-0.25123	0.529419	60.2612
7.49688	-0.233821	0.507035	66.0887
7.49688	-0.233821	0.507035	66.0887
7.26488	-0.210659	0.487243	67.2347
7.26488	-0.210659	0.487243	67.2347
2.6216	-0.0988532	0.219386	273.354
1.96156	-0.064832	0.130332	250.007
1.96156	-0.064832	0.130332	250.007
10.6011	-0.360581	0.757388	1.62958
10.4508	-0.383693	0.755162	2.36717
10.4508	-0.383693	0.755162	2.36717
8.25465	-0.313333	0.572265	29.4061
7.5587	-0.243156	0.512362	50.0966
7.5587	-0.243156	0.512362	50.0966
7.20586	-0.211029	0.482084	69.3241
7.20121	-0.222753	0.485909	70.8393
7.20121	-0.222753	0.485909	70.8393
4.18991	-0.15442	0.333169	43.8089
2.7797	-0.0932603	0.185785	160.583
1.72374	-0.0566009	0.108883	307.403
10.1051	-0.381255	0.727244	2.80984
10.0447	-0.43079	0.716626	2.76966
9.4622	-0.35948	0.699892	3.79587
8.91416	-0.386568	0.630934	11.639
8.30549	-0.333994	0.575144	16.1807
7.05866	-0.241305	0.481072	67.3243
6.98537	-0.222787	0.470355	57.9297
6.83874	-0.226648	0.462539	34.7806
6.33161	-0.1944	0.42489	76.5927
6.14815	-0.199452	0.480602	24.2503
4.27427	-0.140213	0.287044	77.4309
3.22858	-0.105016	0.213327	87.6761
9.43632	-0.445536	0.667989	5.35601
9.43632	-0.445536	0.667989	5.35601
9.43632	-0.445536	0.667989	5.35601
9.43632	-0.445536	0.667989	5.35601
7.48555	-0.248797	0.576463	28.8154
7.48555	-0.248797	0.576463	28.8154
7.43123	-0.272662	0.514095	59.9942
7.43123	-0.272662	0.514095	59.9942
5.33456	-0.156017	0.356175	68.0101
5.33456	-0.156017	0.356175	68.0101
5.33456	-0.156017	0.356175	68.0101
5.33456	-0.156017	0.356175	68.0101
10.2476	-0.408855	0.731357	2.09602
10.2476	-0.408855	0.731357	2.09602
9.3559	-0.360908	0.694766	4.56992
8.53658	-0.335988	0.592386	33.6231
8.53658	-0.335988	0.592386	33.6231
7.45318	-0.260925	0.511793	56.6882
7.45318	-0.260925	0.511793	56.6882
6.52071	-0.190277	0.436568	67.7409
6.52071	-0.190277	0.436568	67.7409
5.16771	-0.174265	0.416289	34.5477
3.78141	-0.11841	0.251771	76.463
3.78141	-0.11841	0.251771	76.463
10.7962	-0.304998	0.770531	1.50345
10.7962	-0.304998	0.770531	1.50345
10.5692	-0.410504	0.765411	1.79209
7.80541	-0.25123	0.529419	60.2612
7.80541	-0.25123	0.529419	60.2612
7.49688	-0.233821	0.507035	66.0887
7.49688	-0.233821	0.507035	66.0887
7.26488	-0.210659	0.487243	67.2347
7.26488	-0.210659	0.487243	67.2347
2.6216	-0.0988532	0.219386	273.354
1.96156	-0.064832	0.130332	250.007
1.96156	-0.064832	0.130332	250.007
10.9887	-0.236554	0.7824	1.71925
10.9887	-0.236554	0.7824	1.71925
10.9887	-0.236554	0.7824	1.71925
7.51864	-0.219683	0.504598	72.1066
7.51864	-0.219683	0.504598	72.1066
7.51864	-0.219683	0.504598	72.1066
7.51864	-0.219683	0.504598	72.1066
7.51864	-0.219683	0.504598	72.1066
7.51864	-0.219683	0.504598	72.1066
0	0	0	0
0	0	0	0
0	0	0	0
9.56785	-0.426146	0.684882	3.61817
9.56785	-0.426146	0.684882	3.61817
9.22108	-0.377073	0.650234	6.25809
9.22108	-0.377073	0.650234	6.25809
7.96654	-0.271698	0.606865	9.75979
7.96654	-0.271698	0.606865	9.75979
6.95104	-0.239927	0.473645	70.4305
6.95104	-0.239927	0.473645	70.4305
5.70641	-0.185966	0.384537	20.4895
5.70641	-0.185966	0.384537	20.4895
4.95156	-0.152371	0.330498	73.9872
4.95156	-0.152371	0.330498	73.9872
9.62861	-0.379651	0.702118	3.32453
9.62861	-0.379651	0.702118	3.32453
8.75632	-0.31756	0.659177	7.40042
8.75632	-0.31756	0.659177	7.40042
8.60397	-0.331853	0.603028	12.4176
8.60397	-0.331853	0.603028	12.4176
6.61381	-0.241062	0.453444	37.4075
6.61381	-0.241062	0.453444	37.4075
5.94446	-0.189128	0.395394	74.3696
5.94446	-0.189128	0.395394	74.3696
4.61479	-0.14601	0.303116	81.0305
4.61479	-0.14601	0.303116	81.0305
9.99744	-0.336334	0.737239	3.48594
9.99744	-0.336334	0.737239	3.48594
9.99744	-0.336334	0.737239	3.48594
9.99744	-0.336334	0.737239	3.48594
6.80442	-0.252896	0.469443	23.5713
6.80442	-0.252896	0.469443	23.5713
6.80442	-0.252896	0.469443	23.5713
6.80442	-0.252896	0.469443	23.5713
4.99652	-0.152149	0.326502	104.12
4.99652	-0.152149	0.326502	104.12
4.99652	-0.152149	0.326502	104.12
4.99652	-0.152149	0.326502	104.12
10.2289	-0.359181	0.744578	2.86003
10.2289	-0.359181	0.744578	2.86003
9.36806	-0.303998	0.699351	4.0201
9.36806	-0.303998	0.699351	4.0201
7.68266	-0.291979	0.535576	26.3993
7.68266	-0.291979	0.535576	26.3993
5.93301	-0.201927	0.403538	51.9501
5.93301	-0.201927	0.403538	51.9501
5.83953	-0.185487	0.387495	74.4817
5.83953	-0.185487	0.387495	74.4817
4.7397	-0.149264	0.311635	79.2462
4.7397	-0.149264	0.311635	79.2462
10.0217	-0.387765	0.720634	2.86551
10.0217	-0.387765	0.720634	2.86551
8.54286	-0.340271	0.599947	15.0939
8.54286	-0.340271	0.599947	15.0939
8.50785	-0.283175	0.641838	6.57431
8.50785	-0.283175	0.641838	6.57431
6.6448	-0.224645	0.449194	67.0833
6.6448	-0.224645	0.449194	67.0833
5.25421	-0.157832	0.348839	60.5349
5.25421	-0.157832	0.348839	60.5349
5.20815	-0.175917	0.353475	77.0079
5.20815	-0.175917	0.353475	77.0079
9.56785	-0.426146	0.684882	3.61817
9.56785	-0.426146	0.684882	3.61817
9.22108	-0.377073	0.650234	6.25809
9.22108	-0.377073	0.650234	6.25809
7.96654	-0.271698	0.606865	9.75979
7.96654	-0.271698	0.606865	9.75979
6.95104	-0.239927	0.473645	70.4305
6.95104	-0.239927	0.473645	70.4305
5.70641	-0.185966	0.384537	20.4895
5.70641	-0.185966	0.384537	20.4895
4.95156	-0.152371	0.330498	73.9872
4.95156	-0.152371	0.330498	73.9872
10.0217	-0.387765	0.720634	2.86551
10.0217	-0.387765	0.720634	2.86551
8.54286	-0.340271	0.599947	15.0939
8.54286	-0.340271	0.599947	15.0939
8.50785	-0.283175	0.641838	6.57431
8.50785	-0.283175	0.641838	6.57431
6.6448	-0.224645	0.449194	67.0833
6.6448	-0.224645	0.449194	67.0833
5.25421	-0.157832	0.348839	60.5349
5.25421	-0.157832	0.348839	60.5349
5.20815	-0.175917	0.353475	77.0079
5.20815	-0.175917	0.353475	77.0079
10.2289	-0.359181	0.744578	2.86003
10.2289	-0.359181	0.744578	2.86003
9.36806	-0.303998	0.699351	4.0201
9.36806	-0.303998	0.699351	4.0201
7.68266	-0.291979	0.535576	26.3993
7.68266	-0.291979	0.535576	26.3993
5.93301	-0.201927	0.403538	51.9501
5.93301	-0.201927	0.403538	51.9501
5.83953	-0.185487	0.387495	74.4817
5.83953	-0.185487	0.387495	74.4817
4.7397	-0.149264	0.311635	79.2462
4.7397	-0.149264	0.311635	79.2462
10.2289	-0.359181	0.744578	2.86003
10.2289	-0.359181	0.744578	2.86003
9.36806	-0.303998	0.699351	4.0201
9.36806	-0.303998	0.699351	4.0201
7.68266	-0.291979	0.535576	26.3993
7.68266	-0.291979	0.535576	26.3993
5.93301	-0.201927	0.403538	51.9501
5.93301	-0.201927	0.403538	51.9501
5.83953	-0.185487	0.387495	74.4817
5.83953	-0.185487	0.387495	74.4817
4.7397	-0.149264	0.311635	79.2462
4.7397	-0.149264	0.311635	79.2462
10.0217	-0.387765	0.720634	2.86551
10.0217	-0.387765	0.720634	2.86551
8.54286	-0.340271	0.599947	15.0939
8.54286	-0.340271	0.599947	15.0939
8.50785	-0.283175	0.641838	6.57431
8.50785	-0.283175	0.641838	6.57431
6.6448	-0.224645	0.449194	67.0833
6.6448	-0.224645	0.449194	67.0833
5.25421	-0.157832	0.348839	60.5349
5.25421	-0.157832	0.348839	60.5349
5.20815	-0.175917	0.353475	77.0079
5.20815	-0.175917	0.353475	77.0079
9.56785	-0.426146	0.684882	3.61817
9.56785	-0.426146	0.684882	3.61817
9.22108	-0.377073	0.650234	6.25809
9.22108	-0.377073	0.650234	6.25809
7.96654	-0.271698	0.606865	9.75979
7.96654	-0.271698	0.606865	9.75979
6.95104	-0.239927	0.473645	70.4305
6.95104	-0.239927	0.473645	70.4305
5.70641	-0.185966	0.384537	20.4895
5.70641	-0.185966	0.384537	20.4895
4.95156	-0.152371	0.330498	73.9872
4.95156	-0.152371	0.330498	73.9872
10.0217	-0.387765	0.720634	2.86551
10.0217	-0.387765	0.720634	2.86551
8.54286	-0.340271	0.599947	15.0939
8.54286	-0.340271	0.599947	15.0939
8.50785	-0.283175	0.641838	6.57431
8.50785	-0.283175	0.641838	6.57431
6.6448	-0.224645	0.449194	67.0833
6.6448	-0.224645	0.449194	67.0833
5.25421	-0.157832	0.348839	60.5349
5.25421	-0.157832	0.348839	60.5349
5.20815	-0.175917	0.353475	77.0079
5.20815	-0.175917	0.353475	77.0079
10.2289	-0.359181	0.744578	2.86003
10.2289	-0.359181	0.744578	2.86003
9.36806	-0.303998	0.699351	4.0201
9.36806	-0.303998	0.699351	4.0201
7.68266	-0.291979	0.535576	26.3993
7.68266	-0.291979	0.535576	26.3993
5.93301	-0.201927	0.403538	51.9501
5.93301	-0.201927	0.403538	51.9501
5.83953	-0.185487	0.387495	74.4817
5.83953	-0.185487	0.387495	74.4817
4.7397	-0.149264	0.311635	79.2462
4.7397	-0.149264	0.311635	79.2462
10.711	-0.34139	0.790255	3.45638
10.711	-0.34139	0.790255	3.45638
10.711	-0.34139	0.790255	3.45638
10.711	-0.34139	0.790255	3.45638
5.56422	-0.181073	0.371456	69.6241
5.56422	-0.181073	0.371456	69.6241
5.56422	-0.181073	0.371456	69.6241
5.56422	-0.181073	0.371456	69.6241
4.99942	-0.14491	0.325958	86.3648
4.99942	-0.14491	0.325958	86.3648
4.99942	-0.14491	0.325958	86.3648
4.99942	-0.14491	0.325958	86.3648
10.7164	-0.354396	0.784955	3.24932
10.7164	-0.354396	0.784955	3.24932
10.215	-0.296171	0.757723	3.81297
10.215	-0.296171	0.757723	3.81297
6.40021	-0.228136	0.436778	70.2945
6.40021	-0.228136	0.436778	70.2945
5.50588	-0.167645	0.362542	87.8095
5.50588	-0.167645	0.362542	87.8095
5.08746	-0.151367	0.333658	69.0173
5.08746	-0.151367	0.333658	69.0173
5.06138	-0.164792	0.336203	71.7765
5.06138	-0.164792	0.336203	71.7765
10.2289	-0.359181	0.744578	2.86003
10.2289	-0.359181	0.744578	2.86003
9.36806	-0.303998	0.699351	4.0201
9.36806	-0.303998	0.699351	4.0201
7.68266	-0.291979	0.535576	26.3993
7.68266	-0.291979	0.535576	26.3993
5.93301	-0.201927	0.403538	51.9501
5.93301	-0.201927	0.403538	51.9501
5.83953	-0.185487	0.387495	74.4817
5.83953	-0.185487	0.387495	74.4817
4.7397	-0.149264	0.311635	79.2462
4.7397	-0.149264	0.311635	79.2462
9.62861	-0.379651	0.702118	3.32453
9.62861	-0.379651	0.702118	3.32453
8.75632	-0.31756	0.659177	7.40042
8.75632	-0.31756	0.659177	7.40042
8.60397	-0.331853	0.603028	12.4176
8.60397	-0.331853	0.603028	12.4176
6.61381	-0.241062	0.453444	37.4075
6.61381	-0.241062	0.453444	37.4075
5.94446	-0.189128	0.395394	74.3696
5.94446	-0.189128	0.395394	74.3696
4.61479	-0.14601	0.303116	81.0305
4.61479	-0.14601	0.303116	81.0305
10.2289	-0.359181	0.744578	2.86003
10.2289	-0.359181	0.744578	2.86003
9.36806	-0.303998	0.699351	4.0201
9.36806	-0.303998	0.699351	4.0201
7.68266	-0.291979	0.535576	26.3993
7.68266	-0.291979	0.535576	26.3993
5.93301	-0.201927	0.403538	51.9501
5.93301	-0.201927	0.403538	51.9501
5.83953	-0.185487	0.387495	74.4817
5.83953	-0.185487	0.387495	74.4817
4.7397	-0.149264	0.311635	79.2462
4.7397	-0.149264	0.311635	79.2462
10.7164	-0.354396	0.784955	3.24932
10.7164	-0.354396	0.784955	3.24932
10.215	-0.296171	0.757723	3.81297
10.215	-0.296171	0.757723	3.81297
6.40021	-0.228136	0.436778	70.2945
6.40021	-0.228136	0.436778	70.2945
5.50588	-0.167645	0.362542	87.8095
5.50588	-0.167645	0.362542	87.8095
5.08746	-0.151367	0.333658	69.0173
5.08746	-0.151367	0.333658	69.0173
5.06138	-0.164792	0.336203	71.7765
5.06138	-0.164792	0.336203	71.7765
10.7164	-0.354396	0.784955	3.24932
10.7164	-0.354396	0.784955	3.24932
10.215	-0.296171	0.757723	3.81297
10.215	-0.296171	0.757723	3.81297
6.40021	-0.228136	0.436778	70.2945
6.40021	-0.228136	0.436778	70.2945
5.50588	-0.167645	0.362542	87.8095
5.50588	-0.167645	0.362542	87.8095
5.08746	-0.151367	0.333658	69.0173
5.08746	-0.151367	0.333658	69.0173
5.06138	-0.164792	0.336203	71.7765
5.06138	-0.164792	0.336203	71.7765
10.2289	-0.359181	0.744578	2.86003
10.2289	-0.359181	0.744578	2.86003
9.36806	-0.303998	0.699351	4.0201
9.36806	-0.303998	0.699351	4.0201
7.68266	-0.291979	0.535576	26.3993
7.68266	-0.291979	0.535576	26.3993
5.93301	-0.201927	0.403538	51.9501
5.93301	-0.201927	0.403538	51.9501
5.83953	-0.185487	0.387495	74.4817
5.83953	-0.185487	0.387495	74.4817
4.7397	-0.149264	0.311635	79.2462
4.7397	-0.149264	0.311635	79.2462
9.62861	-0.379651	0.702118	3.32453
9.62861	-0.379651	0.702118	3.32453
8.75632	-0.31756	0.659177	7.40042
8.75632	-0.31756	0.659177	7.40042
8.60397	-0.331853	0.603028	12.4176
8.60397	-0.331853	0.603028	12.4176
6.61381	-0.241062	0.453444	37.4075
6.61381	-0.241062	0.453444	37.4075
5.94446	-0.189128	0.395394	74.3696
5.94446	-0.189128	0.395394	74.3696
4.61479	-0.14601	0.303116	81.0305
4.61479	-0.14601	0.303116	81.0305
10.2289	-0.359181	0.744578	2.86003
10.2289	-0.359181	0.744578	2.86003
9.36806	-0.303998	0.699351	4.0201
9.36806	-0.303998	0.699351	4.0201
7.68266	-0.291979	0.535576	26.3993
7.68266	-0.291979	0.535576	26.3993
5.93301	-0.201927	0.403538	51.9501
5.93301	-0.201927	0.403538	51.9501
5.83953	-0.185487	0.387495	74.4817
5.83953	-0.185487	0.387495	74.4817
4.7397	-0.149264	0.311635	79.2462
4.7397	-0.149264	0.311635	79.2462
10.7164	-0.354396	0.784955	3.24932
10.7164	-0.354396	0.784955	3.24932
10.215	-0.296171	0.757723	3.81297
10.215	-0.296171	0.757723	3.81297
6.40021	-0.228136	0.436778	70.2945
6.40021	-0.228136	0.436778	70.2945
5.50588	-0.167645	0.362542	87.8095
5.50588	-0.167645	0.362542	87.8095
5.08746	-0.151367	0.333658	69.0173
5.08746	-0.151367	0.333658	69.0173
5.06138	-0.164792	0.336203	71.7765
5.06138	-0.164792	0.336203	71.7765
