###########################################################################
#
# This is a model of amorphous silicon generated according to the
# procedure presented in
#
# G. T. Barkema et N. Mousseau, High-quality continuous random networks,
# Phys. Rev. B 62, 4985-4990 (2000).
#
# The model was relaxed only with the Keating potential.
#
# First line: total energy (empty)
# second line: half-box size in angstroems along x, y and x
# following lines: type (0) x, y and z positions
#
# Do not distribute this file without this header
#
# Copyright 2000 G.T. Barkema and N. Mousseau
#
# G.T.Barkema@phys.uu.nl
# normand.mousseau@umontreal.ca
#
###########################################################################
total energy: 0
 21.355 21.355 21.355
 0 	1.52	20.23	19.57
 0 	-7.18	5.23	-17.75
 0 	7.71	1.80	19.99
 0 	-0.98	2.60	-10.10
 0 	-6.14	-5.34	-20.13
 0 	12.20	-14.73	20.28
 0 	6.73	-15.89	-3.24
 0 	18.36	13.11	-11.90
 0 	-6.72	17.68	15.74
 0 	-6.85	-15.60	12.61
 0 	-4.49	18.08	7.71
 0 	-6.62	-0.67	11.29
 0 	-2.97	-14.05	0.94
 0 	-9.36	-6.69	1.29
 0 	-7.08	-20.40	-4.23
 0 	-8.94	-7.30	-12.20
 0 	-16.81	1.13	8.78
 0 	2.09	-12.37	17.42
 0 	-17.79	-0.45	5.27
 0 	-1.86	13.74	1.95
 0 	2.62	17.04	18.17
 0 	-11.48	11.35	-10.53
 0 	10.31	-11.52	13.10
 0 	-5.66	21.30	-2.81
 0 	-17.64	-9.85	18.87
 0 	19.62	-16.15	8.40
 0 	-5.17	8.34	3.58
 0 	-19.29	-6.72	2.51
 0 	-3.12	-9.70	-13.81
 0 	16.66	-9.30	8.89
 0 	-7.79	10.83	13.14
 0 	18.38	-7.53	11.67
 0 	-5.69	3.38	16.66
 0 	2.51	-17.28	-18.33
 0 	11.99	13.58	12.45
 0 	-17.06	-6.72	1.46
 0 	-3.82	2.85	4.79
 0 	12.27	1.05	6.67
 0 	12.29	1.22	-2.95
 0 	16.03	-17.08	-9.76
 0 	-15.78	16.65	15.94
 0 	-20.29	-14.90	-6.77
 0 	10.53	11.75	15.66
 0 	18.40	3.50	-6.80
 0 	19.29	10.55	14.40
 0 	-1.37	9.27	17.68
 0 	4.98	1.33	-20.49
 0 	19.75	13.88	-18.35
 0 	8.58	12.35	16.99
 0 	2.91	-12.27	-2.45
 0 	13.38	20.71	-12.12
 0 	-13.72	1.63	4.02
 0 	-13.80	14.27	-16.01
 0 	-10.69	10.23	-8.68
 0 	-11.99	-9.66	-6.84
 0 	7.31	-0.52	2.52
 0 	-9.84	5.74	-14.99
 0 	10.75	-13.57	-14.11
 0 	4.85	-15.04	-3.07
 0 	4.89	-8.94	-3.72
 0 	-19.92	9.51	1.15
 0 	2.81	13.65	17.92
 0 	20.29	10.44	-19.53
 0 	-0.41	-4.96	14.81
 0 	17.01	-7.04	5.57
 0 	9.79	-11.46	19.61
 0 	18.30	11.19	-14.81
 0 	-2.64	18.49	1.98
 0 	-5.90	-1.66	7.64
 0 	13.16	19.07	-0.80
 0 	8.23	14.23	15.78
 0 	0.76	6.62	5.28
 0 	-14.17	0.58	13.27
 0 	-14.92	18.00	0.46
 0 	-2.63	-18.05	18.23
 0 	-2.63	9.27	12.49
 0 	14.44	-12.40	10.50
 0 	-12.57	-1.38	10.67
 0 	-19.33	13.49	6.87
 0 	-10.22	-3.80	14.15
 0 	-8.11	18.12	-13.40
 0 	-18.89	0.10	17.69
 0 	8.63	-18.48	-2.31
 0 	-7.62	16.03	6.42
 0 	6.47	-5.60	-7.85
 0 	15.95	-20.14	-8.09
 0 	-0.94	-10.97	1.29
 0 	-10.55	-17.55	2.93
 0 	18.55	-13.49	3.74
 0 	-12.26	1.36	-10.09
 0 	-8.69	-0.81	-10.03
 0 	-10.05	-21.00	-2.20
 0 	0.18	-8.74	14.53
 0 	-9.45	-9.56	-1.70
 0 	18.35	-11.70	12.39
 0 	-2.89	-11.69	20.74
 0 	8.53	16.13	-8.89
 0 	-19.89	17.96	-8.93
 0 	-4.49	-0.97	11.23
 0 	-7.05	12.01	6.60
 0 	18.67	5.76	11.60
 0 	16.54	14.86	5.49
 0 	-4.34	19.45	18.18
 0 	-8.99	-17.10	-9.58
 0 	7.27	12.29	-5.63
 0 	-21.20	-2.47	-1.10
 0 	-10.89	8.55	-20.82
 0 	-16.78	-16.73	10.67
 0 	10.36	3.46	-15.28
 0 	5.41	-20.55	-6.05
 0 	2.34	20.67	-3.59
 0 	-5.74	-11.43	2.30
 0 	-19.70	-11.77	-9.53
 0 	-3.40	16.69	15.91
 0 	2.05	-8.68	6.34
 0 	18.17	-7.28	-5.53
 0 	-7.72	-1.20	13.08
 0 	-1.02	16.57	-20.61
 0 	-8.17	-15.83	-2.25
 0 	-12.28	-17.05	-9.08
 0 	-21.11	-5.04	-7.96
 0 	2.01	-1.61	9.33
 0 	-19.65	-14.60	-20.16
 0 	-3.85	-1.33	-17.89
 0 	-0.80	-15.53	-15.51
 0 	20.77	15.43	18.67
 0 	-2.05	6.57	-14.09
 0 	-2.17	18.39	-7.46
 0 	14.91	20.14	18.12
 0 	-1.00	-14.22	-18.96
 0 	4.05	12.66	-14.73
 0 	-8.03	-5.12	16.34
 0 	21.04	-17.93	-0.63
 0 	-8.81	-19.42	-12.52
 0 	3.06	-13.86	-19.73
 0 	7.10	-8.19	1.22
 0 	13.67	0.19	-0.17
 0 	-19.58	-2.45	-18.17
 0 	20.60	-0.79	20.24
 0 	8.39	2.05	-9.52
 0 	20.15	4.63	-14.99
 0 	12.44	-5.27	-13.17
 0 	0.28	3.04	9.32
 0 	19.46	11.96	2.62
 0 	-18.84	-5.38	4.39
 0 	-15.07	-20.85	10.52
 0 	16.14	-20.71	15.63
 0 	15.30	6.12	-13.27
 0 	-12.59	13.91	-1.10
 0 	-18.56	16.90	11.94
 0 	-12.95	-5.79	16.92
 0 	3.23	-17.48	10.92
 0 	-20.77	1.40	2.68
 0 	5.22	-19.00	-16.67
 0 	-1.02	17.24	-13.62
 0 	11.31	3.49	10.14
 0 	-16.63	-0.65	-19.38
 0 	1.27	12.70	-3.72
 0 	-8.23	20.18	-10.81
 0 	15.36	0.23	-4.58
 0 	9.48	4.46	-6.72
 0 	-15.31	-11.93	1.61
 0 	-20.72	16.54	20.02
 0 	-18.73	12.33	14.30
 0 	14.39	-6.94	20.96
 0 	-9.09	0.17	20.95
 0 	-1.23	-16.10	-17.58
 0 	-4.05	-2.16	-13.23
 0 	-0.15	6.54	10.86
 0 	-16.79	7.44	-0.50
 0 	13.16	12.94	4.68
 0 	5.81	-4.67	17.91
 0 	-16.73	13.24	14.66
 0 	-0.04	-2.82	6.29
 0 	-9.56	-12.54	2.91
 0 	-3.49	-16.36	19.01
 0 	17.38	17.16	9.83
 0 	-12.10	1.48	16.42
 0 	-14.45	-4.29	-17.14
 0 	18.15	1.82	16.14
 0 	-1.22	9.29	14.11
 0 	1.42	-5.71	-12.09
 0 	-11.91	-20.46	13.23
 0 	0.95	-10.57	-4.14
 0 	17.18	1.81	11.86
 0 	-12.06	19.25	-0.35
 0 	-3.73	19.14	11.19
 0 	3.86	1.59	9.50
 0 	-14.00	5.03	2.72
 0 	-15.21	-17.66	5.65
 0 	18.49	19.61	3.94
 0 	-5.80	16.33	10.51
 0 	0.37	14.14	18.17
 0 	9.74	-5.62	-1.33
 0 	-7.29	16.18	-12.68
 0 	20.88	9.03	-21.34
 0 	-20.93	1.51	-4.86
 0 	-16.69	-3.61	-16.83
 0 	12.33	-18.97	21.20
 0 	0.69	10.54	13.66
 0 	11.40	10.21	-12.36
 0 	-14.01	20.19	-17.00
 0 	-6.62	-18.06	19.85
 0 	16.84	9.07	11.32
 0 	5.03	-1.65	7.97
 0 	2.32	-4.04	-17.42
 0 	0.32	-17.63	-18.11
 0 	-11.44	19.45	4.15
 0 	14.77	-2.44	10.81
 0 	7.67	-15.75	5.83
 0 	8.94	6.63	-16.26
 0 	-1.52	-10.97	16.73
 0 	2.81	16.60	-16.46
 0 	-12.97	-5.04	-9.51
 0 	6.52	-9.61	-2.26
 0 	16.15	-4.96	4.92
 0 	5.38	3.73	17.99
 0 	-0.33	11.46	-19.41
 0 	-12.48	15.29	-10.68
 0 	4.43	-7.22	-17.03
 0 	-10.27	3.50	-0.29
 0 	-9.60	9.86	1.79
 0 	19.29	0.80	-1.11
 0 	3.85	13.31	21.26
 0 	-8.09	-15.86	16.36
 0 	-14.97	10.47	-3.09
 0 	13.97	-18.07	-13.49
 0 	10.89	17.52	7.18
 0 	-19.02	-11.77	-2.84
 0 	-13.61	8.16	18.54
 0 	16.46	-10.19	-15.17
 0 	4.74	-14.03	-14.79
 0 	14.96	13.77	-10.74
 0 	-15.79	-13.74	-6.44
 0 	5.24	-11.06	6.28
 0 	-15.17	19.97	4.07
 0 	-8.32	0.51	16.49
 0 	-4.40	-5.41	15.14
 0 	-19.42	-5.19	-2.70
 0 	-20.91	10.82	-16.21
 0 	-17.42	10.58	6.03
 0 	-6.47	5.14	3.32
 0 	18.15	7.32	-17.66
 0 	8.99	-15.28	-0.52
 0 	-9.32	-5.16	-6.02
 0 	-12.05	-18.30	8.08
 0 	10.27	3.91	-4.47
 0 	-12.88	20.59	-8.45
 0 	-4.96	-6.35	-14.29
 0 	-7.70	-2.32	-6.95
 0 	16.90	7.19	14.00
 0 	-18.10	-7.88	12.97
 0 	-0.72	17.88	18.07
 0 	-21.14	11.92	11.84
 0 	20.08	-13.61	2.05
 0 	9.34	20.07	12.50
 0 	-19.99	9.71	20.40
 0 	-1.91	-1.34	-3.09
 0 	-8.78	14.84	20.04
 0 	20.34	-8.76	-14.74
 0 	3.14	-9.39	19.38
 0 	0.74	-7.44	-2.99
 0 	-20.61	-2.52	-14.58
 0 	-8.70	-12.91	-4.64
 0 	-2.45	-5.13	-4.02
 0 	-1.92	-15.10	14.29
 0 	-1.29	-3.99	-14.06
 0 	-11.76	19.67	-10.23
 0 	-2.11	6.79	0.25
 0 	7.15	-5.28	-18.74
 0 	-15.70	-13.82	-11.85
 0 	14.29	15.68	-9.79
 0 	-20.17	-3.97	-16.44
 0 	-4.28	9.71	-1.19
 0 	16.92	7.74	-13.65
 0 	-9.46	17.57	1.59
 0 	6.49	-9.32	13.73
 0 	-12.09	1.42	-13.74
 0 	-1.06	12.70	3.86
 0 	7.95	-7.03	7.25
 0 	0.71	6.20	-9.83
 0 	14.47	1.77	-3.25
 0 	7.54	-14.81	-7.53
 0 	10.09	14.13	-17.59
 0 	-17.11	4.70	-2.82
 0 	19.00	8.31	-2.37
 0 	5.34	-16.10	13.55
 0 	13.37	14.43	-14.41
 0 	13.46	4.97	17.07
 0 	-11.14	5.25	-4.60
 0 	7.51	-7.38	-12.43
 0 	3.47	-18.15	-13.47
 0 	3.30	16.21	0.18
 0 	-3.01	12.94	13.41
 0 	8.58	-6.04	13.78
 0 	16.85	-16.21	-13.61
 0 	13.41	-12.47	-3.10
 0 	17.80	9.95	-16.51
 0 	-1.28	-12.56	-12.06
 0 	-3.63	-9.01	13.76
 0 	20.90	-5.85	18.95
 0 	-14.91	16.66	10.32
 0 	13.71	-8.49	-13.82
 0 	-7.55	20.75	13.97
 0 	-6.43	-11.01	0.15
 0 	1.14	17.58	-14.10
 0 	0.37	10.13	8.27
 0 	0.75	5.60	-20.32
 0 	-7.16	-8.72	4.33
 0 	19.00	16.85	18.35
 0 	0.04	-18.80	9.52
 0 	-18.90	-0.89	15.59
 0 	-3.70	14.32	8.26
 0 	1.65	-16.11	11.73
 0 	-7.62	16.33	-16.53
 0 	-16.60	19.74	18.50
 0 	-0.25	-16.98	6.50
 0 	-10.35	7.36	-10.17
 0 	14.46	17.12	3.94
 0 	0.46	19.83	17.67
 0 	16.42	4.25	-14.29
 0 	10.78	-17.97	12.06
 0 	21.28	6.79	-20.82
 0 	-5.15	14.82	-5.22
 0 	-11.84	3.53	10.30
 0 	16.68	-15.21	6.99
 0 	17.77	16.74	-17.04
 0 	-2.36	10.25	15.87
 0 	-9.49	18.22	3.79
 0 	-12.39	13.20	-17.53
 0 	12.58	12.52	-3.08
 0 	-16.96	2.66	14.05
 0 	-12.96	-5.49	-0.69
 0 	-6.18	-20.16	-9.41
 0 	-3.49	7.22	-12.52
 0 	-4.02	10.54	-8.40
 0 	-17.95	5.44	16.78
 0 	5.50	8.18	-16.82
 0 	-13.40	-20.20	2.53
 0 	7.13	2.13	17.95
 0 	20.62	2.96	12.82
 0 	-17.92	6.70	14.63
 0 	5.86	-13.39	17.15
 0 	-18.74	13.93	10.60
 0 	-12.08	13.42	19.68
 0 	-11.10	-11.49	17.94
 0 	19.16	-2.20	8.94
 0 	-3.47	-4.09	6.05
 0 	-3.54	17.53	-5.91
 0 	-1.37	-0.88	3.42
 0 	-12.91	-3.89	3.48
 0 	0.27	0.43	0.45
 0 	-20.36	9.98	-10.97
 0 	5.25	-17.51	7.55
 0 	10.50	2.89	0.25
 0 	-14.61	-1.10	-15.64
 0 	-3.43	1.35	-0.91
 0 	16.15	-18.24	-13.85
 0 	1.75	11.66	-18.12
 0 	-8.52	7.97	16.82
 0 	-11.70	2.55	-15.62
 0 	1.41	-8.39	-0.86
 0 	-3.40	-17.26	-17.04
 0 	3.16	0.45	-4.93
 0 	-4.55	-20.00	15.83
 0 	-10.27	-0.99	5.73
 0 	-17.29	-7.38	-0.59
 0 	14.95	4.07	13.54
 0 	-2.14	-18.24	6.74
 0 	-12.47	7.20	-20.35
 0 	-17.32	0.97	-12.67
 0 	-14.41	-9.02	21.09
 0 	19.30	-4.51	-8.26
 0 	-1.17	5.55	5.49
 0 	-20.83	8.55	-9.11
 0 	9.27	8.82	8.44
 0 	-10.83	-16.54	7.74
 0 	-10.20	13.63	-8.29
 0 	-4.43	7.68	-6.15
 0 	2.74	-14.89	-14.02
 0 	-4.92	20.82	-8.29
 0 	20.32	4.72	-9.58
 0 	-2.62	18.12	19.16
 0 	16.99	14.10	-13.55
 0 	13.86	-8.81	17.86
 0 	-17.59	14.42	18.32
 0 	-5.18	-17.58	8.44
 0 	18.77	19.29	7.38
 0 	-18.75	-14.46	5.18
 0 	7.44	20.68	-3.97
 0 	12.88	-12.41	20.21
 0 	-3.55	11.16	-2.74
 0 	4.68	-9.41	-8.01
 0 	5.85	12.60	-18.52
 0 	-4.67	-18.32	-12.94
 0 	-21.01	-8.86	-6.35
 0 	8.17	-19.55	13.96
 0 	-8.31	14.07	-9.49
 0 	-6.04	-4.02	-4.25
 0 	1.48	8.12	10.83
 0 	-14.84	-6.66	-6.74
 0 	-5.61	-16.39	18.69
 0 	13.35	-7.56	9.06
 0 	12.62	4.99	6.44
 0 	-19.82	-21.19	-14.82
 0 	18.92	-3.97	-10.57
 0 	-17.42	-0.15	3.05
 0 	-13.59	-0.91	21.09
 0 	-6.10	-7.38	5.84
 0 	5.41	-8.32	16.96
 0 	3.55	-2.47	6.37
 0 	-1.11	-17.04	-0.51
 0 	19.71	10.32	-5.86
 0 	4.42	6.19	9.58
 0 	-2.43	-9.56	-3.16
 0 	19.66	1.93	7.27
 0 	-7.01	-5.27	6.28
 0 	8.30	20.04	6.85
 0 	-4.43	-11.33	13.54
 0 	-9.17	15.64	-2.03
 0 	-4.49	2.49	11.15
 0 	4.60	20.16	11.19
 0 	2.88	-19.52	-18.44
 0 	20.68	18.54	10.52
 0 	-18.05	8.96	-21.26
 0 	2.06	11.50	-15.71
 0 	15.63	17.01	12.95
 0 	9.87	-17.52	-4.04
 0 	19.95	-1.04	-6.28
 0 	17.62	-4.78	17.68
 0 	10.92	-11.15	-11.13
 0 	6.61	-9.40	-21.17
 0 	-14.27	-10.46	19.33
 0 	0.55	-0.17	-8.04
 0 	15.00	13.42	-13.02
 0 	2.29	19.70	16.12
 0 	9.68	21.33	16.86
 0 	5.80	15.37	-3.04
 0 	-17.37	-4.91	10.30
 0 	15.78	2.27	-19.68
 0 	-11.94	5.75	-18.44
 0 	-14.97	-5.42	-10.81
 0 	-18.12	16.84	8.24
 0 	10.99	6.97	-9.18
 0 	-4.75	18.37	-12.37
 0 	-0.71	-0.79	16.61
 0 	-15.48	15.69	-2.51
 0 	-8.88	5.15	5.95
 0 	8.63	-17.93	-5.77
 0 	4.40	8.71	17.45
 0 	-2.83	18.39	12.87
 0 	20.01	6.72	6.46
 0 	-8.21	-18.18	0.73
 0 	-0.07	16.39	-10.43
 0 	18.54	6.58	-12.39
 0 	17.52	-14.75	-5.91
 0 	-4.28	6.77	14.38
 0 	13.59	-15.56	-13.36
 0 	13.19	-10.96	6.87
 0 	-16.05	-8.36	-12.91
 0 	20.93	-11.07	-9.39
 0 	17.60	-18.81	-4.94
 0 	-1.81	18.13	-2.59
 0 	13.33	-1.40	11.96
 0 	-17.29	0.98	-3.61
 0 	5.05	10.11	-9.08
 0 	-14.76	18.12	-5.25
 0 	2.57	-11.92	-12.74
 0 	-8.89	20.32	11.95
 0 	-20.18	2.85	-1.73
 0 	21.32	-15.43	2.30
 0 	14.77	-8.82	-6.45
 0 	-6.02	-5.50	-7.46
 0 	-10.04	-6.92	8.15
 0 	6.28	18.46	13.68
 0 	13.40	19.89	-20.91
 0 	-17.16	-0.54	-11.02
 0 	14.43	-5.51	-16.16
 0 	11.62	-17.70	-16.23
 0 	11.30	13.68	14.56
 0 	17.77	13.00	-19.13
 0 	-6.82	6.74	16.71
 0 	-9.17	-19.23	3.78
 0 	-17.63	19.54	-2.68
 0 	18.83	-3.77	1.91
 0 	17.33	-7.59	-19.92
 0 	-9.12	18.82	-3.89
 0 	8.06	-15.86	15.95
 0 	5.30	-6.82	18.62
 0 	-9.57	7.29	14.77
 0 	-0.90	-9.65	8.99
 0 	7.03	-10.40	-17.29
 0 	19.96	-15.02	-16.95
 0 	-1.23	-17.44	14.67
 0 	-16.18	4.56	10.83
 0 	-9.59	-3.97	-15.89
 0 	-6.36	19.15	-18.89
 0 	18.79	12.02	17.05
 0 	4.30	15.80	-4.69
 0 	-11.10	-17.82	-15.65
 0 	-15.67	6.56	13.81
 0 	-10.03	11.57	9.85
 0 	5.00	12.73	11.75
 0 	-0.25	14.48	-17.41
 0 	16.17	-11.78	-18.64
 0 	-12.03	-1.88	2.78
 0 	-14.15	3.77	-12.15
 0 	-18.83	1.99	-7.97
 0 	0.49	-14.32	-14.41
 0 	0.86	-17.04	-4.67
 0 	-0.21	5.69	18.58
 0 	20.49	-2.23	18.45
 0 	-19.06	-11.38	-11.70
 0 	-21.34	-13.13	-5.78
 0 	-2.36	-4.33	15.47
 0 	-8.11	1.43	-20.13
 0 	15.35	9.14	1.58
 0 	-9.27	-15.56	20.54
 0 	-11.22	9.93	-4.52
 0 	9.07	-2.60	19.09
 0 	7.73	0.31	-13.31
 0 	7.59	-12.38	15.91
 0 	-14.39	-13.55	11.37
 0 	-6.80	15.14	-14.74
 0 	6.37	13.55	3.32
 0 	20.75	16.11	13.29
 0 	-8.55	6.73	7.56
 0 	15.56	-2.64	-2.58
 0 	5.77	0.10	-1.82
 0 	12.39	-13.93	-15.88
 0 	-7.06	-16.37	9.10
 0 	-6.76	-13.11	-18.35
 0 	-14.88	14.59	-8.22
 0 	15.29	8.62	14.06
 0 	-3.90	14.62	2.52
 0 	1.44	-3.57	0.90
 0 	-0.35	13.38	16.13
 0 	5.03	21.07	5.63
 0 	-9.40	-0.80	-14.28
 0 	8.95	1.33	0.19
 0 	10.20	21.09	-1.34
 0 	-19.74	8.73	18.39
 0 	-17.96	18.99	-17.41
 0 	14.94	-0.66	-19.21
 0 	14.45	-0.98	-10.22
 0 	-16.73	9.58	16.45
 0 	17.84	-17.30	18.53
 0 	9.06	-16.60	-7.51
 0 	-11.31	15.91	-1.00
 0 	6.19	14.30	14.86
 0 	13.11	17.59	15.18
 0 	-9.65	20.90	6.83
 0 	13.12	8.98	16.26
 0 	7.04	-16.39	-19.51
 0 	0.27	5.25	-11.91
 0 	-9.39	4.07	12.89
 0 	-6.49	-17.00	4.15
 0 	14.72	-14.34	-11.75
 0 	12.32	-11.36	16.60
 0 	-6.83	-0.21	-19.18
 0 	-19.66	-3.00	15.91
 0 	17.95	15.22	-8.88
 0 	7.11	17.36	-3.04
 0 	19.75	-5.91	1.05
 0 	-7.98	-9.46	-6.85
 0 	-7.63	6.65	20.61
 0 	-13.04	-15.82	-18.17
 0 	0.77	-10.77	-20.63
 0 	-8.32	-5.87	-7.92
 0 	-8.78	-11.68	-18.64
 0 	-11.43	-8.72	-1.17
 0 	-3.83	14.95	-8.68
 0 	4.48	-14.34	-10.49
 0 	16.19	4.85	-4.13
 0 	7.22	1.10	-7.53
 0 	18.98	-6.07	-20.70
 0 	0.26	13.85	7.39
 0 	5.09	3.88	3.62
 0 	13.37	18.07	-19.33
 0 	-13.99	6.95	8.72
 0 	18.03	-11.33	3.96
 0 	9.88	10.16	-2.52
 0 	2.22	-17.90	1.75
 0 	-18.86	17.57	-2.92
 0 	-0.19	19.43	6.40
 0 	-16.94	-9.62	-0.93
 0 	-11.22	-4.26	-18.50
 0 	-9.35	-17.65	17.45
 0 	11.30	-2.42	8.98
 0 	18.32	6.19	-9.99
 0 	-0.14	-4.55	-1.71
 0 	2.22	10.53	6.89
 0 	3.15	-20.72	-1.99
 0 	-4.41	11.35	10.13
 0 	-20.64	-21.06	-3.74
 0 	15.83	11.38	-3.64
 0 	3.38	-3.32	-2.10
 0 	-14.72	11.66	-5.05
 0 	-16.49	13.72	4.66
 0 	17.04	-10.43	16.85
 0 	20.83	-12.18	6.35
 0 	-9.23	-21.18	-19.42
 0 	2.43	12.93	6.94
 0 	19.23	15.13	11.82
 0 	15.52	7.03	-21.33
 0 	6.80	-1.82	-2.45
 0 	10.48	10.82	5.79
 0 	12.67	-4.70	6.33
 0 	-10.02	13.70	8.57
 0 	-3.84	7.59	-0.83
 0 	18.04	0.42	-15.49
 0 	-18.40	5.23	-9.38
 0 	-5.80	11.94	-8.04
 0 	-12.44	15.49	13.39
 0 	19.16	-17.36	-3.80
 0 	4.21	-4.19	-14.39
 0 	17.05	-4.50	-14.44
 0 	6.82	-11.22	11.02
 0 	-3.73	-2.95	12.18
 0 	1.08	11.69	11.69
 0 	8.58	1.06	-3.89
 0 	18.54	-18.00	-19.02
 0 	-13.82	12.08	17.03
 0 	-5.03	8.77	-13.35
 0 	-17.50	-18.26	-13.77
 0 	12.04	-2.96	4.81
 0 	-16.63	16.82	-9.99
 0 	17.00	-19.50	-12.13
 0 	13.69	-4.91	14.33
 0 	16.82	4.51	18.62
 0 	12.45	-21.14	13.85
 0 	12.49	-16.39	8.94
 0 	12.12	-19.35	14.83
 0 	16.54	-14.66	3.49
 0 	6.54	0.15	16.80
 0 	-1.26	-18.25	-10.44
 0 	6.54	18.03	15.97
 0 	-1.02	-2.42	-1.34
 0 	16.75	-18.74	15.38
 0 	19.35	-7.41	-11.48
 0 	-15.64	-11.34	-15.08
 0 	6.85	-17.56	4.54
 0 	-17.76	6.60	21.35
 0 	2.06	-11.95	3.53
 0 	10.33	-6.73	4.53
 0 	4.59	4.56	-14.12
 0 	20.88	19.64	-3.82
 0 	-11.29	8.52	-7.43
 0 	11.77	9.51	-1.10
 0 	12.91	-16.29	-1.30
 0 	19.47	-18.43	-9.67
 0 	-13.58	16.59	3.80
 0 	13.11	-9.20	2.26
 0 	8.53	6.92	14.02
 0 	16.77	8.06	6.26
 0 	0.33	2.98	16.27
 0 	18.35	21.18	15.59
 0 	-9.75	-9.11	-3.82
 0 	-6.27	-12.97	-8.19
 0 	19.96	-1.04	-18.02
 0 	16.10	20.10	1.20
 0 	0.66	-8.16	2.87
 0 	-13.51	-14.32	9.45
 0 	10.38	16.47	-17.17
 0 	-14.04	21.08	-2.76
 0 	7.16	16.14	-17.90
 0 	-15.92	11.07	-14.14
 0 	-17.80	-4.85	-8.65
 0 	-7.34	-6.77	19.80
 0 	-16.32	-9.83	10.33
 0 	-0.52	-12.49	5.65
 0 	-7.62	-18.02	-1.37
 0 	-9.52	10.10	8.14
 0 	-16.41	-11.45	-9.17
 0 	19.05	14.71	-16.41
 0 	18.63	20.23	-4.14
 0 	4.07	-5.98	7.56
 0 	13.35	0.45	8.25
 0 	11.39	19.13	-6.44
 0 	20.58	18.37	12.81
 0 	-20.08	-19.05	18.84
 0 	-10.29	0.40	-6.34
 0 	-20.57	7.76	11.81
 0 	9.87	-0.50	15.74
 0 	0.10	-14.61	-7.42
 0 	-1.53	-3.06	-4.48
 0 	-3.90	-7.52	5.05
 0 	6.09	-8.41	-13.91
 0 	-15.57	4.25	13.09
 0 	3.13	1.19	4.93
 0 	9.32	17.42	-15.24
 0 	11.69	5.85	9.96
 0 	11.09	11.13	-14.57
 0 	9.39	-8.80	3.92
 0 	-1.45	8.33	-3.59
 0 	-14.32	10.67	13.91
 0 	9.08	13.99	-19.76
 0 	17.47	9.68	7.72
 0 	-9.66	11.70	-7.35
 0 	-10.68	-13.59	16.95
 0 	-13.00	-17.97	-18.92
 0 	-5.78	13.28	1.69
 0 	-7.76	-1.35	-0.57
 0 	10.27	-19.32	5.06
 0 	-18.66	16.76	-12.54
 0 	20.60	-8.01	12.53
 0 	-0.28	15.32	1.22
 0 	10.83	-3.92	-18.29
 0 	5.85	8.17	15.65
 0 	-18.27	-18.58	10.84
 0 	-15.88	7.53	-9.35
 0 	-12.73	10.90	-17.76
 0 	-9.32	-3.08	-13.82
 0 	-11.05	5.52	0.55
 0 	-19.61	3.85	-16.56
 0 	4.25	-12.18	14.46
 0 	-7.51	1.55	-7.41
 0 	-12.25	-18.42	20.10
 0 	-16.95	3.52	-19.39
 0 	17.73	-6.65	-16.80
 0 	19.92	-8.84	-4.75
 0 	-16.70	-20.78	17.74
 0 	-0.65	-7.74	18.73
 0 	-5.76	-3.42	-6.36
 0 	13.64	3.00	6.50
 0 	0.32	-8.60	-4.73
 0 	16.97	7.73	2.52
 0 	-14.18	-18.99	-6.77
 0 	4.23	-6.06	0.95
 0 	15.05	0.37	14.63
 0 	-14.08	-20.93	-12.08
 0 	0.71	-20.52	10.80
 0 	-15.04	20.43	12.12
 0 	-5.40	2.04	-7.66
 0 	1.78	13.87	-18.50
 0 	-17.68	-3.35	-4.97
 0 	8.92	-4.30	-6.05
 0 	9.76	20.07	-11.55
 0 	-18.58	18.99	8.05
 0 	-2.48	11.56	-9.70
 0 	20.12	4.85	3.77
 0 	13.00	14.60	-2.55
 0 	7.65	-15.91	13.67
 0 	21.32	-20.63	6.79
 0 	13.93	-7.59	3.73
 0 	5.20	15.21	-0.73
 0 	4.14	-12.04	16.72
 0 	-13.97	15.12	-12.44
 0 	17.08	16.42	-13.64
 0 	-14.06	10.88	9.27
 0 	-10.65	4.20	-11.90
 0 	11.94	-12.71	-17.57
 0 	2.33	16.17	-10.40
 0 	1.46	-11.27	-9.31
 0 	8.30	-6.69	15.80
 0 	-10.64	0.98	13.03
 0 	16.62	11.08	16.53
 0 	-4.05	-1.90	-7.09
 0 	5.65	-7.27	6.81
 0 	-17.91	-17.21	16.04
 0 	-6.60	-10.18	10.96
 0 	15.39	-13.85	-18.89
 0 	-7.22	-19.04	4.87
 0 	-15.09	-15.79	-7.02
 0 	-11.37	8.65	2.73
 0 	-21.34	-16.32	9.83
 0 	6.96	-15.94	7.93
 0 	-9.52	-15.89	-18.54
 0 	15.98	-15.41	9.11
 0 	18.85	-20.07	9.48
 0 	-1.81	-8.82	-5.28
 0 	-15.94	-8.47	13.78
 0 	-19.26	-12.31	-5.04
 0 	19.82	19.11	-13.96
 0 	-19.03	7.74	-3.86
 0 	-13.50	-12.97	0.36
 0 	16.84	-1.30	-3.81
 0 	-5.83	0.51	-15.01
 0 	-12.42	-1.90	-3.99
 0 	-15.63	-0.19	-4.44
 0 	17.78	16.88	-1.25
 0 	8.97	11.56	11.29
 0 	8.75	5.67	7.68
 0 	-18.77	-8.74	16.07
 0 	-1.85	11.27	-16.11
 0 	-6.68	13.04	-0.56
 0 	17.11	10.07	-13.05
 0 	-12.69	1.28	20.67
 0 	20.55	4.07	-7.37
 0 	11.12	11.38	12.01
 0 	-8.10	2.76	-13.91
 0 	14.93	18.56	14.69
 0 	6.55	-7.78	10.23
 0 	1.94	5.23	-0.25
 0 	4.19	4.74	-3.77
 0 	-6.31	-20.81	-20.75
 0 	18.85	-10.16	-1.45
 0 	14.40	7.77	-19.23
 0 	-0.38	0.01	-4.20
 0 	-14.83	10.51	-18.04
 0 	-5.76	-3.95	0.76
 0 	-11.80	18.90	14.21
 0 	4.30	17.92	1.40
 0 	7.98	-13.40	-5.73
 0 	-16.07	-17.19	-12.36
 0 	5.21	-17.81	-12.16
 0 	-8.01	-16.89	11.12
 0 	-14.56	-1.51	0.55
 0 	15.93	-3.76	20.88
 0 	20.88	-10.06	17.93
 0 	-13.00	5.17	-8.50
 0 	11.00	10.99	-19.13
 0 	16.99	7.88	-16.02
 0 	-8.46	14.82	16.58
 0 	-2.15	4.88	-4.99
 0 	11.09	-20.91	-14.73
 0 	11.30	-13.51	13.01
 0 	-15.97	9.86	12.48
 0 	12.56	-8.72	7.23
 0 	4.74	6.97	6.35
 0 	8.88	-4.23	-19.83
 0 	1.28	17.44	6.62
 0 	-1.36	-13.44	7.34
 0 	6.40	20.00	-9.76
 0 	5.93	-20.71	-20.40
 0 	-6.25	11.08	19.73
 0 	13.76	13.65	2.54
 0 	-1.34	-13.90	3.98
 0 	4.23	19.59	7.36
 0 	11.69	-15.86	-18.97
 0 	-11.89	11.13	-14.05
 0 	17.70	4.84	4.46
 0 	3.85	-14.26	13.60
 0 	-13.38	-10.83	6.73
 0 	11.29	-5.12	17.22
 0 	8.30	6.93	-3.36
 0 	-2.44	-7.39	-10.29
 0 	9.27	0.63	10.12
 0 	-5.85	1.44	-11.28
 0 	-10.50	14.62	4.56
 0 	-14.48	-9.91	2.72
 0 	-15.45	-1.37	2.72
 0 	20.80	0.26	-7.95
 0 	-1.48	2.99	-5.98
 0 	1.03	-12.69	-19.00
 0 	13.99	-21.17	9.03
 0 	19.95	-13.98	5.56
 0 	-7.90	14.22	14.57
 0 	-16.56	-17.54	19.28
 0 	3.15	0.09	-20.78
 0 	-11.16	-2.81	-16.66
 0 	-2.58	1.33	-9.30
 0 	7.10	2.31	-5.45
 0 	5.22	3.06	-15.46
 0 	20.95	18.92	-0.23
 0 	-3.20	3.44	19.50
 0 	11.57	-6.26	9.56
 0 	-7.51	19.40	4.12
 0 	-11.23	-1.21	12.54
 0 	16.05	4.25	-16.69
 0 	12.20	1.95	15.20
 0 	1.23	-20.56	-0.60
 0 	18.43	-20.63	-1.16
 0 	-21.33	-17.27	-9.07
 0 	0.39	-11.35	-13.40
 0 	-7.61	-1.48	-17.44
 0 	-10.84	4.49	6.76
 0 	3.10	-8.71	-11.44
 0 	-2.09	9.09	-17.07
 0 	11.22	-15.82	-7.50
 0 	5.63	8.19	9.66
 0 	-21.22	10.35	-0.47
 0 	0.50	4.76	-16.55
 0 	17.47	0.95	9.75
 0 	0.15	-6.62	13.50
 0 	-16.97	20.33	-11.71
 0 	6.82	14.55	-19.50
 0 	0.11	13.04	-1.62
 0 	1.72	13.99	-20.79
 0 	17.36	15.35	17.50
 0 	-5.75	-14.34	19.63
 0 	-3.21	-7.67	11.67
 0 	-18.48	-9.56	-2.73
 0 	12.38	-5.61	-9.67
 0 	2.56	-16.84	-14.73
 0 	16.95	-18.97	-15.82
 0 	-18.53	-15.97	-5.77
 0 	-4.78	14.32	-3.31
 0 	3.95	19.91	0.49
 0 	3.03	-10.62	21.29
 0 	-18.51	9.23	-11.82
 0 	-2.16	20.45	0.77
 0 	15.69	5.55	17.03
 0 	7.17	-16.25	-17.29
 0 	16.40	2.04	-11.68
 0 	-4.52	-15.41	-16.04
 0 	16.92	-7.11	14.91
 0 	17.65	3.26	-3.41
 0 	1.62	-17.72	-8.31
 0 	-2.92	4.86	-2.76
 0 	20.39	16.33	-11.62
 0 	1.11	18.34	11.21
 0 	-3.90	5.80	8.38
 0 	17.90	-11.37	0.11
 0 	3.34	-1.94	2.97
 0 	-20.62	18.34	7.36
 0 	-17.80	3.30	-6.40
 0 	3.13	10.24	-19.35
 0 	13.27	12.82	17.69
 0 	-0.97	16.68	-8.34
 0 	8.24	13.02	4.43
 0 	-19.65	5.75	20.63
 0 	20.71	-9.62	20.24
 0 	-3.26	-13.99	-6.10
 0 	-8.89	10.15	16.78
 0 	-5.74	6.60	0.14
 0 	7.26	2.34	-14.42
 0 	0.03	-15.05	-1.19
 0 	-5.37	15.81	-1.69
 0 	-7.26	-10.43	-10.47
 0 	-14.70	18.82	19.41
 0 	-15.32	19.17	-3.15
 0 	-18.25	10.10	-6.35
 0 	12.30	1.33	-17.28
 0 	-11.71	-6.14	20.55
 0 	-16.93	-11.66	9.10
 0 	7.06	13.46	-3.55
 0 	9.99	-8.12	18.71
 0 	-8.70	1.37	-9.20
 0 	-8.93	15.16	-5.72
 0 	8.45	4.19	-19.84
 0 	-19.78	0.79	14.24
 0 	-7.68	2.70	-10.76
 0 	14.53	19.72	6.08
 0 	-13.99	13.97	18.40
 0 	-6.55	-14.10	9.37
 0 	-9.93	1.43	0.72
 0 	5.92	16.09	19.71
 0 	12.34	-0.70	1.35
 0 	-12.46	-17.53	-6.95
 0 	11.53	-16.44	15.65
 0 	-19.60	-19.25	7.72
 0 	11.50	-7.24	-3.98
 0 	5.06	-13.42	-18.52
 0 	-12.56	-15.56	14.01
 0 	-4.52	1.44	-13.20
 0 	-2.73	-1.06	-21.29
 0 	-16.39	-4.98	4.68
 0 	14.30	-16.58	10.25
 0 	10.26	-15.33	-3.85
 0 	-2.33	5.14	-8.48
 0 	18.96	-6.01	8.07
 0 	5.24	16.00	16.01
 0 	1.05	8.99	-13.04
 0 	12.58	-1.79	-14.89
 0 	-4.63	-13.35	-9.83
 0 	-17.78	-0.09	-14.81
 0 	6.83	-12.84	19.20
 0 	-16.18	21.10	-9.61
 0 	-12.41	-0.81	16.58
 0 	15.49	10.58	19.93
 0 	16.41	-7.73	0.69
 0 	-5.07	-6.09	10.81
 0 	19.58	-14.36	-9.00
 0 	-7.46	19.98	6.34
 0 	-16.35	-7.21	-18.15
 0 	-18.43	1.40	12.63
 0 	-4.16	15.95	-17.37
 0 	7.36	-18.49	-16.58
 0 	3.44	-19.86	17.55
 0 	2.25	5.57	14.04
 0 	-16.45	-8.43	5.98
 0 	9.20	-13.84	16.47
 0 	6.71	-14.44	-13.45
 0 	-11.17	-1.69	-5.97
 0 	-10.27	-15.70	4.26
 0 	6.17	5.04	-9.95
 0 	-6.06	12.81	10.82
 0 	-21.25	-18.58	3.55
 0 	6.88	11.96	8.05
 0 	13.97	-11.28	3.02
 0 	-8.68	-4.42	11.43
 0 	6.49	12.38	-11.46
 0 	7.01	3.52	-2.05
 0 	14.20	3.68	-4.59
 0 	-12.48	9.86	-15.78
 0 	-14.05	3.81	-1.01
 0 	19.03	-13.48	0.00
 0 	-14.04	7.15	15.18
 0 	11.49	15.72	19.50
 0 	-15.93	-8.43	17.76
 0 	-4.91	-11.08	5.78
 0 	-9.66	-19.31	-9.36
 0 	9.59	16.66	20.46
 0 	-12.65	-12.03	19.55
 0 	19.62	-7.25	2.86
 0 	-12.41	-12.27	-4.90
 0 	14.22	15.79	-16.18
 0 	-1.11	-15.10	-21.18
 0 	-12.99	0.43	-18.45
 0 	16.25	-6.36	-15.25
 0 	-11.37	-8.05	0.94
 0 	14.07	13.57	11.99
 0 	3.44	-1.15	-18.85
 0 	14.84	19.17	-15.39
 0 	-5.60	11.26	-16.40
 0 	1.97	18.41	-3.10
 0 	16.39	18.43	-8.67
 0 	3.37	-2.40	16.71
 0 	-13.98	-16.49	1.58
 0 	-11.83	17.26	-14.33
 0 	0.73	-16.33	17.56
 0 	13.79	-1.13	-5.22
 0 	4.22	-14.61	1.38
 0 	6.41	2.92	5.27
 0 	12.36	13.53	19.74
 0 	10.92	11.93	19.89
 0 	21.27	-17.87	-5.02
 0 	10.96	-20.65	-4.82
 0 	10.67	12.07	7.81
 0 	-15.39	17.04	6.51
 0 	1.26	-14.83	-10.84
 0 	19.39	4.41	-2.80
 0 	9.09	-0.60	-14.72
 0 	-0.94	14.89	11.03
 0 	7.82	-0.96	-20.56
 0 	-5.84	19.71	-15.62
 0 	-20.57	-8.97	10.80
 0 	4.83	4.72	11.32
 0 	-4.62	9.74	15.78
 0 	3.06	-8.33	-15.66
 0 	-9.58	3.58	-15.36
 0 	-13.58	-3.46	-7.85
 0 	-20.22	3.35	-3.84
 0 	-12.88	17.86	-19.76
 0 	-0.95	-15.33	10.04
 0 	-3.88	7.68	5.33
 0 	-21.27	-14.40	15.75
 0 	6.37	-0.98	4.42
 0 	-9.18	-7.96	-8.21
 0 	-21.30	-2.34	4.04
 0 	-14.38	-4.72	13.98
 0 	9.09	14.03	-8.34
 0 	-17.09	-2.24	-1.92
 0 	-14.48	4.46	21.00
 0 	11.24	4.76	20.50
 0 	-0.40	-16.11	4.27
 0 	-11.10	-4.20	-12.71
 0 	-0.74	17.46	1.70
 0 	18.41	14.21	15.86
 0 	-16.39	14.50	-9.86
 0 	-1.37	1.63	8.51
 0 	-8.33	-3.54	-17.84
 0 	1.66	17.07	-1.24
 0 	-15.23	7.74	16.97
 0 	7.85	21.23	18.30
 0 	-9.73	15.83	-17.25
 0 	-19.07	-15.69	13.01
 0 	12.58	12.41	-15.57
 0 	8.85	3.14	16.73
 0 	1.54	0.80	6.51
 0 	3.71	1.09	1.23
 0 	19.03	9.42	11.20
 0 	8.47	-17.93	12.70
 0 	-2.41	-19.78	-2.57
 0 	13.08	11.98	8.27
 0 	-14.56	-14.31	-13.80
 0 	-11.99	-6.61	10.56
 0 	12.62	-5.53	-4.83
 0 	11.01	-2.56	-16.33
 0 	-10.42	0.49	-12.85
 0 	-17.58	-8.26	-9.12
 0 	17.34	-17.19	5.97
 0 	-4.33	-10.04	20.18
 0 	-10.20	-6.18	11.86
 0 	1.45	-6.69	-19.72
 0 	17.15	-3.10	-5.35
 0 	7.71	-4.79	16.82
 0 	-6.92	-13.96	-2.01
 0 	-8.17	3.94	-1.24
 0 	-14.33	-16.25	-9.28
 0 	12.22	6.56	-14.48
 0 	-13.99	0.43	10.97
 0 	-14.19	-1.55	13.85
 0 	-0.69	-5.56	19.79
 0 	-11.38	16.50	1.21
 0 	19.60	-10.85	-11.47
 0 	1.68	-0.55	-17.41
 0 	-10.72	12.59	18.10
 0 	7.30	-7.97	-10.20
 0 	-19.38	0.10	-3.86
 0 	-9.23	-8.15	11.79
 0 	-15.30	-17.26	12.29
 0 	-5.82	20.09	-6.18
 0 	8.82	12.81	19.36
 0 	1.95	-13.86	-3.88
 0 	9.95	1.53	20.55
 0 	14.48	18.24	11.45
 0 	3.74	3.48	-12.39
 0 	6.36	17.23	2.24
 0 	-6.56	-2.38	14.38
 0 	9.59	-0.64	2.74
 0 	-20.38	7.44	1.80
 0 	-7.23	-14.29	-12.48
 0 	-14.69	-20.79	0.60
 0 	-14.54	-20.07	17.29
 0 	-10.09	-1.00	3.50
 0 	-4.67	15.80	-15.17
 0 	3.72	9.19	3.77
 0 	-3.70	-6.73	18.97
 0 	-20.96	-12.26	-15.09
 0 	-6.80	16.15	17.37
 0 	4.35	-11.35	11.01
 0 	-8.63	-19.42	-2.94
 0 	-10.01	6.61	-3.08
 0 	-12.68	-7.84	-17.12
 0 	10.23	18.66	-4.55
 0 	-16.06	6.74	-7.14
 0 	-7.14	9.92	7.95
 0 	-10.36	13.63	-16.67
 0 	-20.35	-11.48	4.68
 0 	-3.08	-18.15	15.91
 0 	-18.22	10.17	13.47
 0 	-18.15	-9.71	21.04
 0 	16.87	-11.03	-4.25
 0 	-19.26	-20.26	-9.18
 0 	6.20	-19.86	9.79
 0 	1.53	7.15	1.09
 0 	10.99	-14.88	-1.83
 0 	-12.95	2.23	-19.85
 0 	-12.59	12.02	-21.13
 0 	4.53	-0.53	17.54
 0 	6.20	-5.37	-2.97
 0 	11.37	1.50	18.64
 0 	-18.09	-10.43	-8.34
 0 	-16.66	1.47	-16.35
 0 	-2.99	13.09	0.22
 0 	7.81	7.27	20.92
 0 	-21.29	-17.22	5.34
 0 	-4.49	2.28	-9.71
 0 	-20.81	-20.09	-1.46
 0 	5.49	6.06	2.94
 0 	-0.33	11.55	-8.82
 0 	-20.71	16.09	4.87
 0 	19.81	2.27	-20.24
 0 	8.07	-17.61	-9.29
 0 	0.99	-5.29	8.91
 0 	20.04	-0.57	12.41
 0 	15.64	4.24	-0.66
 0 	12.99	17.78	-7.17
 0 	11.92	12.85	-17.89
 0 	13.39	3.90	20.50
 0 	9.81	-14.79	20.43
 0 	-11.91	13.29	-9.65
 0 	-21.06	18.71	-5.78
 0 	20.91	10.81	8.45
 0 	10.83	5.44	-16.14
 0 	14.17	19.95	-4.14
 0 	-8.53	19.56	-18.66
 0 	19.44	19.45	-21.32
 0 	12.28	12.30	-8.90
 0 	10.58	-9.05	-16.55
 0 	-2.37	4.42	-21.34
 0 	0.29	-17.41	-14.98
 0 	13.93	17.11	-11.43
 0 	-9.86	1.78	-4.60
 0 	17.60	18.56	2.17
 0 	10.89	-0.43	-17.61
 0 	-8.20	-7.34	-15.74
 0 	15.96	0.13	-14.59
 0 	10.57	16.67	-9.74
 0 	-11.47	-19.81	9.43
 0 	12.31	-2.97	-19.63
 0 	-3.64	-18.21	-20.52
 0 	-9.13	13.36	3.31
 0 	-14.78	-17.83	-15.77
 0 	-6.21	19.77	19.71
 0 	-6.15	-4.66	-15.00
 0 	-15.85	15.91	-18.63
 0 	-0.84	12.16	8.58
 0 	3.73	8.31	-18.20
 0 	-5.23	-14.82	-1.11
 0 	3.69	20.09	-18.11
 0 	18.50	-18.36	16.76
 0 	11.69	-8.37	-7.41
 0 	-1.71	4.11	-11.58
 0 	10.52	6.62	14.80
 0 	-13.78	10.74	0.34
 0 	-5.81	-18.83	-5.65
 0 	19.82	-1.57	16.43
 0 	-20.17	12.07	-1.42
 0 	3.84	18.02	-4.24
 0 	-3.38	10.80	0.69
 0 	1.62	6.02	7.42
 0 	-9.24	-19.42	-16.01
 0 	2.46	10.75	-3.65
 0 	15.49	-18.13	-17.38
 0 	12.77	-15.94	-16.96
 0 	-1.55	-20.61	20.41
 0 	19.17	5.92	-21.35
 0 	14.57	8.19	5.93
 0 	-6.00	-2.34	-12.10
 0 	-5.37	-4.05	13.34
 0 	15.60	-18.98	-3.84
 0 	-10.97	-6.49	-17.63
 0 	-13.79	-12.93	7.66
 0 	-18.03	20.33	-6.50
 0 	2.65	2.28	-1.85
 0 	11.13	8.70	0.96
 0 	12.07	19.08	20.42
 0 	-7.04	-13.65	11.51
 0 	-19.13	10.06	-4.25
 0 	-19.91	-13.00	-13.11
 0 	-19.74	-14.72	9.09
 0 	-16.29	8.72	-5.97
 0 	1.48	-3.46	-6.66
 0 	-5.83	7.68	-7.95
 0 	-12.92	-18.84	-16.77
 0 	16.20	16.80	2.60
 0 	0.59	11.44	-0.00
 0 	18.41	-19.89	2.27
 0 	-1.22	-12.00	9.13
 0 	19.69	0.52	-4.72
 0 	-8.87	15.03	-11.45
 0 	20.94	5.99	-6.05
 0 	-13.22	10.04	-1.78
 0 	20.83	-9.31	14.30
 0 	13.51	4.01	-0.38
 0 	2.76	13.34	12.05
 0 	-14.98	-3.04	12.56
 0 	-7.14	-0.37	-11.77
 0 	-2.88	-3.78	-12.45
 0 	18.58	-12.59	-12.80
 0 	19.91	1.51	20.25
 0 	17.74	-5.19	11.24
 0 	-17.13	-12.80	-1.94
 0 	-9.64	10.18	-18.17
 0 	19.18	-20.94	20.70
 0 	-9.66	18.43	19.02
 0 	-19.74	-9.03	-12.02
 0 	3.27	18.97	-6.19
 0 	9.90	-11.63	-7.80
 0 	-10.92	4.11	-8.23
 0 	4.74	-4.77	9.28
 0 	19.30	11.17	-9.51
 0 	13.78	-20.27	-1.37
 0 	15.60	20.83	-16.66
 0 	-17.27	5.84	-19.29
 0 	-4.66	-20.28	11.94
 0 	6.18	-4.52	4.45
 0 	-14.63	-15.64	-2.34
 0 	9.68	2.52	8.98
 0 	5.09	8.25	-2.58
 0 	14.40	20.74	2.60
 0 	4.21	16.57	-19.66
 0 	6.09	-17.56	0.59
 0 	13.38	-13.58	-9.97
 0 	-15.77	8.31	-3.78
 0 	15.09	-5.95	8.68
 0 	-4.14	-21.35	0.51
 0 	-0.45	-9.98	18.67
 0 	-7.17	3.52	8.76
 0 	5.01	-20.95	14.71
 0 	-15.25	11.66	-12.01
 0 	12.82	16.38	0.88
 0 	3.74	-7.74	-0.56
 0 	18.96	-15.69	-7.40
 0 	11.90	-3.94	21.07
 0 	10.94	8.93	-18.02
 0 	-12.92	-6.93	5.41
 0 	13.45	-16.06	18.88
 0 	5.05	11.29	-12.87
 0 	-5.11	6.58	2.24
 0 	2.38	16.10	-8.16
 0 	16.39	12.89	6.63
 0 	-3.78	-2.02	-9.41
 0 	3.87	16.74	4.46
 0 	11.17	19.21	10.22
 0 	16.74	13.70	18.95
 0 	14.65	20.78	14.18
 0 	8.11	18.09	5.43
 0 	6.67	-11.64	-5.46
 0 	-13.14	-7.09	-8.46
 0 	-14.93	11.29	21.16
 0 	-11.32	-11.04	-8.66
 0 	-9.80	-0.84	-16.52
 0 	13.14	8.37	7.73
 0 	-5.88	-8.36	-14.24
 0 	-2.36	-3.68	-10.27
 0 	-1.41	-0.20	9.80
 0 	11.20	0.21	-11.85
 0 	16.46	16.21	-18.79
 0 	2.34	7.04	-21.19
 0 	-8.46	-9.35	-18.78
 0 	-14.33	12.74	4.46
 0 	-2.26	-17.12	3.26
 0 	-13.42	-11.43	-12.20
 0 	20.60	20.49	3.30
 0 	-19.21	-3.35	3.89
 0 	0.75	-10.27	12.75
 0 	-14.19	-18.71	10.97
 0 	6.56	-13.92	4.92
 0 	13.03	-19.42	16.93
 0 	12.01	-15.03	1.55
 0 	-5.58	12.41	-2.80
 0 	15.28	8.02	-2.27
 0 	20.98	-3.03	15.03
 0 	3.02	12.76	15.77
 0 	7.92	10.37	-1.47
 0 	0.46	-0.96	10.83
 0 	-13.43	5.37	0.54
 0 	1.48	3.22	-12.65
 0 	-20.27	13.75	-4.62
 0 	7.03	-20.85	6.09
 0 	13.17	-8.44	-11.67
 0 	-13.42	-11.29	-15.60
 0 	14.29	11.93	6.18
 0 	-9.85	-11.69	-1.03
 0 	2.25	-20.38	-6.72
 0 	20.64	9.84	-12.55
 0 	-4.33	0.44	-6.36
 0 	-15.50	17.40	13.80
 0 	13.42	-8.28	14.59
 0 	16.16	5.25	-9.65
 0 	-0.39	6.03	-18.29
 0 	16.05	17.13	-15.56
 0 	-4.67	-10.39	9.61
 0 	-11.76	13.24	-2.91
 0 	0.49	1.90	-14.54
 0 	-19.55	17.08	-5.01
 0 	8.50	-19.75	-9.76
 0 	10.15	-5.57	-21.13
 0 	3.74	-7.75	-9.45
 0 	-13.03	-17.67	5.02
 0 	17.21	13.62	-10.01
 0 	15.50	4.82	20.55
 0 	-2.28	10.33	-11.64
 0 	16.85	3.31	-21.11
 0 	-2.62	-2.74	0.14
 0 	19.21	-11.19	10.31
 0 	14.12	-19.57	7.43
 0 	-17.65	-5.47	-4.00
 0 	-8.44	-18.74	12.39
 0 	9.62	6.92	9.63
 0 	-2.87	-5.54	-9.20
 0 	-1.42	1.95	19.10
 0 	-2.75	-16.42	1.10
 0 	6.88	-7.10	-6.07
 0 	14.94	5.44	11.60
 0 	-14.06	-17.22	-0.55
 0 	-4.16	10.84	-13.03
 0 	-13.09	-6.66	1.44
 0 	15.17	20.53	12.15
 0 	-19.75	6.25	18.37
 0 	18.19	2.24	1.89
 0 	-16.18	0.23	6.66
 0 	-15.29	6.84	-18.46
 0 	16.00	10.32	13.06
 0 	-4.79	5.38	-11.97
 0 	10.43	-7.14	16.65
 0 	14.96	8.72	-6.18
 0 	-6.67	9.44	-20.39
 0 	-14.61	-6.94	-14.13
 0 	15.48	20.03	20.31
 0 	-12.45	1.87	14.09
 0 	19.95	-17.56	13.55
 0 	-10.06	1.91	17.39
 0 	-16.31	9.81	20.08
 0 	5.22	-19.47	-8.08
 0 	-12.06	4.98	3.85
 0 	16.71	-18.26	-6.82
 0 	2.37	14.37	14.13
 0 	20.14	14.75	5.19
 0 	-17.53	2.27	0.40
 0 	-5.78	17.72	1.59
 0 	-21.27	2.81	19.08
 0 	1.34	-11.39	-17.06
 0 	14.84	-15.98	-2.42
 0 	17.16	-7.86	-11.99
 0 	-1.59	6.17	7.63
 0 	5.67	-6.79	4.56
 0 	-5.25	12.22	5.31
 0 	-15.36	2.01	-13.15
 0 	17.47	20.51	12.18
 0 	-16.67	6.44	-12.80
 0 	-15.54	-10.40	12.48
 0 	6.70	6.20	-16.14
 0 	18.58	12.54	19.26
 0 	-1.66	-2.01	-17.31
 0 	-13.25	-9.47	-18.40
 0 	13.24	6.16	8.37
 0 	-10.44	11.10	6.01
 0 	-9.13	-19.76	-7.39
 0 	14.59	6.33	-10.96
 0 	11.22	8.58	20.81
 0 	1.28	-13.51	-9.04
 0 	0.51	4.90	12.59
 0 	-13.98	0.25	-13.80
 0 	1.15	2.87	11.56
 0 	-6.86	-7.20	13.42
 0 	-10.08	-15.61	10.96
 0 	3.15	-16.16	-20.12
 0 	21.32	10.41	-4.23
 0 	6.96	7.11	-10.23
 0 	-18.01	-15.22	14.98
 0 	2.57	8.76	-11.34
 0 	-2.51	17.66	-17.33
 0 	-15.38	0.97	16.85
 0 	-12.46	18.55	-5.86
 0 	-6.71	19.71	-12.40
 0 	-5.11	0.61	-4.22
 0 	-0.56	-10.27	-9.12
 0 	-21.35	-5.99	13.00
 0 	-11.71	15.86	-20.38
 0 	-2.16	-0.30	5.50
 0 	-20.65	-17.42	20.07
 0 	5.80	10.17	7.00
 0 	4.08	-20.73	10.16
 0 	-0.17	8.27	-17.98
 0 	5.91	10.35	20.81
 0 	-15.64	14.63	19.66
 0 	-18.17	13.62	-3.72
 0 	-10.58	-15.71	-9.05
 0 	21.21	3.30	7.10
 0 	16.30	-14.85	-15.54
 0 	-5.78	-8.29	-2.46
 0 	13.00	-3.53	-0.62
 0 	18.23	-17.75	1.92
 0 	-11.51	19.57	6.44
 0 	-5.39	-18.28	-1.13
 0 	2.12	-16.93	-10.34
 0 	16.03	-8.24	-14.00
 0 	3.55	17.48	6.63
 0 	7.69	1.44	-1.74
 0 	19.88	-2.65	-14.55
 0 	8.63	-12.95	2.10
 0 	-2.73	-21.28	-12.00
 0 	4.26	-8.75	13.50
 0 	-17.42	-2.70	-18.74
 0 	-16.17	-16.67	2.56
 0 	1.80	6.30	3.37
 0 	-21.33	12.99	5.64
 0 	-20.38	-1.17	-8.87
 0 	3.63	-5.61	-12.82
 0 	4.06	9.63	12.56
 0 	-18.44	-4.18	12.19
 0 	-14.85	13.98	-1.24
 0 	-5.36	4.14	-6.80
 0 	15.54	-10.70	-20.60
 0 	-15.88	14.01	12.55
 0 	19.31	-14.50	-12.33
 0 	-20.98	-11.34	-19.40
 0 	12.75	8.24	-8.67
 0 	-14.01	13.17	8.47
 0 	21.23	17.29	-17.74
 0 	5.15	12.21	9.56
 0 	16.69	6.84	11.85
 0 	9.74	14.13	7.94
 0 	-20.27	6.09	-0.05
 0 	21.12	4.32	9.16
 0 	16.98	21.17	-13.09
 0 	18.33	-14.97	-3.88
 0 	-20.01	-2.99	18.21
 0 	2.51	17.62	-20.81
 0 	18.87	8.94	20.03
 0 	-18.10	-18.60	-18.31
 0 	-12.95	9.12	15.17
 0 	-3.54	-15.35	-9.69
 0 	-18.97	-5.82	13.44
 0 	-3.68	-11.50	-9.34
 0 	2.84	-14.05	-12.05
 0 	2.69	12.54	-10.38
 0 	-0.96	-0.45	-6.40
 0 	-2.93	-12.52	12.30
 0 	12.08	3.39	-9.80
 0 	-0.59	-6.65	6.18
 0 	7.22	4.39	-6.36
 0 	-12.09	-0.61	7.06
 0 	18.38	18.65	13.22
 0 	-0.30	1.16	21.07
 0 	-18.07	11.90	-18.82
 0 	-2.10	-17.44	-6.66
 0 	-18.81	-21.14	4.96
 0 	8.18	2.65	4.13
 0 	8.55	-1.30	-3.90
 0 	-16.00	-7.29	7.93
 0 	-8.41	-20.52	10.76
 0 	-17.98	3.20	-4.21
 0 	12.80	-10.57	-4.05
 0 	15.37	-2.25	7.67
 0 	-7.34	-3.94	-13.16
 0 	-3.68	1.57	8.13
 0 	-4.28	-5.04	9.20
 0 	-6.17	-11.21	-12.38
 0 	10.70	15.19	-11.51
 0 	17.03	4.31	1.24
 0 	3.94	5.16	-10.86
 0 	14.63	-6.73	17.49
 0 	2.14	20.55	-9.95
 0 	15.73	14.51	20.70
 0 	9.57	11.89	-5.74
 0 	3.91	-16.80	0.32
 0 	10.09	19.35	16.05
 0 	-3.68	19.77	14.52
 0 	20.61	15.24	-14.88
 0 	11.57	15.47	10.93
 0 	-6.23	-10.91	21.34
 0 	15.51	-2.74	-9.25
 0 	-12.47	5.86	5.88
 0 	-17.63	9.85	-19.33
 0 	-3.03	-15.52	10.36
 0 	15.32	-11.70	6.13
 0 	18.04	-14.38	-10.50
 0 	-16.04	-2.38	-4.02
 0 	-20.85	-11.99	2.40
 0 	12.14	-12.87	0.56
 0 	7.82	-10.49	-7.35
 0 	-5.72	12.48	-12.15
 0 	-7.90	-13.84	19.43
 0 	-16.55	20.12	15.26
 0 	-4.18	-9.60	17.95
 0 	-9.78	4.70	-6.36
 0 	16.56	-10.28	12.86
 0 	20.38	-5.21	15.04
 0 	9.21	-2.71	-14.69
 0 	17.60	-17.13	-0.38
 0 	-3.23	-14.82	12.50
 0 	21.15	12.68	9.66
 0 	21.16	5.22	-3.85
 0 	2.54	0.22	3.05
 0 	-6.57	-13.09	-4.02
 0 	-18.98	1.43	9.00
 0 	19.27	-4.83	-14.10
 0 	15.46	5.36	-7.42
 0 	-3.09	-20.59	-8.12
 0 	-7.77	-14.06	-14.67
 0 	-10.29	17.98	-12.81
 0 	-9.79	-6.37	3.57
 0 	-12.06	19.89	-20.75
 0 	-5.37	16.39	-11.57
 0 	-16.10	16.54	-15.27
 0 	18.93	5.59	19.06
 0 	-17.89	8.83	-17.37
 0 	0.90	-21.20	3.36
 0 	-15.39	-13.09	3.58
 0 	3.90	3.95	19.70
 0 	20.36	-15.97	12.04
 0 	-2.95	-15.18	-14.44
 0 	0.04	15.34	-1.03
 0 	13.03	10.21	11.31
 0 	-10.97	-13.62	-13.63
 0 	11.89	18.23	16.91
 0 	-16.43	-15.10	7.51
 0 	8.52	9.32	14.18
 0 	17.35	5.01	8.21
 0 	-15.27	2.35	0.47
 0 	-12.25	-19.52	-12.30
 0 	9.71	-4.11	14.14
 0 	12.95	15.84	2.81
 0 	6.85	-14.04	-19.97
 0 	-14.24	-6.86	13.32
 0 	17.70	2.95	7.21
 0 	-0.20	-8.88	6.71
 0 	-11.03	-2.10	17.74
 0 	-21.16	13.22	21.34
 0 	17.94	19.03	-7.24
 0 	-14.28	-10.11	-6.38
 0 	-20.89	-18.32	-20.67
 0 	19.06	-11.64	17.45
 0 	5.41	-9.33	-0.15
 0 	7.95	19.32	-15.95
 0 	-13.50	16.34	-8.91
 0 	9.07	-20.17	-13.72
 0 	2.96	8.68	0.08
 0 	-18.26	-6.84	-5.65
 0 	8.54	12.98	-16.46
 0 	-20.43	-7.36	-18.36
 0 	18.78	0.70	-18.88
 0 	-13.22	-2.90	-15.67
 0 	-19.64	13.91	-6.73
 0 	-0.88	18.18	-11.55
 0 	-20.72	1.55	17.34
 0 	-1.47	-4.43	-17.75
 0 	-16.84	13.30	1.08
 0 	2.12	1.76	0.19
 0 	13.50	-13.48	12.53
 0 	-16.19	11.26	0.17
 0 	-8.41	2.99	-5.77
 0 	-6.04	3.82	14.38
 0 	-8.54	6.79	-18.44
 0 	12.74	20.85	-5.75
 0 	-16.90	19.48	2.85
 0 	10.44	-8.61	-5.57
 0 	-6.37	-14.84	1.13
 0 	9.24	-5.79	-15.60
 0 	-10.25	-13.06	-2.76
 0 	-5.58	19.88	10.16
 0 	1.64	-10.22	17.95
 0 	16.69	-12.84	-9.45
 0 	7.20	9.36	3.78
 0 	14.93	-3.14	-16.66
 0 	-2.49	5.45	-17.78
 0 	-4.72	3.52	9.13
 0 	0.51	12.38	-10.85
 0 	18.43	6.15	-1.84
 0 	-4.41	20.20	8.22
 0 	8.33	20.12	-0.31
 0 	-5.03	-5.11	-9.32
 0 	-6.53	3.11	-21.07
 0 	3.04	-20.13	13.87
 0 	-17.79	-14.93	-9.64
 0 	-16.45	5.89	-10.53
 0 	20.09	8.15	4.70
 0 	10.04	-20.45	-8.15
 0 	10.86	-18.96	-18.07
 0 	20.35	-21.07	-18.61
 0 	2.04	-14.17	10.37
 0 	16.63	-15.65	17.18
 0 	-13.58	-4.89	-5.87
 0 	-14.53	-7.97	-3.17
 0 	1.70	10.01	10.07
 0 	-15.82	-0.61	21.17
 0 	-18.18	10.69	-13.68
 0 	3.76	10.63	-11.04
 0 	-16.82	-3.81	-13.40
 0 	-14.70	4.46	-10.07
 0 	-17.59	20.49	6.68
 0 	-17.25	7.10	-2.78
 0 	17.86	-16.53	9.61
 0 	-18.61	8.84	15.16
 0 	-0.68	12.39	-5.10
 0 	-5.11	-7.66	14.80
 0 	-11.42	18.78	-3.93
 0 	15.33	-4.80	10.73
 0 	19.86	-19.51	-20.20
 0 	-12.18	15.15	15.62
 0 	14.43	0.52	-17.31
 0 	16.29	15.14	-4.51
 0 	10.27	2.78	-8.31
 0 	-19.90	19.14	-20.06
 0 	-14.60	16.28	-16.83
 0 	-18.21	-7.99	-13.57
 0 	-3.62	-19.17	-6.32
 0 	9.95	-16.20	1.16
 0 	9.26	-10.60	5.23
 0 	-5.23	20.53	-17.61
 0 	19.68	-15.93	-19.03
 0 	15.51	-14.49	1.33
 0 	3.61	-19.76	5.20
 0 	-2.43	-1.89	8.85
 0 	4.73	12.34	3.74
 0 	-10.38	5.09	14.95
 0 	6.60	-21.07	-0.89
 0 	5.35	14.18	-8.22
 0 	-4.21	-16.47	4.55
 0 	19.40	-19.80	7.26
 0 	-3.85	-14.21	4.14
 0 	4.34	-4.32	-21.12
 0 	-18.45	-16.27	19.97
 0 	16.45	18.61	-2.11
 0 	-8.59	0.73	14.17
 0 	0.74	-5.61	-17.68
 0 	-16.56	-3.96	-10.08
 0 	5.19	-18.86	18.76
 0 	-11.08	17.63	-16.46
 0 	-2.78	-6.75	-5.78
 0 	10.75	1.07	3.63
 0 	-13.07	18.02	-17.50
 0 	10.69	-2.41	-3.55
 0 	-9.27	8.75	-0.25
 0 	-12.07	-5.91	3.41
 0 	15.54	-7.98	-2.97
 0 	-18.25	-8.53	10.83
 0 	4.42	5.65	13.29
 0 	19.01	-18.40	-11.96
 0 	12.78	-19.22	-15.07
 0 	16.62	-1.26	3.92
 0 	17.16	-18.63	9.35
 0 	-7.06	-11.93	-14.37
 0 	-9.86	19.40	0.20
 0 	-2.09	12.68	-1.78
 0 	14.63	-5.50	3.12
 0 	-17.29	-12.54	-18.05
 0 	-15.75	12.97	-15.68
 0 	-13.55	19.38	-11.51
 0 	2.18	-13.71	19.39
 0 	4.80	20.47	-1.42
 0 	15.04	2.29	5.09
 0 	-11.60	-4.17	16.86
 0 	-20.28	17.60	-11.12
 0 	-5.54	4.25	-19.17
 0 	18.51	4.47	-13.47
 0 	-0.65	6.83	-5.28
 0 	19.35	14.30	-7.10
 0 	5.19	-15.05	-16.80
 0 	-18.49	10.57	9.72
 0 	10.89	-5.56	2.43
 0 	12.93	-6.48	-14.85
 0 	18.46	-12.60	19.38
 0 	0.70	16.92	-7.15
 0 	10.02	-0.10	12.13
 0 	-19.26	-12.74	0.83
 0 	-3.61	4.46	-10.28
 0 	21.18	-19.92	-14.91
 0 	-6.48	3.88	-4.83
 0 	-8.44	6.19	3.86
 0 	-5.67	-10.14	7.66
 0 	12.39	13.85	-7.39
 0 	-17.62	-8.86	-4.88
 0 	-3.87	7.58	-20.29
 0 	-10.69	4.82	8.87
 0 	16.50	-14.32	14.03
 0 	-19.07	14.61	-16.74
 0 	1.54	-15.77	-2.80
 0 	10.37	-17.99	6.83
 0 	-5.92	15.55	-20.24
 0 	10.54	3.34	12.33
 0 	13.99	-18.09	1.60
 0 	-9.52	19.39	-16.51
 0 	-17.74	-19.47	19.23
 0 	5.21	7.89	13.34
 0 	12.99	-12.31	8.70
 0 	18.45	-2.56	-7.04
 0 	8.72	-19.98	-18.09
 0 	18.73	5.62	0.30
 0 	-9.46	-3.16	-5.77
 0 	5.63	-6.63	-9.71
 0 	-21.08	18.10	-2.17
 0 	-13.42	-14.26	19.01
 0 	0.35	-3.12	11.85
 0 	-16.97	-14.93	-2.73
 0 	-19.16	16.11	10.01
 0 	15.43	-14.03	5.47
 0 	1.81	6.19	17.85
 0 	13.60	-19.53	-11.61
 0 	-6.82	17.94	7.50
 0 	-6.59	9.03	12.30
 0 	-17.16	9.14	2.63
 0 	-10.46	-20.38	5.03
 0 	-10.71	-18.12	15.67
 0 	16.94	14.72	3.25
 0 	-18.63	19.20	12.19
 0 	-4.37	-20.24	-1.49
 0 	0.94	20.12	9.66
 0 	10.03	19.91	-8.14
 0 	19.10	18.09	5.59
 0 	7.45	10.19	12.48
 0 	20.16	15.69	15.44
 0 	6.22	-14.00	8.61
 0 	-7.76	12.49	-19.53
 0 	19.59	-2.69	-2.30
 0 	-18.75	20.19	10.08
 0 	17.61	-4.66	-18.08
 0 	-7.80	18.46	-15.56
 0 	14.47	-2.85	-18.85
 0 	-12.76	5.10	11.58
 0 	2.89	-3.12	-19.54
 0 	12.45	7.08	17.55
 0 	-10.79	-10.26	-10.81
 0 	20.83	-13.81	-1.67
 0 	-9.12	-11.30	-6.21
 0 	8.07	-19.53	4.45
 0 	-4.58	2.57	-17.69
 0 	-15.00	-2.89	18.69
 0 	11.03	-11.27	9.44
 0 	-17.76	12.94	2.99
 0 	19.10	14.30	3.00
 0 	5.00	-4.11	-7.45
 0 	0.02	-13.25	10.62
 0 	-8.39	1.92	9.97
 0 	-7.67	5.00	-10.16
 0 	-15.97	13.21	-21.35
 0 	19.73	1.28	9.46
 0 	10.84	-16.42	-11.18
 0 	21.05	-16.27	16.86
 0 	15.30	-6.40	-19.79
 0 	-4.80	2.06	20.52
 0 	-7.60	-19.46	-14.35
 0 	-21.29	4.28	-18.12
 0 	-16.23	-3.70	6.36
 0 	10.82	-6.87	0.31
 0 	12.54	9.42	3.71
 0 	15.19	9.78	-19.14
 0 	12.96	-7.65	-0.71
 0 	-20.59	-1.42	7.28
 0 	-16.65	-14.93	3.97
 0 	0.94	20.89	-7.99
 0 	-10.82	-15.74	-12.52
 0 	-4.56	-3.27	-0.98
 0 	7.13	-4.96	-12.39
 0 	-12.08	-9.91	1.98
 0 	-18.36	1.91	2.54
 0 	6.67	-19.32	7.79
 0 	11.24	-15.52	-13.26
 0 	5.57	4.12	-0.30
 0 	-2.30	-8.32	-15.38
 0 	18.60	3.63	12.74
 0 	8.64	-9.94	18.60
 0 	17.74	6.14	6.38
 0 	2.86	-1.29	-12.05
 0 	-1.09	3.42	-15.37
 0 	8.59	14.67	0.92
 0 	9.82	-19.54	15.41
 0 	-1.46	-4.56	3.32
 0 	-4.59	12.11	20.98
 0 	7.44	3.10	14.62
 0 	-12.52	-7.98	-13.50
 0 	-2.71	8.18	-10.71
 0 	-12.90	18.32	1.24
 0 	10.95	-7.23	-19.90
 0 	20.69	-2.41	2.01
 0 	-9.66	13.63	-2.48
 0 	-13.41	2.14	9.52
 0 	3.98	17.66	-7.75
 0 	-2.23	10.47	-4.56
 0 	7.14	12.95	-7.81
 0 	-10.17	-12.96	8.28
 0 	-9.01	16.99	12.77
 0 	-1.06	9.97	1.19
 0 	-18.75	12.35	18.26
 0 	7.44	-5.09	-0.98
 0 	8.91	-18.74	8.29
 0 	0.59	-4.83	7.01
 0 	19.94	9.43	-8.17
 0 	1.65	-16.20	-6.74
 0 	9.32	8.85	17.80
 0 	-3.51	-13.36	-1.07
 0 	-19.26	-17.65	6.36
 0 	-8.53	-16.84	7.41
 0 	-18.17	-18.91	4.69
 0 	1.20	11.98	3.63
 0 	-17.70	12.63	-9.30
 0 	-0.22	-19.89	18.66
 0 	1.05	1.86	-10.96
 0 	-19.30	-18.46	2.80
 0 	10.09	-12.57	-5.97
 0 	17.37	1.15	-0.00
 0 	-8.58	-6.80	14.87
 0 	-10.54	6.33	2.71
 0 	15.16	-20.44	3.99
 0 	0.11	-9.15	-13.14
 0 	7.17	-16.74	-12.89
 0 	-3.99	-5.78	-12.50
 0 	-14.97	19.61	-8.49
 0 	-0.51	-20.96	-2.02
 0 	20.18	7.34	8.59
 0 	14.33	-16.02	-4.58
 0 	15.78	-20.44	-20.09
 0 	3.15	18.61	19.88
 0 	-5.74	2.49	-3.24
 0 	-19.59	5.57	8.97
 0 	-14.15	5.44	-6.57
 0 	18.64	19.95	-12.07
 0 	-12.77	-18.02	2.85
 0 	-9.78	-12.31	-20.58
 0 	-3.59	-7.05	8.28
 0 	-17.61	-20.55	21.08
 0 	4.63	-21.10	2.01
 0 	12.28	-0.72	18.82
 0 	3.82	-2.64	12.95
 0 	5.85	-10.59	4.05
 0 	21.26	-5.21	10.74
 0 	-8.40	-11.58	13.93
 0 	-15.90	-12.82	7.47
 0 	-20.42	-8.49	-1.82
 0 	16.04	9.46	-0.53
 0 	12.22	6.49	-5.59
 0 	17.80	10.81	20.44
 0 	17.88	10.81	4.00
 0 	7.86	13.83	6.64
 0 	-5.90	19.87	0.70
 0 	5.75	8.11	-8.50
 0 	-12.68	-11.65	-17.58
 0 	-4.33	18.14	-14.56
 0 	-17.96	-2.69	5.62
 0 	-9.19	2.56	-12.34
 0 	7.70	19.47	-7.76
 0 	4.21	-0.45	-0.35
 0 	-10.50	8.91	-16.39
 0 	-17.81	17.24	-8.16
 0 	18.30	-13.57	-16.38
 0 	-19.44	2.19	6.94
 0 	3.61	-7.30	11.90
 0 	16.71	20.21	6.94
 0 	9.07	17.06	-18.78
 0 	12.98	-0.77	5.16
 0 	9.09	-18.17	18.55
 0 	-15.06	-4.93	17.49
 0 	-8.73	9.20	-14.78
 0 	15.51	0.46	1.10
 0 	-7.00	-16.77	-8.49
 0 	-7.40	11.08	-6.71
 0 	-12.68	-14.66	-20.01
 0 	12.31	5.58	-1.71
 0 	12.61	-8.26	-21.27
 0 	8.30	-4.50	10.81
 0 	-15.13	17.48	-20.00
 0 	19.82	-1.68	6.81
 0 	18.07	11.39	6.22
 0 	12.64	17.28	-17.30
 0 	4.38	-6.97	-2.65
 0 	-2.11	-6.98	-12.11
 0 	2.20	14.61	-4.83
 0 	13.11	11.48	-0.99
 0 	9.26	-5.46	6.40
 0 	-9.81	9.46	20.17
 0 	-3.37	16.36	13.62
 0 	-14.11	6.77	-3.38
 0 	16.81	-1.79	11.42
 0 	4.38	8.49	-14.96
 0 	11.39	20.10	-13.18
 0 	-6.92	-16.33	-12.12
 0 	12.39	20.97	-0.59
 0 	-5.93	14.44	9.24
 0 	-1.07	1.72	-0.87
 0 	12.08	14.66	-0.43
 0 	-5.83	-6.75	18.18
 0 	-16.48	-19.08	-6.62
 0 	11.79	-11.11	18.88
 0 	-6.02	-9.62	-16.27
 0 	-7.94	21.35	19.10
 0 	16.29	12.94	-17.34
 0 	11.56	5.10	13.56
 0 	15.97	-6.66	-8.78
 0 	-3.05	15.40	-5.77
 0 	18.03	21.31	-7.70
 0 	5.55	18.58	19.92
 0 	8.30	-20.04	2.21
 0 	-4.12	0.56	16.07
 0 	11.65	-12.66	-1.61
 0 	6.52	0.99	14.53
 0 	4.78	10.43	-3.40
 0 	2.85	-2.65	-10.08
 0 	6.84	-1.15	11.65
 0 	13.90	-6.75	-18.03
 0 	4.15	-19.71	-14.95
 0 	2.66	-3.86	9.74
 0 	-9.95	-10.23	-15.69
 0 	-5.55	12.32	-18.45
 0 	-8.35	-19.53	-18.20
 0 	1.95	15.60	-14.69
 0 	-0.07	-13.63	19.94
 0 	2.33	-5.85	13.08
 0 	-10.80	-6.44	-13.41
 0 	-8.02	14.59	-20.52
 0 	-12.57	-16.80	15.98
 0 	16.51	20.31	-18.82
 0 	21.13	2.76	10.69
 0 	11.03	6.70	-20.84
 0 	0.55	16.17	4.77
 0 	2.80	13.28	4.72
 0 	4.90	-3.27	-9.67
 0 	5.56	4.13	-8.06
 0 	-10.76	11.81	-5.55
 0 	-1.68	-14.32	-4.47
 0 	-20.54	19.83	-11.69
 0 	-10.90	7.22	-1.06
 0 	-3.32	-2.97	18.64
 0 	20.55	-20.79	1.72
 0 	7.20	4.58	11.12
 0 	-14.61	1.84	6.08
 0 	6.58	-2.37	1.34
 0 	-19.67	-14.09	-8.95
 0 	12.49	14.79	5.60
 0 	11.97	-20.14	11.82
 0 	15.43	18.41	-4.29
 0 	-6.50	12.50	14.34
 0 	8.88	7.94	-18.08
 0 	0.95	-2.99	-4.57
 0 	20.08	-5.34	-12.06
 0 	-0.31	13.19	-7.25
 0 	11.24	10.14	18.32
 0 	7.68	-2.56	9.88
 0 	-3.13	12.14	8.24
 0 	12.53	14.50	16.27
 0 	16.52	5.14	14.97
 0 	-5.10	17.07	21.26
 0 	10.00	-7.71	9.64
 0 	12.44	-7.06	5.47
 0 	8.99	11.03	9.06
 0 	15.44	-16.25	13.75
 0 	-4.62	-16.74	-2.39
 0 	15.14	18.82	-0.29
 0 	-6.63	-7.12	9.60
 0 	-13.95	-8.77	-9.84
 0 	-2.89	-16.87	-13.08
 0 	-10.29	-7.48	17.93
 0 	-18.53	-5.56	-13.69
 0 	-20.97	-7.27	9.42
 0 	1.87	-20.20	6.72
 0 	9.37	15.03	10.17
 0 	-8.53	16.66	-4.10
 0 	-3.13	5.64	12.84
 0 	-12.17	-19.27	6.07
 0 	1.26	3.64	1.00
 0 	2.33	2.52	-9.28
 0 	1.15	11.55	15.78
 0 	20.04	-11.57	13.90
 0 	12.09	-2.72	-7.51
 0 	17.27	-14.87	-0.27
 0 	-3.62	-14.50	15.79
 0 	-3.92	17.33	9.91
 0 	-1.87	8.23	21.26
 0 	20.39	11.34	6.39
 0 	-17.89	-3.15	9.10
 0 	14.89	8.42	19.54
 0 	14.14	15.60	15.63
 0 	15.54	16.45	17.35
 0 	18.74	7.56	1.28
 0 	-3.39	-6.42	1.33
 0 	4.36	1.33	-16.31
 0 	-8.62	-21.15	21.20
 0 	-8.01	-12.25	-9.40
 0 	-0.33	-1.03	-10.02
 0 	10.66	0.79	-6.82
 0 	15.78	-3.28	-12.95
 0 	8.94	-7.14	-8.75
 0 	-4.51	-10.18	-2.89
 0 	-10.65	-10.49	3.40
 0 	20.91	-20.22	10.49
 0 	-18.34	7.19	5.58
 0 	15.40	11.50	-1.29
 0 	4.42	-11.95	-5.49
 0 	16.84	-6.86	18.21
 0 	11.25	-0.02	-14.12
 0 	-1.31	-1.23	14.45
 0 	5.44	0.82	5.44
 0 	20.83	16.07	-2.27
 0 	5.27	-16.70	11.41
 0 	-13.16	-3.36	-13.36
 0 	-10.42	6.75	-17.01
 0 	-11.20	17.08	18.48
 0 	-5.45	0.38	19.24
 0 	-11.78	-8.95	10.07
 0 	-5.32	-9.71	-9.39
 0 	17.19	14.82	-20.34
 0 	17.78	20.68	10.07
 0 	-12.60	-9.43	-11.63
 0 	-6.14	-21.35	-14.10
 0 	7.90	4.06	8.85
 0 	-16.76	-14.47	-16.83
 0 	1.77	-8.82	16.21
 0 	-3.86	-7.98	20.88
 0 	-12.88	-13.09	-10.50
 0 	-9.12	0.02	8.78
 0 	0.11	6.90	-13.58
 0 	-8.99	5.95	11.55
 0 	-0.17	-19.22	-12.29
 0 	-16.38	18.77	-6.92
 0 	-5.51	21.33	6.81
 0 	11.22	16.07	17.43
 0 	-19.68	12.16	-10.59
 0 	4.25	20.82	16.73
 0 	-9.30	-17.96	-19.62
 0 	4.67	-4.11	16.00
 0 	20.67	-7.24	20.82
 0 	19.05	-18.23	-1.62
 0 	-2.07	-2.29	6.73
 0 	2.33	4.76	-9.25
 0 	4.54	2.12	-9.03
 0 	2.79	-5.05	20.05
 0 	4.69	-17.74	5.42
 0 	-15.08	2.97	2.78
 0 	-18.08	5.64	0.36
 0 	1.05	16.09	10.37
 0 	6.69	-10.57	19.49
 0 	11.77	11.40	4.11
 0 	13.91	7.01	-6.92
 0 	10.51	-9.34	8.16
 0 	-20.26	-4.93	-11.99
 0 	15.17	5.09	9.28
 0 	-12.94	1.83	-5.33
 0 	-7.45	1.44	5.49
 0 	-0.42	-0.41	-18.42
 0 	16.14	9.14	-4.27
 0 	7.12	13.05	1.12
 0 	7.83	-21.19	10.17
 0 	11.22	9.20	-15.80
 0 	13.50	-9.85	-20.05
 0 	-3.24	-13.21	-13.25
 0 	-19.60	7.40	-14.90
 0 	19.93	7.59	12.34
 0 	14.41	-12.45	1.10
 0 	-10.13	-4.63	19.73
 0 	10.19	-19.32	-1.02
 0 	5.41	2.62	1.57
 0 	-12.85	13.87	-19.60
 0 	-13.84	-13.48	-1.91
 0 	14.56	16.02	5.89
 0 	1.51	-20.05	-20.05
 0 	0.66	16.24	18.86
 0 	21.06	12.94	-9.84
 0 	8.22	-6.52	9.41
 0 	-15.76	-12.35	-19.93
 0 	1.16	0.79	16.18
 0 	-0.49	2.95	3.36
 0 	15.79	-10.75	4.30
 0 	9.28	-3.46	-10.14
 0 	17.15	-1.48	-8.33
 0 	5.84	1.37	-18.36
 0 	-2.24	3.74	2.04
 0 	19.29	-6.95	5.01
 0 	-11.77	-18.04	-0.77
 0 	3.52	16.35	14.68
 0 	13.10	9.93	-5.64
 0 	-10.46	-5.93	13.89
 0 	-14.70	9.07	-15.09
 0 	-8.26	-19.86	14.48
 0 	-3.71	-11.54	17.26
 0 	-3.47	1.02	-20.61
 0 	14.25	5.29	-16.65
 0 	2.21	8.24	16.92
 0 	12.50	12.83	0.80
 0 	9.46	14.58	13.94
 0 	3.76	14.71	-13.60
 0 	-15.98	7.11	5.60
 0 	16.25	-18.23	-19.41
 0 	-7.52	-1.59	9.21
 0 	11.26	7.72	4.69
 0 	-11.62	6.84	9.20
 0 	11.59	-20.86	18.01
 0 	-13.35	14.76	10.16
 0 	-20.15	21.19	-18.91
 0 	-14.60	-6.56	-16.58
 0 	11.46	-17.91	3.93
 0 	-1.39	7.08	17.09
 0 	-15.04	-4.83	10.03
 0 	-18.05	3.00	-9.67
 0 	-12.32	-20.99	-17.03
 0 	-16.16	-10.15	-20.48
 0 	-0.79	-20.42	1.87
 0 	-17.49	9.04	-9.73
 0 	13.71	-15.90	12.50
 0 	6.86	15.97	6.11
 0 	-8.14	5.87	-2.42
 0 	13.84	-9.89	15.88
 0 	-7.68	0.68	0.12
 0 	-12.48	6.07	18.65
 0 	-19.57	-18.23	-9.84
 0 	6.31	-3.37	8.35
 0 	-15.29	-14.43	17.67
 0 	-7.97	-3.21	0.80
 0 	-2.27	-7.90	-20.10
 0 	1.92	-20.37	19.10
 0 	1.75	-4.36	-3.07
 0 	-6.05	-7.30	-21.12
 0 	13.99	13.27	-21.22
 0 	-19.23	-1.85	10.43
 0 	-17.52	-18.93	14.55
 0 	-13.36	16.21	6.10
 0 	20.39	14.03	-11.69
 0 	3.39	-10.66	-16.31
 0 	-20.94	6.51	-18.59
 0 	-9.42	-4.83	-0.20
 0 	-15.92	5.79	17.74
 0 	13.70	10.24	-11.51
 0 	13.81	-9.15	-17.89
 0 	18.96	-1.28	-13.04
 0 	-6.38	6.05	14.47
 0 	-16.18	-14.00	14.24
 0 	-20.87	-12.41	12.64
 0 	14.25	-3.66	-7.59
 0 	2.62	-19.31	20.92
 0 	-14.98	-19.99	-10.18
 0 	-17.81	3.63	6.01
 0 	9.94	14.89	-0.90
 0 	-11.34	-20.25	-0.53
 0 	-3.84	-18.22	12.07
 0 	3.26	-10.66	-3.84
 0 	2.31	-1.65	-7.88
 0 	2.18	0.29	14.20
 0 	4.90	-10.14	18.06
 0 	11.76	-18.69	-3.98
 0 	-9.74	3.94	20.13
 0 	0.31	-7.15	-8.05
 0 	-4.86	-12.42	15.57
 0 	-2.66	9.63	19.48
 0 	11.02	3.18	2.49
 0 	12.93	7.83	-2.19
 0 	-0.41	-8.23	-9.73
 0 	-2.22	7.01	4.04
 0 	-11.24	-9.03	15.03
 0 	-17.94	10.84	3.76
 0 	12.03	8.27	-4.31
 0 	7.71	19.69	8.87
 0 	-10.10	-11.93	10.28
 0 	6.90	8.40	-6.45
 0 	-0.57	7.23	14.96
 0 	-18.86	21.29	-11.33
 0 	16.51	-14.67	-20.88
 0 	3.10	-14.23	6.38
 0 	5.52	-19.11	-4.28
 0 	-3.61	-17.71	9.98
 0 	-2.98	0.57	11.40
 0 	10.56	21.09	10.93
 0 	-14.68	7.43	-13.46
 0 	-9.04	-5.42	-2.58
 0 	7.21	3.81	20.99
 0 	8.42	12.63	-12.52
 0 	-4.04	0.94	5.88
 0 	-11.28	5.88	-13.36
 0 	18.74	-1.69	-16.24
 0 	-13.19	-12.06	14.88
 0 	9.11	-4.03	-12.51
 0 	-7.74	-19.24	18.21
 0 	20.49	15.78	-19.41
 0 	-14.29	2.51	19.72
 0 	-4.87	-18.74	-10.68
 0 	18.07	15.35	8.59
 0 	12.31	16.08	-12.96
 0 	11.11	15.71	4.01
 0 	13.48	-4.94	18.02
 0 	-10.37	20.03	-11.82
 0 	-2.11	-20.09	5.28
 0 	11.45	-14.72	-9.60
 0 	-12.31	2.80	-11.84
 0 	-13.59	20.43	7.17
 0 	-14.20	-17.95	8.81
 0 	14.16	13.81	9.53
 0 	13.53	-6.28	-11.41
 0 	5.73	7.97	21.09
 0 	7.15	15.86	-10.83
 0 	-20.10	19.73	-7.42
 0 	-17.85	3.21	16.22
 0 	20.40	7.06	2.79
 0 	13.62	2.43	-20.39
 0 	1.76	10.04	4.70
 0 	7.88	-5.95	-4.49
 0 	-18.77	-1.54	19.29
 0 	15.16	1.89	12.90
 0 	-4.52	14.47	4.76
 0 	-18.06	12.29	-7.07
 0 	-1.47	3.28	5.21
 0 	21.32	4.97	5.75
 0 	-18.83	2.37	-11.72
 0 	10.58	1.71	-4.49
 0 	-8.88	18.28	10.81
 0 	6.90	-10.46	7.68
 0 	18.47	12.40	-6.32
 0 	18.46	4.22	-20.08
 0 	-16.38	-11.94	5.30
 0 	-7.26	4.63	17.68
 0 	5.09	3.54	-21.12
 0 	-15.45	9.36	6.18
 0 	-19.16	8.81	-7.83
 0 	-8.70	-4.45	4.73
 0 	10.43	2.24	6.88
 0 	-7.50	4.47	20.03
 0 	15.96	17.74	-12.17
 0 	-13.37	-12.60	-19.46
 0 	0.44	18.59	-0.04
 0 	15.53	-11.12	-0.33
 0 	8.15	2.97	12.40
 0 	17.65	-8.40	2.43
 0 	-16.06	16.23	8.45
 0 	8.73	19.15	-19.72
 0 	11.54	-0.80	-19.76
 0 	5.70	-11.22	-11.15
 0 	14.08	0.38	-8.53
 0 	17.78	1.58	20.05
 0 	8.91	10.72	4.20
 0 	-0.52	-18.48	-8.21
 0 	21.24	-6.52	16.84
 0 	-16.88	-1.35	-7.61
 0 	-0.28	-7.61	-14.66
 0 	17.82	-8.29	16.58
 0 	4.67	17.79	-15.46
 0 	-13.51	-1.67	5.99
 0 	-19.90	0.63	-1.67
 0 	10.88	19.87	14.05
 0 	-9.55	11.22	-11.82
 0 	17.48	2.18	-8.45
 0 	19.04	8.19	14.32
 0 	-12.24	-1.90	0.65
 0 	-5.13	-21.33	13.97
 0 	-15.34	-18.69	14.04
 0 	-5.47	17.75	-2.71
 0 	-20.87	-16.46	-19.31
 0 	-4.97	16.96	-9.42
 0 	3.15	-2.09	-14.34
 0 	-13.70	4.09	-15.76
 0 	-19.68	1.24	-18.66
 0 	-18.70	7.40	-12.81
 0 	-2.76	-14.58	17.93
 0 	3.56	15.14	-17.81
 0 	-18.30	14.88	-0.09
 0 	7.54	17.23	-7.05
 0 	2.68	-8.50	3.84
 0 	17.54	12.11	-8.41
 0 	7.90	3.97	-12.92
 0 	-21.24	-11.31	10.48
 0 	0.74	-1.62	-0.29
 0 	-1.06	3.50	0.32
 0 	-16.60	19.43	13.28
 0 	12.46	-20.58	-18.13
 0 	-16.79	-2.49	20.15
 0 	14.40	-13.94	-14.95
 0 	7.07	6.89	6.39
 0 	-11.54	2.61	4.08
 0 	-13.71	18.46	-13.61
 0 	6.11	-10.68	-13.51
 0 	18.14	-6.50	-7.82
 0 	-13.64	13.94	12.29
 0 	-11.17	-2.64	19.81
 0 	-2.28	-15.40	-7.65
 0 	21.00	-16.58	-6.94
 0 	14.75	1.49	18.24
 0 	17.63	-1.79	16.02
 0 	-19.62	12.08	20.34
 0 	-12.91	6.61	-5.17
 0 	-7.36	8.27	4.42
 0 	-1.24	5.23	13.99
 0 	-16.14	20.00	0.81
 0 	-20.63	-9.97	-15.82
 0 	12.89	15.40	9.06
 0 	-4.62	-6.74	-17.56
 0 	-16.61	-2.14	-15.10
 0 	1.66	20.14	0.72
 0 	2.47	-8.32	10.08
 0 	-6.55	-5.27	12.27
 0 	3.93	-7.83	-13.46
 0 	20.70	11.06	16.16
 0 	5.96	16.91	9.62
 0 	-12.43	-14.66	1.37
 0 	-7.34	7.59	-0.93
 0 	-4.28	-19.65	2.13
 0 	6.09	19.65	17.78
 0 	-12.22	7.33	-8.89
 0 	6.39	-3.57	-13.88
 0 	-7.01	20.97	2.46
 0 	17.10	0.08	14.95
 0 	-17.71	-18.28	-0.57
 0 	4.32	17.44	12.99
 0 	18.18	18.98	15.61
 0 	14.38	-9.87	-10.30
 0 	10.91	-17.71	-19.91
 0 	-18.63	-16.27	-14.34
 0 	-8.49	-15.55	14.19
 0 	21.20	12.50	-19.22
 0 	18.81	13.06	-0.69
 0 	12.61	-17.98	7.28
 0 	-7.94	10.77	21.29
 0 	-9.41	-8.51	16.12
 0 	-6.68	-19.10	16.25
 0 	13.35	-20.73	-20.20
 0 	-14.87	-9.92	-1.95
 0 	-17.57	-14.16	-5.00
 0 	2.19	2.35	8.10
 0 	-12.31	-13.74	-6.59
 0 	21.16	12.49	-3.34
 0 	7.44	1.61	2.02
 0 	1.26	-7.19	17.57
 0 	0.13	14.22	-15.07
 0 	11.58	-4.10	15.22
 0 	10.19	17.19	-1.15
 0 	11.47	19.46	4.20
 0 	-19.54	-15.16	0.88
 0 	-20.51	20.09	19.15
 0 	-0.91	-20.74	-7.71
 0 	-6.98	17.92	20.68
 0 	11.21	-11.87	5.75
 0 	-14.07	-15.19	20.95
 0 	-3.47	-6.58	-15.76
 0 	20.60	-19.75	-12.62
 0 	14.40	10.11	4.81
 0 	-5.69	17.97	3.86
 0 	19.56	-1.82	-11.05
 0 	-8.50	-20.20	1.83
 0 	6.16	11.80	-2.13
 0 	-13.97	9.01	7.80
 0 	19.03	20.21	-15.81
 0 	6.79	-16.48	2.63
 0 	-7.32	-11.99	15.95
 0 	17.15	-1.40	9.29
 0 	5.75	-3.31	20.05
 0 	-12.77	1.47	7.37
 0 	17.84	-3.38	4.11
 0 	11.87	10.62	-21.11
 0 	-1.92	-9.21	-12.26
 0 	1.95	12.49	1.51
 0 	18.95	-14.43	-20.55
 0 	-20.84	4.36	14.25
 0 	4.32	4.70	-19.34
 0 	-10.33	-14.58	-20.37
 0 	-21.19	-5.74	-3.99
 0 	-15.43	-15.58	5.74
 0 	2.93	19.07	12.31
 0 	-1.98	-2.42	-6.45
 0 	5.23	20.14	3.67
 0 	6.93	11.25	-9.43
 0 	9.05	21.31	20.45
 0 	-5.42	-12.66	-20.10
 0 	-20.40	-13.37	20.51
 0 	-1.15	-10.35	5.08
 0 	0.50	16.10	8.22
 0 	-18.21	3.89	-0.88
 0 	-2.94	11.96	19.38
 0 	-14.80	-4.88	-12.99
 0 	18.21	-5.03	-4.47
 0 	16.12	1.47	-6.05
 0 	3.55	18.59	3.32
 0 	9.41	8.20	-14.65
 0 	7.11	16.31	0.45
 0 	0.79	19.84	-11.69
 0 	5.59	19.07	9.28
 0 	-20.49	-9.20	5.07
 0 	13.75	10.00	9.21
 0 	6.20	-3.85	-17.28
 0 	-18.85	16.65	1.43
 0 	-11.35	-6.07	-5.66
 0 	-11.00	-15.80	-16.81
 0 	-17.17	17.10	2.95
 0 	-0.03	-13.73	14.28
 0 	8.28	-12.56	-2.17
 0 	15.19	14.88	13.62
 0 	0.54	5.04	-1.85
 0 	-3.39	-11.74	-19.79
 0 	-7.03	-2.35	-3.41
 0 	19.00	15.74	-21.08
 0 	-1.71	12.72	-18.02
 0 	-6.24	-16.80	16.52
 0 	6.55	5.68	-13.80
 0 	5.96	9.35	-13.60
 0 	-8.89	-13.31	-11.15
 0 	-3.98	-4.55	-20.47
 0 	-14.69	18.01	-9.88
 0 	9.94	11.56	-11.11
 0 	12.42	2.01	-0.87
 0 	-15.96	2.49	-6.76
 0 	-8.75	18.15	-20.32
 0 	9.27	13.91	-2.97
 0 	-15.50	-18.97	-0.86
 0 	10.57	-10.49	15.24
 0 	-10.82	17.64	9.41
 0 	2.99	-5.09	-7.05
 0 	-4.73	-17.72	0.98
 0 	17.87	5.08	-17.96
 0 	-11.99	-20.40	-5.15
 0 	-5.77	-9.28	-7.36
 0 	-9.04	13.11	-4.51
 0 	-19.27	-13.96	16.54
 0 	-8.43	-12.37	4.78
 0 	16.98	-3.49	0.76
 0 	10.91	-8.83	-11.13
 0 	14.29	-17.70	20.26
 0 	14.99	14.70	-17.87
 0 	16.92	-16.97	3.72
 0 	3.24	-10.84	-10.98
 0 	-7.34	14.69	2.75
 0 	10.81	18.93	-10.01
 0 	1.58	6.37	-4.79
 0 	-5.31	7.51	-4.06
 0 	16.18	7.70	17.64
 0 	10.38	3.21	-20.62
 0 	-14.21	-3.01	10.49
 0 	3.85	-16.94	-16.72
 0 	19.89	17.86	16.60
 0 	-4.99	9.04	19.31
 0 	14.72	-16.16	-8.14
 0 	-6.98	5.89	-4.33
 0 	-6.35	-1.81	-20.72
 0 	-6.54	-11.66	12.50
 0 	-15.34	-20.68	-20.67
 0 	-16.66	-6.27	-20.39
 0 	15.04	-11.71	20.17
 0 	5.72	19.16	-3.23
 0 	1.45	19.53	2.93
 0 	13.49	18.20	-2.79
 0 	-13.33	4.00	13.49
 0 	-1.80	18.52	5.10
 0 	-4.75	8.65	-9.66
 0 	-10.75	-6.87	-3.61
 0 	12.26	-18.59	-1.83
 0 	20.09	14.91	9.59
 0 	3.07	-5.66	15.33
 0 	-12.07	8.18	6.48
 0 	-20.29	-2.99	-7.41
 0 	-15.18	19.70	-14.97
 0 	1.31	-18.29	7.66
 0 	19.96	17.77	-6.93
 0 	15.67	-10.94	14.96
 0 	6.31	3.55	7.58
 0 	-20.55	-12.38	8.48
 0 	-14.58	-14.26	-10.09
 0 	5.07	15.97	7.68
 0 	-21.05	-17.71	-15.40
 0 	13.30	2.92	-13.66
 0 	12.30	4.82	-4.06
 0 	-16.27	10.97	-9.91
 0 	-2.23	-19.30	3.16
 0 	-14.63	-1.14	17.26
 0 	8.39	-1.45	17.03
 0 	-14.74	6.26	10.65
 0 	-9.68	-0.88	-1.77
 0 	3.14	6.07	19.57
 0 	18.80	-14.32	7.46
 0 	-14.05	-6.70	10.97
 0 	7.83	5.48	19.48
 0 	7.36	3.19	-18.04
 0 	19.25	-4.52	9.72
 0 	15.56	-12.12	-2.47
 0 	-20.61	-5.73	0.83
 0 	-10.65	10.43	18.25
 0 	-21.05	-0.44	1.47
 0 	-12.57	5.59	20.84
 0 	-19.13	9.55	-15.59
 0 	-8.88	12.07	-17.48
 0 	17.90	-11.66	-7.80
 0 	-14.86	-20.50	4.07
 0 	-1.76	3.55	15.62
 0 	13.38	-13.35	16.32
 0 	9.33	-4.67	18.39
 0 	-1.90	-4.67	1.22
 0 	-15.80	-7.74	-10.68
 0 	6.30	-19.82	1.01
 0 	-6.01	1.21	17.12
 0 	6.61	11.33	16.88
 0 	10.51	10.28	14.04
 0 	-10.91	15.17	-6.55
 0 	0.18	17.12	14.91
 0 	-19.76	13.49	12.63
 0 	2.11	-14.05	2.18
 0 	-8.31	-2.60	3.13
 0 	20.21	-5.31	6.18
 0 	5.81	-13.79	20.74
 0 	8.94	0.28	-11.12
 0 	-13.40	-14.44	5.99
 0 	7.85	-2.16	-5.89
 0 	-3.82	18.90	-20.61
 0 	-15.02	-6.63	20.89
 0 	9.14	8.00	-10.36
 0 	-19.26	-3.27	7.26
 0 	-7.30	11.62	17.79
 0 	-18.29	-0.13	-8.88
 0 	4.12	19.12	-9.56
 0 	-11.14	3.72	-19.36
 0 	15.58	-8.82	-8.54
 0 	0.92	-5.04	21.30
 0 	3.59	5.16	-7.50
 0 	20.28	21.07	-11.22
 0 	-10.36	16.22	16.38
 0 	-2.55	14.47	-2.95
 0 	-19.19	5.42	6.55
 0 	-10.66	-18.76	-5.97
 0 	4.47	-16.62	-10.34
 0 	9.73	-20.25	-11.47
 0 	9.17	8.45	-6.31
 0 	8.71	20.33	1.95
 0 	-19.73	-17.24	-17.34
 0 	-17.07	-1.11	14.66
 0 	13.18	2.03	9.85
 0 	-17.69	-0.65	11.66
 0 	1.57	10.80	19.87
 0 	6.37	-20.58	-9.80
 0 	19.99	-13.23	-3.80
 0 	20.65	-9.02	-12.53
 0 	20.86	6.91	-15.08
 0 	17.56	-9.88	-10.91
 0 	-5.65	-20.40	3.72
 0 	-15.14	16.95	-13.18
 0 	-19.67	-7.91	-9.91
 0 	13.89	5.94	2.91
 0 	-15.60	-2.10	15.56
 0 	-9.65	16.57	5.51
 0 	4.95	7.21	18.99
 0 	16.59	12.19	10.45
 0 	-5.85	-5.04	16.86
 0 	-8.08	-15.75	5.32
 0 	2.61	-15.94	18.87
 0 	-19.53	-2.09	-4.22
 0 	-0.60	-14.37	17.83
 0 	18.88	-0.55	-2.96
 0 	-0.52	-1.01	-20.70
 0 	-3.86	9.22	-18.66
 0 	9.85	10.56	1.97
 0 	8.89	4.85	-2.63
 0 	-11.20	21.28	17.14
 0 	-6.73	-10.90	4.31
 0 	-1.60	0.67	13.25
 0 	-2.32	-17.52	-2.54
 0 	-4.84	-9.41	-12.74
 0 	-13.24	13.77	6.39
 0 	2.07	-17.00	20.83
 0 	-3.00	-2.51	14.26
 0 	6.16	-1.12	-13.58
 0 	-8.45	-3.77	9.35
 0 	-19.90	13.56	2.34
 0 	-4.72	18.49	16.07
 0 	-16.07	-6.34	-2.41
 0 	-20.53	-0.46	-17.47
 0 	10.91	-7.43	-9.29
 0 	1.78	9.26	-21.09
 0 	-20.14	13.66	0.04
 0 	4.21	-11.13	0.75
 0 	13.74	-1.48	14.03
 0 	-17.46	5.62	2.62
 0 	-18.14	2.50	-17.62
 0 	-10.38	5.54	18.55
 0 	-19.53	-9.30	14.10
 0 	4.30	9.71	1.54
 0 	6.04	7.50	-12.33
 0 	3.45	12.13	19.32
 0 	-6.43	0.35	1.92
 0 	8.52	-8.36	-6.73
 0 	-12.10	-9.28	-15.33
 0 	2.20	-15.06	8.28
 0 	11.35	-14.39	-5.65
 0 	-10.36	-12.03	-16.99
 0 	-4.05	-20.31	-13.82
 0 	-1.41	17.82	16.19
 0 	-6.74	5.60	-8.04
 0 	6.76	8.19	11.63
 0 	0.68	9.60	-7.76
 0 	-5.60	-2.94	-9.99
 0 	-13.98	-20.41	6.19
 0 	-0.00	-6.31	4.06
 0 	5.39	16.18	-6.90
 0 	20.61	11.32	-14.34
 0 	-14.59	9.93	-6.48
 0 	-6.62	-15.83	-15.71
 0 	-14.17	10.29	4.58
 0 	0.83	-0.24	-11.78
 0 	17.17	-11.03	7.44
 0 	-2.52	21.20	8.92
 0 	-17.38	-4.05	-20.68
 0 	-12.34	12.48	0.83
 0 	2.31	-7.12	8.21
 0 	-20.60	19.55	-13.90
 0 	18.85	-10.82	20.98
 0 	-17.14	-2.35	12.87
 0 	14.47	-1.08	-15.77
 0 	14.06	-5.72	-8.07
 0 	-18.81	20.60	3.20
 0 	-4.49	15.35	17.57
 0 	-8.97	-17.09	-11.85
 0 	-6.60	-16.90	1.87
 0 	-15.29	9.99	-19.80
 0 	2.07	1.48	-16.40
 0 	-17.12	-20.29	-17.16
 0 	8.45	-16.64	20.13
 0 	-4.54	-8.26	-10.73
 0 	-15.51	16.88	20.56
 0 	19.45	16.86	-13.64
 0 	-7.88	-10.61	7.70
 0 	-15.35	-3.69	3.11
 0 	-18.41	-7.45	21.13
 0 	2.32	9.44	-15.09
 0 	9.53	6.49	3.35
 0 	9.18	-20.08	-6.24
 0 	-3.45	7.01	-2.87
 0 	21.06	-5.64	-17.30
 0 	-5.41	-14.75	-5.45
 0 	11.19	6.11	-12.58
 0 	5.20	-13.32	6.67
 0 	0.16	0.67	2.69
 0 	-15.49	11.53	15.58
 0 	-13.51	8.85	1.50
 0 	19.02	-10.69	6.03
 0 	-0.02	2.16	-4.45
 0 	-1.62	2.39	-20.36
 0 	-19.18	9.17	6.42
 0 	-10.03	-13.95	-15.60
 0 	-9.34	6.76	-20.48
 0 	4.99	-0.32	-11.76
 0 	9.09	-13.60	-20.20
 0 	-10.09	-9.88	13.21
 0 	13.82	19.13	4.10
 0 	-9.25	20.14	17.66
 0 	3.43	12.85	-8.04
 0 	1.59	-2.28	-15.93
 0 	6.08	-15.95	20.20
 0 	2.82	7.45	8.99
 0 	10.01	-18.61	1.11
 0 	18.07	-5.20	15.37
 0 	-20.12	10.46	3.30
 0 	-10.53	16.48	-11.07
 0 	-1.35	-16.71	-4.54
 0 	-18.77	16.42	18.97
 0 	15.14	-20.32	17.47
 0 	11.31	-10.26	11.44
 0 	9.54	-7.03	-3.05
 0 	-11.11	15.41	20.16
 0 	-0.99	-20.68	12.27
 0 	8.23	16.92	10.26
 0 	20.39	21.18	-0.40
 0 	-18.57	0.43	-20.23
 0 	-17.68	16.93	20.79
 0 	-14.43	8.00	-20.26
 0 	19.65	11.31	12.41
 0 	8.08	-6.91	-17.25
 0 	11.33	18.01	-14.16
 0 	14.93	-18.16	3.68
 0 	-15.74	13.92	-11.93
 0 	-10.41	1.69	19.73
 0 	-14.41	10.62	-8.64
 0 	16.21	18.07	20.81
 0 	0.05	-12.75	16.35
 0 	9.53	16.83	13.92
 0 	-16.63	13.05	-5.46
 0 	18.99	13.40	-2.82
 0 	1.69	-3.29	3.03
 0 	17.52	-20.51	6.26
 0 	4.89	-19.21	21.02
 0 	-5.68	9.15	-17.16
 0 	5.60	16.41	-13.89
 0 	14.44	-9.02	0.38
 0 	-17.02	-17.03	-7.08
 0 	2.35	15.28	3.87
 0 	7.83	-2.89	21.12
 0 	3.52	-4.01	0.09
 0 	8.93	15.87	17.19
 0 	8.48	-13.50	-14.84
 0 	-15.60	0.16	-6.52
 0 	-12.45	-7.14	-2.32
 0 	-16.32	-11.38	18.67
 0 	0.36	-8.84	10.79
 0 	-4.84	-18.02	-18.74
 0 	17.59	18.38	-10.65
 0 	0.98	16.11	21.21
 0 	-16.05	-0.23	10.23
 0 	1.87	8.09	-9.29
 0 	21.01	-10.02	1.65
 0 	-7.20	-0.37	-4.39
 0 	14.79	-12.96	14.50
 0 	15.23	19.79	-13.17
 0 	-12.18	10.72	10.86
 0 	-8.41	-13.80	17.17
 0 	16.51	13.31	-0.16
 0 	4.22	6.98	-19.96
 0 	20.09	-16.35	19.06
 0 	-13.67	-0.64	3.85
 0 	7.11	14.64	-16.15
 0 	-17.31	14.57	-15.20
 0 	13.43	-9.03	11.01
 0 	-12.38	-7.26	18.51
 0 	19.27	-7.97	-9.08
 0 	-21.08	-19.01	13.63
 0 	-11.35	-16.76	12.36
 0 	-8.53	-13.74	1.19
 0 	0.85	10.01	17.68
 0 	3.69	-7.91	15.55
 0 	9.36	-8.63	0.40
 0 	11.41	-21.25	5.48
 0 	7.24	-2.04	13.72
 0 	12.80	-11.30	-9.86
 0 	-20.58	20.00	13.37
 0 	-7.14	-7.50	0.91
 0 	1.97	20.55	14.05
 0 	-18.40	21.14	-4.29
 0 	13.17	-8.53	-2.83
 0 	-7.49	1.96	-1.85
 0 	-0.39	-5.84	-13.33
 0 	17.92	8.71	4.36
 0 	7.19	-0.48	-18.31
 0 	3.59	4.37	-1.51
 0 	2.44	18.82	-12.81
 0 	-14.81	7.92	12.17
 0 	9.75	-15.75	6.12
 0 	16.30	-18.86	7.14
 0 	10.33	6.51	-7.05
 0 	19.75	-16.83	-15.57
 0 	-3.19	-9.61	-18.84
 0 	-8.05	-4.48	19.96
 0 	6.33	0.22	20.89
 0 	-12.20	-1.61	-7.74
 0 	14.64	-6.65	15.42
 0 	5.75	4.43	-17.32
 0 	5.72	-16.13	-6.95
 0 	-4.39	3.71	-13.55
 0 	6.57	-9.98	-9.29
 0 	0.09	-21.19	5.52
 0 	-12.75	-10.51	-1.46
 0 	1.93	-18.69	-11.84
 0 	7.51	-12.16	9.07
 0 	-2.97	-19.66	-10.25
 0 	15.96	-11.23	-10.99
 0 	4.97	-11.08	-18.01
 0 	-16.38	1.51	19.99
 0 	3.89	13.94	8.50
 0 	-6.54	-7.50	-4.38
 0 	11.42	17.62	-3.09
 0 	-12.64	8.79	-5.80
 0 	-9.42	8.58	-4.30
 0 	3.86	-14.14	-4.92
 0 	-18.06	12.99	-20.87
 0 	-18.28	11.70	-2.62
 0 	7.38	1.11	10.94
 0 	12.78	-4.16	2.95
 0 	16.34	1.78	8.23
 0 	9.06	-13.40	18.83
 0 	16.15	10.16	9.49
 0 	0.23	-9.31	-17.61
 0 	-18.33	-6.35	19.00
 0 	18.93	-6.69	-1.28
 0 	-12.34	17.71	-2.02
 0 	-3.09	-1.31	1.87
 0 	-7.58	-3.80	-20.76
 0 	-11.13	-1.29	8.96
 0 	13.31	14.20	-19.28
 0 	21.16	-0.31	-0.57
 0 	20.84	-20.69	18.94
 0 	18.21	10.91	-20.01
 0 	-20.03	20.83	15.52
 0 	19.48	11.16	0.34
 0 	-20.79	1.20	-11.71
 0 	21.35	13.37	-13.61
 0 	19.50	-12.22	-19.88
 0 	-19.83	3.43	20.90
 0 	16.47	-2.69	17.75
 0 	-5.59	-8.02	7.82
 0 	7.49	19.39	-11.89
 0 	-12.01	-11.34	5.13
 0 	-18.00	18.98	-21.00
 0 	-2.55	-0.42	-10.39
 0 	3.13	-17.18	8.58
 0 	-16.69	13.14	10.61
 0 	16.66	-1.25	-13.04
 0 	0.10	-10.34	3.15
 0 	1.45	-4.45	-10.30
 0 	-20.52	-2.78	-20.15
 0 	-5.84	-16.77	-4.50
 0 	-16.19	-13.52	-8.64
 0 	11.98	1.95	-15.19
 0 	-1.49	14.52	-4.66
 0 	-12.39	-6.98	14.76
 0 	-18.03	-14.30	-13.53
 0 	-9.36	-13.60	11.60
 0 	-3.75	11.92	-14.99
 0 	-7.59	11.29	-15.55
 0 	0.22	8.34	-1.94
 0 	15.93	9.21	-8.25
 0 	9.57	6.83	0.95
 0 	-3.46	14.23	-14.13
 0 	-18.60	-16.64	-2.19
 0 	-1.41	5.16	-1.09
 0 	-5.46	20.04	-20.91
 0 	18.35	8.75	-4.62
 0 	11.97	-10.55	-7.82
 0 	-13.39	-20.07	-8.67
 0 	-13.26	-3.79	-19.22
 0 	-3.72	5.46	-19.71
 0 	-8.42	-3.22	15.47
 0 	16.24	0.41	-7.64
 0 	-7.60	2.62	13.38
 0 	-5.80	-1.69	-1.73
 0 	-7.91	9.94	-3.30
 0 	3.22	-10.66	12.99
 0 	14.92	-3.30	14.68
 0 	8.27	17.95	12.44
 0 	-1.07	8.21	-7.17
 0 	1.67	-19.13	-4.75
 0 	-15.00	8.01	20.26
 0 	-19.25	15.86	15.63
 0 	-9.32	-8.69	4.36
 0 	5.18	-21.29	-13.69
 0 	-15.30	-19.72	-3.14
 0 	-7.12	16.28	13.83
 0 	12.04	-8.94	19.31
 0 	-7.59	16.35	1.20
 0 	10.40	-15.82	4.07
 0 	-5.75	17.95	-6.32
 0 	-7.95	20.44	-5.37
 0 	-0.70	1.36	6.34
 0 	0.23	-13.50	-5.44
 0 	14.96	-3.23	-5.62
 0 	-11.25	6.79	11.32
 0 	15.25	0.72	6.77
 0 	8.11	17.86	-1.02
 0 	-11.14	13.27	6.43
 0 	-8.82	-1.76	17.13
 0 	12.57	18.83	-15.93
 0 	8.65	-17.69	-20.62
 0 	16.95	2.21	18.16
 0 	13.19	3.06	18.59
 0 	14.59	3.26	-6.71
 0 	6.46	-8.19	-16.36
 0 	10.91	-2.03	19.97
 0 	10.92	12.29	2.21
 0 	7.08	3.25	-10.94
 0 	-0.14	-15.27	7.92
 0 	-18.23	20.24	20.02
 0 	9.14	20.46	-17.67
 0 	-11.48	-21.03	-19.36
 0 	-17.72	10.15	18.24
 0 	-20.94	2.84	-19.75
 0 	-9.30	20.65	-7.12
 0 	-3.84	-16.70	6.73
 0 	1.08	17.88	-17.50
 0 	-6.91	7.93	6.69
 0 	11.65	-18.85	-10.76
 0 	8.06	-19.97	-20.41
 0 	18.41	17.69	20.45
 0 	-1.94	-19.66	-20.24
 0 	-9.26	13.25	-12.87
 0 	1.70	7.56	14.75
 0 	-18.76	-11.92	16.02
 0 	17.61	16.83	12.08
 0 	16.99	-20.59	0.59
 0 	-1.93	-10.95	-10.65
 0 	-21.02	-14.63	13.28
 0 	16.49	-14.39	-2.31
 0 	6.06	17.49	-11.96
 0 	10.52	-16.47	10.30
 0 	-7.67	8.97	-7.49
 0 	-8.55	19.00	-8.79
 0 	0.84	19.16	-15.80
 0 	7.63	9.50	16.18
 0 	-13.59	-1.31	-12.17
 0 	15.53	11.50	-8.20
 0 	20.01	-14.23	20.11
 0 	1.08	-5.34	16.48
 0 	-2.98	19.28	-11.21
 0 	-10.40	-3.45	8.45
 0 	-15.28	16.41	2.07
 0 	2.19	-5.21	4.13
 0 	7.59	11.48	-18.04
 0 	-9.42	-20.34	8.60
 0 	17.21	5.38	-6.08
 0 	15.12	-15.79	-17.26
 0 	18.16	-3.42	12.47
 0 	12.24	7.15	-19.08
 0 	8.18	15.32	19.33
 0 	8.39	-0.35	13.86
 0 	10.90	8.73	6.69
 0 	-3.04	15.09	6.18
 0 	10.34	13.85	-6.51
 0 	-5.65	11.77	16.31
 0 	9.90	10.26	-7.33
 0 	15.18	-16.51	-20.73
 0 	16.14	-18.94	19.24
 0 	16.34	-8.72	-4.88
 0 	-19.50	17.81	-18.41
 0 	-14.69	3.61	-19.55
 0 	5.79	-17.46	-8.64
 0 	-12.33	-1.74	14.48
 0 	17.17	-3.43	14.47
 0 	-0.56	21.33	-12.82
 0 	-5.50	-1.45	-16.30
 0 	18.16	-0.59	-10.03
 0 	5.70	-3.53	13.88
 0 	1.72	-15.25	13.90
 0 	12.09	15.90	-4.08
 0 	10.61	-10.76	-4.54
 0 	1.54	6.27	-15.34
 0 	-9.84	-5.30	17.66
 0 	18.63	10.74	-11.60
 0 	-18.48	5.74	-16.02
 0 	2.87	-19.87	3.01
 0 	4.63	-0.93	11.79
 0 	-19.26	12.78	-12.87
 0 	16.78	-12.49	-6.05
 0 	15.64	-1.75	1.81
 0 	-5.48	4.46	5.35
 0 	-0.89	1.98	-18.35
 0 	17.97	-18.73	13.43
 0 	17.38	18.59	-5.19
 0 	-18.19	15.87	-18.50
 0 	-3.54	-14.36	7.24
 0 	-9.56	16.06	-19.54
 0 	12.57	8.37	19.19
 0 	8.50	-4.96	-8.33
 0 	14.48	-3.08	16.93
 0 	14.39	1.87	2.87
 0 	-0.62	3.60	-8.04
 0 	-12.88	-9.28	8.27
 0 	-14.56	3.51	-5.32
 0 	-2.62	-4.54	-15.79
 0 	13.58	-1.74	8.85
 0 	2.25	2.52	19.27
 0 	12.49	-1.04	-3.34
 0 	-0.54	-12.29	12.61
 0 	-9.56	2.33	-18.56
 0 	-17.02	-12.14	12.91
 0 	-17.83	14.53	-13.01
 0 	-4.80	-13.57	2.26
 0 	14.21	19.37	-8.54
 0 	0.13	-12.27	-15.37
 0 	7.51	-3.98	6.26
 0 	12.70	0.35	3.31
 0 	3.63	-10.07	9.17
 0 	4.13	-0.80	-6.59
 0 	-18.92	-10.23	-6.17
 0 	-9.90	-11.83	-12.39
 0 	-6.22	-20.69	10.32
 0 	-4.33	20.51	-4.41
 0 	7.35	20.71	-13.95
 0 	-15.19	-16.06	9.07
 0 	-3.20	8.98	7.16
 0 	14.52	-4.41	-3.91
 0 	16.35	13.69	8.83
 0 	-2.13	-8.01	0.34
 0 	5.03	-8.23	-5.89
 0 	-10.46	-21.32	-15.59
 0 	17.47	-3.36	-1.42
 0 	-8.16	-16.38	-4.38
 0 	-18.07	-3.19	-7.07
 0 	-18.40	-5.16	-15.97
 0 	-14.89	-18.40	-20.21
 0 	-8.29	19.28	15.65
 0 	13.90	11.83	-4.71
 0 	17.54	-8.46	-17.99
 0 	17.06	2.77	5.09
 0 	-19.90	12.51	-17.60
 0 	-16.55	-17.17	-19.22
 0 	-0.06	5.31	8.85
 0 	17.46	-20.93	4.17
 0 	-7.60	1.87	3.14
 0 	-2.55	-7.89	17.47
 0 	9.69	14.17	2.96
 0 	-5.10	-7.28	-6.25
 0 	-16.28	-13.57	-14.89
 0 	-20.21	12.55	16.31
 0 	19.57	0.36	5.60
 0 	-4.39	-4.73	-2.84
 0 	-0.94	-6.91	11.62
 0 	0.25	-2.85	13.98
 0 	-7.15	-8.24	11.53
 0 	17.37	-8.29	-1.28
 0 	20.92	-20.78	12.61
 0 	4.71	11.56	-20.23
 0 	7.84	-21.31	12.50
 0 	-5.98	-19.64	8.16
 0 	3.11	-19.31	-8.38
 0 	-10.70	-16.78	19.11
 0 	20.37	5.18	15.81
 0 	-19.14	-6.70	16.88
 0 	-19.72	0.23	5.91
 0 	-13.04	7.80	-1.65
 0 	-4.87	-13.34	-17.18
 0 	-2.09	-19.17	8.81
 0 	-10.46	-1.62	-20.87
 0 	-16.10	-14.05	21.31
 0 	16.20	-13.41	19.77
 0 	-1.51	-5.82	-7.46
 0 	15.73	10.84	-17.17
 0 	-5.38	15.76	12.71
 0 	20.53	7.47	-13.03
 0 	7.29	9.44	-17.22
 0 	17.34	-0.53	20.93
 0 	-18.54	15.22	-20.48
 0 	-0.89	19.57	8.49
 0 	12.92	-17.48	-7.33
 0 	-17.66	-15.56	-20.68
 0 	6.52	-17.29	-5.06
 0 	18.78	-20.66	-5.56
 0 	3.88	7.00	4.11
 0 	-14.58	-15.18	13.01
 0 	-9.74	-8.58	9.74
 0 	-3.98	7.81	9.30
 0 	-9.38	-7.30	-19.09
 0 	8.81	-15.32	2.63
 0 	-15.29	-16.14	-17.43
 0 	16.22	-8.13	19.85
 0 	-16.96	15.97	5.00
 0 	-13.48	5.43	-13.84
 0 	5.84	10.46	-5.58
 0 	-15.04	8.85	2.94
 0 	12.44	15.94	-8.48
 0 	1.94	14.83	1.65
 0 	-0.90	14.39	5.49
 0 	-1.48	-10.52	-6.86
 0 	13.97	2.57	-8.76
 0 	-15.78	3.14	-15.05
 0 	19.04	-10.90	-3.65
 0 	8.90	-9.12	-1.88
 0 	9.96	-14.41	11.16
 0 	-0.24	-2.76	3.95
 0 	11.96	-19.04	2.04
 0 	-12.74	-20.45	18.83
 0 	-13.12	10.86	-12.09
 0 	8.37	-18.09	-14.47
 0 	17.16	-9.29	-21.29
 0 	-5.39	-11.66	-15.73
 0 	-1.16	19.74	-1.15
 0 	5.54	-6.04	-20.30
 0 	13.69	5.21	-14.38
 0 	2.13	4.52	16.08
 0 	20.07	9.73	-17.43
 0 	-14.95	4.52	-3.07
 0 	-17.36	-19.49	-4.40
 0 	-20.61	6.96	-2.40
 0 	-10.97	-10.49	-5.22
 0 	-17.99	5.50	-7.11
 0 	-5.47	-16.72	-10.16
 0 	8.93	10.23	-9.51
 0 	2.65	4.48	-5.41
 0 	7.06	-20.07	-2.85
 0 	20.16	-8.75	6.18
 0 	-20.32	6.19	-12.12
 0 	-3.84	-13.01	19.03
 0 	20.17	-4.03	-4.21
 0 	17.38	8.93	-19.38
 0 	-1.15	-21.30	17.10
 0 	-13.88	18.47	11.30
 0 	6.80	-5.19	12.55
 0 	-6.28	-16.33	-19.65
 0 	3.10	-6.90	-5.82
 0 	-0.07	-17.06	21.02
 0 	-21.22	-14.79	-12.23
 0 	-0.30	9.30	-19.99
 0 	-18.11	20.16	-0.36
 0 	20.00	-7.94	8.37
 0 	-20.87	2.07	-7.09
 0 	1.97	14.11	-7.09
 0 	-20.45	7.49	9.47
 0 	-0.38	20.24	20.97
 0 	-0.73	16.62	-18.22
 0 	-4.17	-2.33	-20.04
 0 	-19.86	15.64	13.39
 0 	15.87	-17.84	-1.67
 0 	-15.74	2.71	-9.08
 0 	16.25	2.38	-1.75
 0 	-3.42	-11.63	-14.72
 0 	-11.89	12.98	16.11
 0 	-0.47	8.02	0.26
 0 	-13.51	12.72	-8.18
 0 	20.58	14.67	-0.37
 0 	6.56	-5.98	0.91
 0 	-15.70	-9.34	-18.42
 0 	16.34	-13.49	10.13
 0 	9.89	-2.49	3.97
 0 	7.59	-12.04	4.01
 0 	-11.44	-3.75	-0.55
 0 	13.31	8.35	12.78
 0 	20.08	7.49	16.16
 0 	8.89	11.78	-14.61
 0 	10.44	20.88	7.44
 0 	18.68	-20.82	13.35
 0 	-13.14	17.96	17.84
 0 	-17.20	1.54	17.84
 0 	-1.34	14.94	-13.59
 0 	7.55	-2.81	-0.60
 0 	-12.78	5.27	15.23
 0 	-18.19	0.32	-0.37
 0 	0.89	-13.74	0.53
 0 	-7.09	-0.85	20.11
 0 	-18.59	7.26	3.29
 0 	17.15	13.59	14.05
 0 	-11.59	-10.69	11.54
 0 	-13.47	0.40	-7.23
 0 	-13.33	17.54	13.25
 0 	2.78	-4.67	6.25
 0 	12.85	16.85	20.42
 0 	18.20	1.86	-17.08
 0 	15.03	11.02	-13.23
 0 	3.80	7.01	-12.10
 0 	10.26	-14.14	-18.28
 0 	-3.68	16.21	19.61
 0 	-20.69	19.10	17.04
 0 	6.39	19.58	-20.59
 0 	-7.39	-15.36	-17.93
 0 	-1.99	-16.12	-11.25
 0 	18.90	-16.46	-13.39
 0 	-2.75	-12.95	-18.15
 0 	-15.53	-10.62	-12.90
 0 	13.44	0.98	11.76
 0 	-19.78	-20.37	1.82
 0 	14.37	13.06	-6.57
 0 	-5.09	6.37	6.52
 0 	-17.22	14.91	16.08
 0 	-4.74	10.77	-19.87
 0 	9.45	18.26	9.03
 0 	18.24	-11.98	-18.15
 0 	10.31	-7.24	12.96
 0 	12.58	-0.53	-7.07
 0 	-20.45	19.18	3.18
 0 	-18.14	-14.91	10.95
 0 	-16.55	19.20	-19.26
 0 	9.66	-12.96	9.22
 0 	2.23	17.62	15.94
 0 	-7.29	-2.58	18.67
 0 	3.51	6.42	-14.29
 0 	-16.10	13.80	8.45
 0 	2.14	-6.08	-8.80
 0 	15.82	10.88	3.07
 0 	-6.46	5.94	-15.62
 0 	-2.87	5.95	2.21
 0 	-0.86	14.37	-11.30
 0 	2.24	-3.09	18.74
 0 	7.82	-14.34	12.06
 0 	-12.26	8.59	12.08
 0 	15.27	15.21	-6.28
 0 	-18.85	-14.23	18.88
 0 	10.90	19.74	2.09
 0 	-9.03	7.47	18.98
 0 	15.69	-5.54	1.00
 0 	-17.76	15.52	-2.30
 0 	-13.83	2.50	17.53
 0 	7.30	7.47	0.33
 0 	12.41	16.17	-20.20
 0 	18.04	-12.56	8.82
 0 	-18.93	-20.33	-0.30
 0 	16.01	15.52	-0.82
 0 	-20.90	-8.33	2.95
 0 	21.09	-20.06	-5.63
 0 	-14.83	0.45	-0.50
 0 	17.69	7.64	-21.17
 0 	14.17	-0.29	19.82
 0 	-7.90	10.15	3.42
 0 	0.16	3.35	18.38
 0 	13.43	0.23	-20.70
 0 	10.16	-5.82	-13.43
 0 	-11.40	-8.16	6.87
 0 	-2.46	7.32	11.20
 0 	16.79	-20.72	20.62
 0 	-1.53	-13.46	-2.35
 0 	-7.97	6.87	-14.21
 0 	-1.05	-13.15	1.71
 0 	-15.13	-13.00	15.82
 0 	4.97	-13.06	-2.07
 0 	5.29	-3.27	-3.46
 0 	-16.04	12.39	-17.84
 0 	-0.65	-11.12	-2.50
 0 	-5.04	-19.36	20.72
 0 	-15.13	13.96	-19.38
 0 	-9.66	-12.28	-8.01
 0 	-12.17	-3.80	14.80
 0 	-3.94	12.99	17.31
 0 	4.51	-9.67	-19.96
 0 	-15.26	-7.06	4.70
 0 	-3.38	-9.79	4.66
 0 	19.02	-2.01	-21.34
 0 	-0.65	-4.87	10.54
 0 	-1.34	6.99	-9.13
 0 	20.93	16.76	-8.59
 0 	15.15	-19.23	-0.03
 0 	-14.47	-17.42	20.54
 0 	8.09	11.09	20.75
 0 	-16.16	-18.60	4.01
 0 	10.27	-3.94	12.01
 0 	13.02	4.11	14.91
 0 	8.44	-17.03	9.38
 0 	8.62	14.93	-12.47
 0 	8.32	-10.02	-19.43
 0 	19.14	17.61	0.65
 0 	-17.87	-20.98	15.72
 0 	-9.92	17.90	14.73
 0 	19.22	1.15	-9.32
 0 	-5.26	-11.28	-6.60
 0 	18.76	-18.57	-16.72
 0 	-15.74	-17.83	-10.31
 0 	-14.62	-4.65	-1.83
 0 	8.48	-0.46	6.75
 0 	-2.92	7.15	-16.08
 0 	-8.01	-0.26	-6.46
 0 	15.95	2.28	-17.47
 0 	10.11	-16.67	-15.05
 0 	0.01	11.96	-14.75
 0 	-12.10	2.89	-1.77
 0 	-14.65	15.78	-4.71
 0 	-3.43	-0.92	19.29
 0 	-7.88	-17.19	-21.17
 0 	-20.57	-13.92	-16.70
 0 	-6.84	-14.87	-7.14
 0 	9.80	8.49	-4.11
 0 	-4.45	3.36	-1.69
 0 	7.25	19.00	3.31
 0 	-10.39	8.09	7.95
 0 	7.83	-11.23	-15.12
 0 	5.31	15.14	-21.05
 0 	6.25	18.06	-17.04
 0 	12.30	5.15	-17.85
 0 	-9.60	-13.51	13.68
 0 	15.91	20.26	8.92
 0 	12.18	-19.48	-8.52
 0 	-16.75	-13.41	19.20
 0 	8.68	-0.60	-7.41
 0 	-10.20	2.55	11.45
 0 	-0.17	17.88	3.58
 0 	-6.39	16.82	-4.59
 0 	19.16	16.77	-10.03
 0 	1.47	-8.34	-6.59
 0 	-1.65	20.18	15.50
 0 	4.09	10.02	10.08
 0 	-15.12	-7.70	2.36
 0 	-19.48	12.76	9.08
 0 	13.72	-16.03	0.86
 0 	9.74	20.56	-3.54
 0 	-9.67	10.50	14.52
 0 	-14.58	5.71	6.82
 0 	11.51	-3.34	-9.67
 0 	-15.11	14.39	1.10
 0 	-3.57	5.48	-6.54
 0 	-21.02	-19.80	15.69
 0 	3.06	-7.08	19.15
 0 	19.32	-4.26	18.87
 0 	20.98	8.94	-2.34
 0 	20.19	0.71	16.09
 0 	-16.48	-9.11	15.87
 0 	-4.71	-2.81	2.68
 0 	-1.12	13.31	19.88
 0 	-10.23	-21.26	1.22
 0 	3.81	7.19	-1.10
 0 	20.40	3.03	-1.30
 0 	13.19	3.88	2.03
 0 	19.28	18.51	-17.40
 0 	0.38	20.72	-19.72
 0 	-18.88	21.05	-16.92
 0 	12.27	5.62	-10.55
 0 	-12.77	9.95	17.46
 0 	-2.83	21.12	11.15
 0 	20.63	-7.50	-2.91
 0 	-19.60	-12.95	-18.55
 0 	-7.64	-5.60	-11.55
 0 	-4.17	0.72	1.32
 0 	-7.69	0.39	-13.90
 0 	-17.16	18.37	-15.51
 0 	1.86	19.18	-19.18
 0 	-18.91	15.70	6.29
 0 	-4.10	21.30	5.03
 0 	-11.09	15.37	9.99
 0 	-10.75	1.77	-8.39
 0 	-0.70	19.26	-5.87
 0 	-6.04	16.78	-18.30
 0 	15.82	13.08	2.15
 0 	15.83	-16.28	-6.23
 0 	-0.61	-0.10	-13.71
 0 	-21.23	1.20	-14.02
 0 	5.85	-15.76	16.77
 0 	6.43	5.78	17.91
 0 	5.33	0.25	-8.17
 0 	-4.59	0.60	-18.72
 0 	17.89	0.91	3.97
 0 	-21.23	18.74	20.84
 0 	18.58	-9.00	9.85
 0 	1.22	-2.67	-20.97
 0 	4.83	-1.23	19.71
 0 	4.50	-2.24	1.01
 0 	-6.96	6.42	-11.92
 0 	-10.60	-20.06	15.22
 0 	13.84	-21.13	-7.71
 0 	-7.02	18.08	9.76
 0 	3.87	-7.43	-19.32
 0 	12.64	19.78	18.34
 0 	17.70	-9.58	-8.74
 0 	-16.26	10.90	10.41
 0 	0.44	2.79	-2.46
 0 	2.90	-18.51	15.54
 0 	-14.24	1.02	-9.28
 0 	11.83	-1.78	15.33
 0 	-21.18	15.61	-4.34
 0 	4.20	-11.76	-14.46
 0 	0.17	-7.44	0.73
 0 	17.76	-0.13	12.71
 0 	7.99	10.93	0.74
 0 	-13.33	-2.94	20.09
 0 	-2.02	14.91	-7.62
 0 	7.20	8.19	-1.77
 0 	15.96	3.11	-9.86
 0 	15.84	-9.92	-17.35
 0 	1.92	-10.56	-7.30
 0 	-5.74	7.85	21.08
 0 	1.07	-17.04	15.40
 0 	6.69	-7.15	20.63
 0 	9.02	8.98	20.01
 0 	3.67	7.27	-7.86
 0 	4.28	-4.94	-16.51
 0 	14.75	-13.86	-8.43
 0 	13.23	8.18	1.98
 0 	17.29	20.73	-2.45
 0 	-7.48	15.21	-7.69
 0 	-1.63	21.34	-18.66
 0 	0.37	-18.82	0.49
 0 	-9.48	-3.37	-19.65
 0 	-7.67	-9.26	-4.77
 0 	7.00	-8.52	3.50
 0 	-3.52	4.25	17.26
 0 	-19.82	2.69	15.59
 0 	6.25	0.11	7.33
 0 	9.83	-11.52	-20.63
 0 	5.23	-14.98	3.33
 0 	-15.70	8.61	-16.98
 0 	3.93	9.00	7.59
 0 	-20.96	-15.17	4.58
 0 	2.43	-3.94	11.89
 0 	-2.34	0.32	17.74
 0 	-12.39	-9.33	-20.54
 0 	-9.50	-2.60	12.50
 0 	-5.06	7.98	17.35
 0 	-12.53	14.46	-4.90
 0 	-2.76	-19.21	-15.48
 0 	9.40	-3.92	2.23
 0 	13.23	6.46	4.95
 0 	-2.35	15.00	21.00
 0 	-9.20	7.99	-6.41
 0 	-15.59	21.06	-18.56
 0 	1.69	-16.10	3.27
 0 	0.51	-20.86	-3.98
 0 	13.10	-15.25	-20.33
 0 	-2.47	10.86	4.33
 0 	-5.07	-8.88	-18.14
 0 	3.61	-12.92	20.98
 0 	5.57	-8.89	8.46
 0 	2.09	3.74	-19.71
 0 	1.03	2.11	-7.75
 0 	-5.71	9.38	9.94
 0 	17.20	-21.27	-15.38
 0 	12.24	20.04	8.60
 0 	-2.79	17.22	6.57
 0 	-18.55	-15.59	7.17
 0 	-7.96	-12.52	-0.45
 0 	8.44	13.83	11.86
 0 	-15.70	-21.29	-13.57
 0 	20.91	20.19	7.71
 0 	2.08	8.90	13.02
 0 	-0.62	-3.79	-7.52
 0 	14.23	11.06	-20.95
 0 	-7.80	-9.94	16.96
 0 	-19.55	6.97	-6.25
 0 	-5.51	14.06	-7.27
 0 	-15.17	-5.18	7.74
 0 	0.41	-19.10	-16.41
 0 	-6.72	1.61	11.42
 0 	-16.00	6.00	20.06
 0 	11.58	18.06	0.47
 0 	10.68	-11.87	2.00
 0 	-14.13	-20.78	13.70
 0 	12.30	-10.44	-16.77
 0 	5.20	18.58	-18.83
 0 	4.82	6.87	-4.33
 0 	-4.25	10.33	2.78
 0 	4.08	10.90	-7.11
 0 	-8.77	0.69	-3.13
 0 	20.44	-0.59	10.13
 0 	-20.79	9.04	16.44
 0 	-13.82	4.70	17.21
 0 	-16.95	18.47	16.75
 0 	13.37	-2.63	1.49
 0 	-12.59	-1.45	-19.78
 0 	11.76	2.51	-11.91
 0 	18.72	-10.20	-15.32
 0 	-11.81	-15.95	5.85
 0 	-10.96	-4.05	-10.40
 0 	-11.44	-18.84	-20.29
 0 	19.44	-16.69	15.54
 0 	11.41	15.29	7.40
 0 	-6.58	-9.10	-19.88
 0 	-19.35	2.59	10.87
 0 	-0.20	-17.12	11.08
 0 	-1.85	-9.72	-17.05
 0 	20.48	-2.65	12.84
 0 	12.04	10.25	-7.70
 0 	13.92	-4.84	20.18
 0 	21.24	-8.89	-8.59
 0 	-9.85	5.18	-10.02
 0 	-18.42	-7.20	-17.14
 0 	-8.34	12.11	11.45
 0 	6.76	6.52	-5.17
 0 	-7.65	8.87	-18.46
 0 	-2.71	-6.29	6.47
 0 	-19.44	-7.08	7.87
 0 	-15.44	-19.06	7.30
 0 	-5.12	7.71	-15.52
 0 	-5.40	-6.09	0.28
 0 	1.75	6.58	-2.44
 0 	-4.39	14.28	-12.03
 0 	-13.89	8.59	-9.69
 0 	11.56	1.42	13.00
 0 	7.83	-3.91	-15.62
 0 	-10.06	12.16	1.33
 0 	5.93	20.51	13.06
 0 	5.09	13.63	-16.67
 0 	-20.21	-6.73	-20.56
 0 	6.60	-11.61	-3.09
 0 	14.20	16.94	8.02
 0 	-8.79	-4.60	-9.73
 0 	-20.27	-0.52	9.27
 0 	-11.81	-19.07	-9.95
 0 	17.88	-17.41	-8.45
 0 	-10.36	-15.09	0.34
 0 	-11.78	17.03	-7.52
 0 	16.74	0.17	-19.83
 0 	-21.33	-2.54	-5.49
 0 	-21.18	16.80	9.24
 0 	-4.62	-6.66	-1.77
 0 	14.79	15.90	-2.72
 0 	10.52	-13.81	7.14
 0 	13.10	19.17	-10.47
 0 	15.40	9.16	16.15
 0 	-19.03	-11.47	13.76
 0 	3.04	3.45	4.58
 0 	-2.87	-0.14	-12.76
 0 	-20.45	15.72	2.65
 0 	-6.26	15.80	4.59
 0 	-11.90	-11.45	0.23
 0 	16.77	-17.49	12.44
 0 	-3.59	18.52	-3.80
 0 	13.34	-17.30	5.20
 0 	-6.33	-1.44	3.52
 0 	-3.22	-15.99	21.27
 0 	-11.10	8.83	14.08
 0 	13.08	-10.61	-14.50
 0 	-9.76	-17.42	13.62
 0 	-4.02	-0.35	-2.50
 0 	14.13	-20.34	11.02
 0 	19.77	-20.27	16.86
 0 	12.21	10.97	16.89
 0 	-10.95	13.33	-14.37
 0 	16.70	-8.16	12.99
 0 	15.91	-1.78	19.81
 0 	18.10	2.11	-5.22
 0 	20.18	-8.47	16.44
 0 	-2.25	18.50	-15.12
 0 	-7.91	-8.39	-13.77
 0 	-13.39	8.61	-11.86
 0 	-9.72	-17.92	-4.17
 0 	1.44	4.09	3.15
 0 	4.67	-20.48	-18.46
 0 	-17.01	-6.60	-7.55
 0 	-11.84	21.05	-3.55
 0 	-9.07	-10.38	18.86
 0 	-11.36	10.43	-19.64
 0 	-2.42	1.19	-6.89
 0 	16.52	-4.08	-10.91
 0 	-21.24	-15.16	-10.00
 0 	-0.96	-21.34	-5.53
 0 	-19.35	-2.94	-2.25
 0 	-13.41	13.52	2.41
 0 	-7.95	-19.04	7.21
 0 	5.58	4.40	14.87
 0 	2.99	-20.21	-10.55
 0 	5.36	12.96	-0.19
 0 	-13.85	15.94	16.95
 0 	5.58	14.35	-10.51
 0 	-17.64	-2.69	-11.71
 0 	-11.49	10.92	-2.68
 0 	11.19	-11.42	-13.43
 0 	-6.98	-18.85	-7.57
 0 	-20.99	-20.94	-7.83
 0 	-15.23	-8.46	-5.26
 0 	0.10	8.70	5.11
 0 	12.12	-14.50	3.74
 0 	15.03	-11.83	-14.36
 0 	16.01	16.18	-8.27
 0 	-4.82	-1.64	15.55
 0 	-4.87	-13.29	5.80
 0 	15.19	-21.02	-3.06
 0 	-1.98	16.08	-1.63
 0 	-2.66	11.40	11.72
 0 	18.32	9.26	-0.33
 0 	-3.25	-11.82	-7.05
 0 	7.36	21.11	-6.09
 0 	12.36	-21.30	1.65
 0 	5.46	-1.68	-17.53
 0 	-18.99	17.61	16.98
 0 	-17.86	-6.84	9.26
 0 	-3.02	-8.74	9.67
 0 	3.08	1.35	17.38
 0 	6.45	-19.21	15.42
 0 	-3.93	16.67	1.41
 0 	16.21	5.94	-2.20
 0 	-19.65	-4.54	-21.04
 0 	15.37	2.23	-13.57
 0 	-11.50	-13.60	14.76
 0 	4.06	11.90	1.46
 0 	12.03	3.04	-18.93
 0 	-0.44	-14.53	-12.08
 0 	5.11	10.72	18.59
 0 	-17.22	-11.74	0.18
 0 	-9.48	4.22	16.93
 0 	-16.10	-6.41	18.76
 0 	0.28	12.35	21.20
 0 	-5.86	-8.03	2.65
 0 	9.97	-11.14	-2.40
 0 	-16.73	-11.72	-11.51
 0 	13.29	-3.09	-13.11
 0 	2.48	-1.25	-1.72
 0 	-16.79	-13.09	10.94
 0 	-15.45	6.65	3.40
 0 	-12.89	12.67	-5.91
 0 	-18.62	-3.11	1.69
 0 	0.37	-11.51	-5.99
 0 	15.03	16.74	0.64
 0 	3.53	-18.84	-3.21
 0 	2.13	-11.86	-0.38
 0 	-16.07	14.97	-6.21
 0 	-7.24	3.50	6.43
 0 	4.33	1.26	-3.21
 0 	3.63	2.65	11.52
 0 	-4.62	8.90	13.68
 0 	14.45	8.50	-10.11
 0 	-5.93	11.45	3.12
 0 	-10.03	-6.15	-15.63
 0 	-2.49	-7.63	-1.77
 0 	20.18	2.57	-10.76
 0 	-10.63	-7.75	-21.06
 0 	2.78	-19.64	11.59
 0 	-11.72	20.54	-6.64
 0 	1.21	3.02	-17.79
 0 	2.96	14.89	10.49
 0 	-0.68	-11.42	20.39
 0 	-4.16	14.09	-20.60
 0 	11.80	-6.04	-18.20
 0 	0.05	-8.63	-19.80
 0 	8.52	-16.27	-10.95
 0 	-18.51	-9.05	-15.73
 0 	15.47	-18.46	10.79
 0 	-8.74	-14.80	-5.86
 0 	3.84	-0.66	9.72
 0 	-9.90	19.49	21.07
 0 	-3.55	11.02	6.34
 0 	11.87	8.55	14.41
 0 	-19.67	10.00	11.77
 0 	-12.49	-3.61	5.64
 0 	-14.34	7.30	0.04
 0 	-18.24	15.84	-6.54
 0 	15.43	-5.84	-2.66
 0 	-14.55	-10.62	-8.47
 0 	-10.61	-20.83	-13.18
 0 	-6.15	3.86	-14.68
 0 	-6.33	8.64	-11.48
 0 	8.19	-2.06	5.44
 0 	-20.46	-3.41	11.41
 0 	13.57	-10.74	-6.24
 0 	14.96	16.49	19.71
 0 	3.73	-6.63	3.28
 0 	-7.58	-5.56	-18.54
 0 	-10.54	17.91	-9.26
 0 	-3.70	-4.43	3.92
 0 	-19.10	-17.63	-4.19
 0 	1.00	-7.55	-16.31
 0 	4.99	-17.30	15.28
 0 	6.25	14.40	12.42
 0 	1.11	19.04	-6.82
 0 	15.60	-19.23	-10.33
 0 	-7.29	15.29	-0.78
 0 	14.09	11.95	-9.97
 0 	6.33	-13.42	-11.22
 0 	17.12	-3.23	-16.43
 0 	3.44	-16.68	-2.05
 0 	-8.85	12.37	-0.69
 0 	5.41	10.33	4.74
 0 	-15.56	3.03	9.16
 0 	15.27	-10.26	10.77
 0 	9.65	-9.83	-14.52
 0 	11.32	-14.25	15.40
 0 	-19.88	-2.76	-12.29
 0 	4.64	5.10	7.61
 0 	-2.68	-3.80	10.22
 0 	10.13	8.09	-12.47
 0 	-1.90	-11.83	-16.31
 0 	-11.36	-7.68	-7.33
 0 	20.04	-12.41	-7.80
 0 	-17.35	4.84	-14.31
 0 	-0.25	20.56	13.78
 0 	-14.41	20.98	15.68
 0 	-5.11	-14.75	-20.94
 0 	7.42	7.11	4.11
 0 	6.00	1.73	8.92
 0 	2.64	20.38	-16.09
 0 	4.28	15.50	18.05
 0 	3.80	-10.58	3.02
 0 	-9.63	-9.57	6.42
 0 	18.88	19.85	-19.09
 0 	17.55	-5.27	-2.32
 0 	20.91	4.87	18.03
 0 	7.77	15.79	-14.41
 0 	2.33	-20.20	-16.26
 0 	16.05	-8.51	4.24
 0 	-15.77	-2.06	9.11
 0 	1.83	1.86	-21.31
 0 	17.43	-13.80	12.10
 0 	-1.87	-9.03	15.49
 0 	-20.24	-18.55	-12.06
 0 	-3.38	-12.16	10.05
 0 	-0.85	6.01	20.80
 0 	-21.04	20.49	9.81
 0 	4.87	-16.58	18.51
 0 	18.20	8.02	-8.35
 0 	15.92	-4.28	-19.69
 0 	5.87	15.75	3.98
 0 	-6.61	-5.97	-16.71
 0 	10.05	15.82	-20.32
 0 	8.53	-10.39	16.42
 0 	18.39	3.95	15.05
 0 	-2.49	15.84	9.65
 0 	-10.20	-17.18	0.80
 0 	-6.20	2.36	-16.28
 0 	-3.25	19.61	-18.53
 0 	-20.06	-5.37	6.45
 0 	4.83	-0.76	-15.39
 0 	7.07	8.56	7.74
 0 	7.24	-8.59	15.69
 0 	14.90	-4.39	6.95
 0 	9.61	-17.48	16.50
 0 	18.60	2.54	-12.34
 0 	-17.86	2.42	-21.30
 0 	-17.33	3.51	3.63
 0 	-19.21	17.78	-14.52
 0 	-10.62	4.81	-21.03
 0 	-3.64	15.41	-0.31
 0 	-9.36	10.51	-1.67
 0 	-1.69	14.84	13.08
 0 	-7.94	-13.00	7.87
 0 	5.23	12.21	15.24
 0 	11.32	20.62	-16.80
 0 	-10.82	-2.52	-2.48
 0 	0.50	-10.48	-0.57
 0 	-4.31	-11.19	-0.84
 0 	12.55	-1.76	-11.21
 0 	13.42	-13.99	-4.93
 0 	-15.38	-2.47	-8.87
 0 	-12.97	-12.35	-8.53
 0 	-4.28	-9.83	2.53
 0 	-14.09	-3.59	-3.94
 0 	-18.51	-12.22	5.57
 0 	8.67	-9.35	6.95
 0 	14.79	7.44	-16.94
 0 	13.79	-5.68	12.28
 0 	6.81	6.20	15.71
 0 	19.32	0.83	-13.78
 0 	6.53	-11.68	14.16
 0 	8.84	6.54	-19.94
 0 	11.09	-6.80	-16.20
 0 	-15.28	-1.81	7.02
 0 	10.46	1.58	16.55
 0 	-5.32	-3.94	7.29
 0 	-19.16	-19.75	-20.04
 0 	-13.76	-19.00	-4.64
 0 	7.49	-16.84	-1.30
 0 	-8.64	11.64	4.86
 0 	-12.25	-12.42	-2.86
 0 	9.88	-12.84	-9.80
 0 	18.23	-15.81	11.62
 0 	-11.98	-18.87	11.54
 0 	6.64	9.35	1.55
 0 	-11.06	0.99	-17.28
 0 	-9.30	0.74	6.55
 0 	-8.65	13.40	18.24
 0 	-21.10	-20.71	4.68
 0 	19.96	-20.56	-16.50
 0 	-7.91	16.85	19.20
 0 	13.75	-20.91	5.76
 0 	11.59	17.81	13.63
 0 	-16.50	-11.38	16.37
 0 	20.32	7.63	-17.17
 0 	-19.51	-6.68	-0.97
 0 	-20.31	-18.50	9.75
 0 	0.11	14.90	14.49
 0 	-12.06	15.23	2.97
 0 	-2.43	3.14	-17.06
 0 	9.72	-8.73	11.54
 0 	-13.72	20.74	20.54
 0 	1.86	-12.38	5.81
 0 	-20.95	14.74	16.62
 0 	4.09	3.29	16.31
 0 	19.81	-20.75	-9.13
 0 	-13.95	5.13	-17.84
 0 	-7.69	14.08	7.78
 0 	-14.61	-12.02	-5.20
 0 	-2.30	4.28	-13.75
 0 	0.29	-4.05	18.12
 0 	-0.93	20.40	-15.07
 0 	-7.88	10.26	-10.81
 0 	16.05	18.57	16.61
 0 	-17.41	-20.24	7.86
 0 	18.73	18.80	9.46
 0 	18.05	16.50	-4.58
 0 	-15.87	0.90	14.57
 0 	7.98	-14.13	-9.86
 0 	-8.97	9.07	-9.38
 0 	10.66	-19.81	19.65
 0 	3.58	20.94	-5.64
 0 	-2.84	-20.56	-4.70
 0 	-17.65	-17.13	-9.22
 0 	9.49	-8.40	-18.48
 0 	10.13	4.01	-13.00
 0 	-9.05	-8.83	-10.46
 0 	-11.36	-14.02	3.22
 0 	18.70	7.06	-6.18
 0 	-3.70	18.99	-9.10
 0 	-18.75	-8.95	6.60
 0 	-10.85	-1.71	-9.81
 0 	-8.21	-11.79	20.41
 0 	10.19	-0.64	0.70
 0 	3.79	-11.39	-7.50
 0 	8.68	17.63	15.97
 0 	-20.72	3.34	-14.67
 0 	7.13	-19.41	17.80
 0 	7.91	-12.23	12.66
 0 	-6.25	3.41	2.11
 0 	-14.27	-16.63	-13.80
 0 	-7.83	7.14	13.05
 0 	-2.92	2.01	14.47
 0 	3.71	-15.15	-6.78
 0 	-7.31	-9.02	-0.76
 0 	0.57	0.78	12.48
 0 	15.53	-9.97	18.68
 0 	-8.06	-5.75	8.31
 0 	19.55	-17.57	6.65
 0 	3.02	-10.65	7.02
 0 	-19.02	-18.18	12.96
 0 	-4.32	-6.49	3.26
 0 	-2.96	13.77	-10.39
 0 	17.58	13.26	-15.48
 0 	10.29	17.65	5.05
 0 	-3.57	19.13	4.07
 0 	-12.90	0.83	-1.63
 0 	-9.23	-8.26	19.77
 0 	3.44	14.42	-11.34
 0 	-12.13	-17.41	-13.45
 0 	-18.72	-0.98	1.41
 0 	-20.23	-10.95	21.20
 0 	-11.58	-5.40	8.69
 0 	21.11	-10.04	-0.64
 0 	-19.80	18.66	0.94
 0 	-3.41	-20.02	19.31
 0 	-1.40	17.25	8.39
 0 	2.52	-6.30	-3.70
 0 	-0.99	8.54	7.24
 0 	-3.00	9.46	-6.53
 0 	-17.20	-15.16	-11.81
 0 	-0.45	18.46	12.98
 0 	-14.60	17.58	-1.74
 0 	-8.25	-9.17	-16.73
 0 	9.41	1.23	5.41
 0 	-3.48	-21.25	17.60
 0 	5.41	-13.09	0.18
 0 	-20.57	-3.58	0.74
 0 	-2.95	-4.84	20.01
 0 	5.30	-4.99	-11.16
 0 	-14.74	-8.40	9.37
 0 	-1.50	-18.37	12.65
 0 	-5.55	-6.33	-10.96
 0 	-5.88	-8.61	16.92
 0 	18.58	7.70	18.11
 0 	14.14	-19.91	-16.83
 0 	4.88	16.00	11.38
 0 	0.35	15.98	-4.99
 0 	20.07	-2.65	-19.57
 0 	-7.25	-13.79	5.86
 0 	5.45	6.17	0.50
 0 	10.31	6.75	17.10
 0 	-8.20	3.27	-17.11
 0 	-11.24	-0.09	-0.39
 0 	-19.77	-5.61	-9.76
 0 	9.72	4.88	18.37
 0 	-8.83	19.72	-1.78
 0 	-7.73	-5.64	-4.18
 0 	-15.15	0.18	-17.56
 0 	-11.20	7.89	-12.22
 0 	8.62	17.11	-4.92
 0 	10.23	5.11	-0.70
 0 	-20.47	-6.57	-6.09
 0 	7.21	-4.35	2.41
 0 	8.22	6.57	11.65
 0 	-6.84	17.35	-8.18
 0 	20.48	-17.56	1.80
 0 	-13.16	21.15	-0.73
 0 	2.34	-1.95	14.62
 0 	-7.68	-2.58	-9.13
 0 	8.95	11.73	-19.84
 0 	-13.71	-9.08	17.88
 0 	14.15	10.59	-15.36
 0 	12.98	18.56	7.39
 0 	-16.34	16.16	12.17
 0 	16.05	-12.48	-12.60
 0 	-4.27	-0.69	8.98
 0 	16.84	-7.13	7.89
 0 	14.91	-14.45	18.06
 0 	-1.46	-2.95	17.23
 0 	9.35	-1.22	8.74
 0 	11.19	-2.07	11.36
 0 	4.31	0.95	13.22
 0 	-20.51	16.23	-15.91
 0 	-20.98	-1.17	-10.98
 0 	20.18	15.73	1.55
 0 	9.71	4.35	3.92
 0 	-11.30	17.40	7.04
 0 	-10.98	12.23	14.18
 0 	20.89	0.87	13.81
 0 	1.10	-7.99	-11.48
 0 	1.76	8.11	-16.79
 0 	5.12	2.00	-11.29
 0 	-7.29	12.99	-13.98
 0 	-13.56	-11.56	12.51
 0 	-1.27	-18.17	-13.93
 0 	-16.64	-4.33	1.31
 0 	12.25	-11.67	-20.42
 0 	10.39	12.03	-3.58
 0 	5.43	11.15	13.19
 0 	-13.26	-15.75	-5.95
 0 	12.01	-12.35	3.78
 0 	3.14	7.77	-5.69
 0 	16.41	-15.62	-11.36
 0 	-16.27	-19.48	-15.10
 0 	15.84	-6.22	-10.92
 0 	12.21	17.66	11.55
 0 	-13.08	-13.18	4.31
 0 	-10.43	15.32	12.22
 0 	8.62	2.43	-16.28
 0 	-8.51	-10.37	9.69
 0 	18.45	15.89	6.27
 0 	3.50	-15.89	4.70
 0 	-9.45	13.55	13.02
 0 	-18.72	-11.19	7.70
 0 	-20.55	-15.85	-1.19
 0 	-13.25	18.72	3.37
 0 	13.03	-1.31	16.95
 0 	-6.57	19.61	-1.57
 0 	1.65	-1.41	7.04
 0 	3.54	-13.52	-8.49
 0 	5.82	-14.64	10.64
 0 	5.25	-17.05	-20.68
 0 	8.28	-14.33	-3.71
 0 	2.30	9.86	-5.93
 0 	-4.04	2.56	2.54
 0 	-3.78	13.79	-18.48
 0 	2.63	-1.46	20.32
 0 	-8.26	6.11	-6.37
 0 	19.35	-12.28	-14.82
 0 	-15.99	-4.37	15.60
 0 	-4.13	3.55	13.07
 0 	18.19	13.07	12.07
 0 	13.85	-1.68	-1.64
 0 	1.87	2.33	-5.65
 0 	5.12	-20.11	-11.58
 0 	21.33	-9.57	-17.96
 0 	-0.55	-2.06	-15.13
 0 	-13.17	21.09	9.26
 0 	-11.20	-14.91	9.09
 0 	-19.41	5.89	12.92
 0 	-19.49	-10.33	17.43
 0 	-12.57	14.92	-14.16
 0 	-15.63	3.71	7.00
 0 	-15.74	-3.27	-0.48
 0 	13.34	-7.03	-6.54
 0 	15.63	18.13	-19.59
 0 	-4.28	-14.02	9.21
 0 	-11.89	9.62	4.86
 0 	-18.34	-4.95	15.45
 0 	-11.67	-0.48	-11.26
 0 	13.20	8.44	-15.42
 0 	20.71	4.41	0.38
 0 	15.20	-1.07	5.75
 0 	-10.31	-14.36	-7.28
 0 	12.83	6.33	11.92
 0 	-3.54	6.50	16.71
 0 	18.92	15.83	-2.77
 0 	-17.30	12.76	6.62
 0 	-4.80	-16.32	13.11
 0 	9.71	-20.52	9.25
 0 	-18.85	-15.51	-16.39
 0 	7.03	-18.02	10.92
 0 	-18.83	-19.92	-13.05
 0 	14.18	-5.56	-0.75
 0 	5.48	-2.58	-5.78
 0 	10.82	-3.64	-1.47
 0 	-19.81	-4.78	19.42
 0 	-2.95	-5.82	-18.98
 0 	15.33	-17.03	15.80
 0 	4.76	-2.58	4.50
 0 	1.65	-0.89	-3.83
 0 	-20.45	-16.73	-13.42
 0 	-8.77	-10.60	-13.98
 0 	14.57	-12.76	-6.50
 0 	3.95	-13.53	11.30
 0 	8.33	-1.38	-9.70
 0 	17.10	11.45	14.56
 0 	3.86	19.69	-14.35
 0 	-5.97	-0.31	5.66
 0 	-19.33	4.19	-13.09
 0 	-17.32	-20.61	10.02
 0 	11.61	-5.70	11.70
 0 	-11.17	20.28	12.43
 0 	19.78	-6.54	-15.63
 0 	11.05	-4.63	7.96
 0 	-11.58	3.03	-4.06
 0 	18.65	-10.32	2.06
 0 	-16.07	-16.72	17.27
 0 	-19.76	9.42	8.50
 0 	14.34	-7.85	12.62
 0 	13.92	0.73	16.24
 0 	5.37	-6.19	11.11
 0 	-10.26	-15.15	-1.92
 0 	-15.31	-11.94	-2.93
 0 	-9.11	-3.31	-3.47
 0 	-11.01	2.38	6.32
 0 	19.60	-4.75	-18.92
 0 	7.47	-9.20	11.68
 0 	-16.76	0.01	-1.66
 0 	21.29	14.41	-8.11
 0 	-6.14	8.98	-2.38
 0 	-2.91	-10.02	0.78
 0 	-10.90	-14.47	-10.79
 0 	0.10	-5.21	0.37
 0 	-16.87	-10.54	-16.73
 0 	-21.20	18.01	5.17
 0 	-16.88	17.83	-11.86
 0 	-13.46	-4.94	-21.30
 0 	-11.47	21.33	3.17
 0 	-5.23	-13.14	-11.97
 0 	-21.11	9.69	5.14
 0 	18.04	-14.74	15.63
 0 	-5.17	13.50	12.87
 0 	-12.92	-12.75	-13.97
 0 	-18.68	6.72	-17.88
 0 	13.60	-17.97	-5.03
 0 	3.77	17.82	-11.23
 0 	11.10	-3.81	-5.55
 0 	-0.53	-17.80	18.79
 0 	-11.94	-11.52	-21.00
 0 	-19.99	-0.99	21.18
 0 	10.41	4.50	6.22
 0 	13.95	16.80	-5.35
 0 	5.96	-1.30	-9.86
 0 	2.84	4.19	6.87
 0 	-20.50	-12.10	-1.15
 0 	16.26	5.66	2.90
 0 	19.07	-9.91	-17.52
 0 	-16.15	11.87	-1.82
 0 	-0.39	-3.29	-9.72
 0 	-1.23	9.14	3.54
 0 	-1.87	18.59	21.16
 0 	8.95	-6.41	19.93
 0 	-18.10	-16.99	1.39
 0 	-20.53	6.17	-9.93
 0 	-0.20	10.89	-12.60
 0 	-7.23	11.71	-4.45
 0 	10.01	-0.52	-21.17
 0 	19.21	5.55	9.47
 0 	-17.46	-20.69	-7.98
 0 	11.25	-8.23	14.84
 0 	9.59	-8.00	-12.91
 0 	-20.04	-18.01	16.83
 0 	17.32	12.97	-4.33
 0 	-6.09	-20.06	-18.50
 0 	15.43	18.03	9.42
 0 	-18.49	4.77	10.88
 0 	19.65	15.94	-5.71
 0 	-4.52	-3.09	-15.30
 0 	-10.19	9.77	-13.24
 0 	-15.48	19.42	6.27
 0 	7.82	9.75	-14.93
 0 	-13.45	0.17	-3.73
 0 	15.37	12.11	18.11
 0 	12.08	-17.27	13.67
 0 	-1.32	-20.57	-16.51
 0 	-0.06	17.94	-4.08
 0 	18.20	-4.17	20.69
 0 	-17.62	9.45	0.52
 0 	-1.10	-6.16	-2.62
 0 	13.29	-13.27	-19.29
 0 	-12.44	-10.35	16.34
 0 	-13.30	-16.68	-3.96
 0 	19.63	-13.01	15.79
 0 	12.54	-14.43	7.69
 0 	8.96	-15.02	-16.47
 0 	-0.17	-18.53	-20.02
 0 	-13.10	-5.30	6.94
 0 	-4.57	-16.40	15.36
 0 	20.42	3.14	2.20
 0 	19.73	-3.27	5.37
 0 	-21.16	12.22	3.43
 0 	-6.14	4.26	-0.12
 0 	-5.98	-11.05	-4.44
 0 	10.65	13.27	-10.08
 0 	1.67	9.93	-1.50
 0 	-9.87	1.36	2.85
 0 	19.35	9.33	8.99
 0 	-12.66	19.67	16.19
 0 	13.43	-15.00	5.49
 0 	-6.43	-17.48	-14.05
 0 	10.64	-9.59	2.00
 0 	2.72	20.96	8.40
 0 	-20.05	-0.37	-15.22
 0 	-8.44	5.38	9.37
 0 	-12.77	11.94	12.73
 0 	-12.19	19.32	10.44
 0 	-11.30	-16.95	-2.80
 0 	-15.00	-0.88	-10.42
 0 	19.42	3.90	-16.97
 0 	16.28	-0.15	-11.26
 0 	-21.22	0.09	4.47
 0 	-5.27	-3.00	17.51
 0 	-14.50	-18.00	16.17
 0 	5.64	3.03	-3.93
 0 	-8.11	-20.42	-10.58
 0 	9.59	-2.65	0.13
 0 	8.91	0.21	-16.87
 0 	8.15	-3.04	15.36
 0 	-0.79	12.54	10.76
 0 	-6.87	12.17	-10.09
 0 	7.79	-13.26	0.01
 0 	-10.25	-3.24	6.14
 0 	-10.27	-11.72	6.27
 0 	9.82	19.09	20.97
 0 	13.25	-17.21	16.96
 0 	-11.90	-15.37	17.82
 0 	14.82	11.67	11.93
 0 	-15.13	-10.17	5.22
 0 	10.04	15.25	-4.75
 0 	19.92	14.04	20.15
 0 	14.64	3.05	8.71
 0 	-20.56	15.27	-20.83
 0 	-2.41	12.50	15.68
