612 Out of 768 Normal Mode Frequencies in 1/ps for a 4x4x4 Ar Lattice.
   11.843096   11.843096   11.843096   11.843096    5.435784    5.435784    5.435784    5.435784    5.435784    5.435784    5.435784    5.435784
   11.226133   11.226133   11.226133   11.226133    6.670583    6.670583    6.670583    6.670583    5.432406    5.432406    5.432406    5.432406
   10.104899   10.104899   10.104899   10.104899    8.314434    8.314434    8.314434    8.314434    5.429027    5.429027    5.429027    5.429027
   11.226133   11.226133   11.226133   11.226133    6.670583    6.670583    6.670583    6.670583    5.432406    5.432406    5.432406    5.432406
   11.226133   11.226133   11.226133   11.226133    6.670583    6.670583    6.670583    6.670583    5.432406    5.432406    5.432406    5.432406
   11.248567   11.248567   10.143822   10.143822    8.175517    8.175517    6.558800    6.558800    5.616134    5.616134    5.564315    5.564315
   10.413413   10.413413    9.697929    9.697929    9.025759    9.025759    7.025195    7.025195    6.632065    6.632065    5.120080    5.120080
   11.248567   11.248567   10.143822   10.143822    8.175517    8.175517    6.558800    6.558800    5.616134    5.616134    5.564315    5.564315
   10.104899   10.104899   10.104899   10.104899    8.314434    8.314434    8.314434    8.314434    5.429027    5.429027    5.429027    5.429027
   10.413413   10.413413    9.697929    9.697929    9.025759    9.025759    7.025195    7.025195    6.632065    6.632065    5.120080    5.120080
   10.213337   10.213337   10.213337   10.213337    8.069325    8.069325    8.053256    8.053256    5.787604    5.787604    5.787604    5.787604
   10.413413   10.413413    9.697929    9.697929    9.025759    9.025759    7.025195    7.025195    6.632065    6.632065    5.120080    5.120080
   11.226133   11.226133   11.226133   11.226133    6.670583    6.670583    6.670583    6.670583    5.432406    5.432406    5.432406    5.432406
   11.248567   11.248567   10.143822   10.143822    8.175517    8.175517    6.558800    6.558800    5.616134    5.616134    5.564315    5.564315
   10.413413   10.413413    9.697929    9.697929    9.025759    9.025759    7.025195    7.025195    6.632065    6.632065    5.120080    5.120080
   11.248567   11.248567   10.143822   10.143822    8.175517    8.175517    6.558800    6.558800    5.616134    5.616134    5.564315    5.564315
   11.226133   11.226133   11.226133   11.226133    6.670583    6.670583    6.670583    6.670583    5.432406    5.432406    5.432406    5.432406
   11.248567   11.248567   10.143822   10.143822    8.175517    8.175517    6.558800    6.558800    5.616134    5.616134    5.564315    5.564315
   10.413413   10.413413    9.697929    9.697929    9.025759    9.025759    7.025195    7.025195    6.632065    6.632065    5.120080    5.120080
   11.248567   11.248567   10.143822   10.143822    8.175517    8.175517    6.558800    6.558800    5.616134    5.616134    5.564315    5.564315
   11.248567   11.248567   10.143822   10.143822    8.175517    8.175517    6.558800    6.558800    5.616134    5.616134    5.564315    5.564315
   11.041368   11.041368   11.041368    8.207183    8.179679    8.179679    8.179679    6.933216    6.933216    6.933216    3.854250    3.854250
   10.948995   10.791601   10.791601    9.614346    8.235696    8.235696    7.409165    7.287272    7.287272    6.488032    4.464970    2.805673
   11.041368   11.041368   11.041368    8.207183    8.179679    8.179679    8.179679    6.933216    6.933216    6.933216    3.854250    3.854250
   10.413413   10.413413    9.697929    9.697929    9.025759    9.025759    7.025195    7.025195    6.632065    6.632065    5.120080    5.120080
   10.948995   10.791601   10.791601    9.614346    8.235696    8.235696    7.409165    7.287272    7.287272    6.488032    4.464970    2.805673
   11.421457   11.421457   10.862123    8.813059    8.813059    8.104496    8.104496    7.540891    7.540891    4.204799    3.144315    3.144315
   10.948995   10.791601   10.791601    9.614346    8.235696    8.235696    7.409165    7.287272    7.287272    6.488032    4.464970    2.805673
   11.248567   11.248567   10.143822   10.143822    8.175517    8.175517    6.558800    6.558800    5.616134    5.616134    5.564315    5.564315
   11.041368   11.041368   11.041368    8.207183    8.179679    8.179679    8.179679    6.933216    6.933216    6.933216    3.854250    3.854250
   10.948995   10.791601   10.791601    9.614346    8.235696    8.235696    7.409165    7.287272    7.287272    6.488032    4.464970    2.805673
   11.041368   11.041368   11.041368    8.207183    8.179679    8.179679    8.179679    6.933216    6.933216    6.933216    3.854250    3.854250
   10.104899   10.104899   10.104899   10.104899    8.314434    8.314434    8.314434    8.314434    5.429027    5.429027    5.429027    5.429027
   10.413413   10.413413    9.697929    9.697929    9.025759    9.025759    7.025195    7.025195    6.632065    6.632065    5.120080    5.120080
   10.213337   10.213337   10.213337   10.213337    8.069325    8.069325    8.053256    8.053256    5.787604    5.787604    5.787604    5.787604
   10.413413   10.413413    9.697929    9.697929    9.025759    9.025759    7.025195    7.025195    6.632065    6.632065    5.120080    5.120080
   10.413413   10.413413    9.697929    9.697929    9.025759    9.025759    7.025195    7.025195    6.632065    6.632065    5.120080    5.120080
   10.948995   10.791601   10.791601    9.614346    8.235696    8.235696    7.409165    7.287272    7.287272    6.488032    4.464970    2.805673
   11.421457   11.421457   10.862123    8.813059    8.813059    8.104496    8.104496    7.540891    7.540891    4.204799    3.144315    3.144315
   10.948995   10.791601   10.791601    9.614346    8.235696    8.235696    7.409165    7.287272    7.287272    6.488032    4.464970    2.805673
   10.213337   10.213337   10.213337   10.213337    8.069325    8.069325    8.053256    8.053256    5.787604    5.787604    5.787604    5.787604
   11.421457   11.421457   10.862123    8.813059    8.813059    8.104496    8.104496    7.540891    7.540891    4.204799    3.144315    3.144315
   11.878725   11.878725   11.878725    8.155414    8.155414    8.155414    8.155414    8.155414    8.155414    0.000000    0.000000    0.000000
   10.413413   10.413413    9.697929    9.697929    9.025759    9.025759    7.025195    7.025195    6.632065    6.632065    5.120080    5.120080
   11.226133   11.226133   11.226133   11.226133    6.670583    6.670583    6.670583    6.670583    5.432406    5.432406    5.432406    5.432406
   11.248567   11.248567   10.143822   10.143822    8.175517    8.175517    6.558800    6.558800    5.616134    5.616134    5.564315    5.564315
   10.413413   10.413413    9.697929    9.697929    9.025759    9.025759    7.025195    7.025195    6.632065    6.632065    5.120080    5.120080
   11.248567   11.248567   10.143822   10.143822    8.175517    8.175517    6.558800    6.558800    5.616134    5.616134    5.564315    5.564315
   11.248567   11.248567   10.143822   10.143822    8.175517    8.175517    6.558800    6.558800    5.616134    5.616134    5.564315    5.564315
   10.413413   10.413413    9.697929    9.697929    9.025759    9.025759    7.025195    7.025195    6.632065    6.632065    5.120080    5.120080
   11.248567   11.248567   10.143822   10.143822    8.175517    8.175517    6.558800    6.558800    5.616134    5.616134    5.564315    5.564315
