7632 Out of 12000 Normal Mode Frequencies in 1/ps for a 10x10x10 Ar Lattice.
    8.846293    8.846293    8.846293    8.846293    4.031824    4.031824    4.031824    4.031824    4.031824    4.031824    4.031824    4.031824
    8.769504    8.769504    8.769504    8.769504    4.204550    4.204550    4.204550    4.204550    4.031379    4.031379    4.031379    4.031379
    8.545271    8.545271    8.545271    8.545271    4.663031    4.663031    4.663031    4.663031    4.030213    4.030213    4.030213    4.030213
    8.195942    8.195942    8.195942    8.195942    5.274313    5.274313    5.274313    5.274313    4.028771    4.028771    4.028771    4.028771
    7.785451    7.785451    7.785451    7.785451    5.878918    5.878918    5.878918    5.878918    4.027604    4.027604    4.027604    4.027604
    7.545873    7.545873    7.545873    7.545873    6.189076    6.189076    6.189076    6.189076    4.027158    4.027158    4.027158    4.027158
    7.785451    7.785451    7.785451    7.785451    5.878918    5.878918    5.878918    5.878918    4.027604    4.027604    4.027604    4.027604
    8.195942    8.195942    8.195942    8.195942    5.274313    5.274313    5.274313    5.274313    4.028771    4.028771    4.028771    4.028771
    8.545271    8.545271    8.545271    8.545271    4.663031    4.663031    4.663031    4.663031    4.030213    4.030213    4.030213    4.030213
    8.769504    8.769504    8.769504    8.769504    4.204550    4.204550    4.204550    4.204550    4.031379    4.031379    4.031379    4.031379
    8.769504    8.769504    8.769504    8.769504    4.204550    4.204550    4.204550    4.204550    4.031379    4.031379    4.031379    4.031379
    8.771172    8.771172    8.617685    8.617685    4.495982    4.495982    4.185636    4.185636    4.058706    4.058706    4.050187    4.050187
    8.621816    8.621816    8.328755    8.328755    5.034285    5.034285    4.365744    4.365744    4.307781    4.307781    3.938176    3.938176
    8.334814    8.334814    7.933472    7.933472    5.692030    5.692030    4.872586    4.872586    4.390112    4.390112    3.847332    3.847332
    7.957807    7.957807    7.508460    7.508460    6.324526    6.324526    5.405882    5.405882    4.439803    4.439803    3.788420    3.788420
    7.711044    7.711044    7.281830    7.281830    6.661564    6.661564    5.675440    5.675440    4.456533    4.456533    3.767945    3.767945
    7.957807    7.957807    7.508460    7.508460    6.324526    6.324526    5.405882    5.405882    4.439803    4.439803    3.788420    3.788420
    8.334814    8.334814    7.933472    7.933472    5.692030    5.692030    4.872586    4.872586    4.390112    4.390112    3.847332    3.847332
    8.621816    8.621816    8.328755    8.328755    5.034285    5.034285    4.365744    4.365744    4.307781    4.307781    3.938176    3.938176
    8.771172    8.771172    8.617685    8.617685    4.495982    4.495982    4.185636    4.185636    4.058706    4.058706    4.050187    4.050187
    8.545271    8.545271    8.545271    8.545271    4.663031    4.663031    4.663031    4.663031    4.030213    4.030213    4.030213    4.030213
    8.621816    8.621816    8.328755    8.328755    5.034285    5.034285    4.365744    4.365744    4.307781    4.307781    3.938176    3.938176
    8.551479    8.551479    7.991033    7.991033    5.531101    5.531101    4.599828    4.599828    4.127841    4.127841    4.100164    4.100164
    8.339603    8.339603    7.569293    7.569293    6.128961    6.128961    4.807443    4.807443    4.501746    4.501746    3.913006    3.913006
    8.016755    8.016755    7.147350    7.147350    6.719469    6.719469    4.943250    4.943250    4.926288    4.926288    3.781585    3.781585
    7.771701    7.771701    7.059441    7.059441    6.937755    6.937755    5.166529    5.166529    4.965036    4.965036    3.735520    3.735520
    8.016755    8.016755    7.147350    7.147350    6.719469    6.719469    4.943250    4.943250    4.926288    4.926288    3.781585    3.781585
    8.339603    8.339603    7.569293    7.569293    6.128961    6.128961    4.807443    4.807443    4.501746    4.501746    3.913006    3.913006
    8.551479    8.551479    7.991033    7.991033    5.531101    5.531101    4.599828    4.599828    4.127841    4.127841    4.100164    4.100164
    8.621816    8.621816    8.328755    8.328755    5.034285    5.034285    4.365744    4.365744    4.307781    4.307781    3.938176    3.938176
    8.195942    8.195942    8.195942    8.195942    5.274313    5.274313    5.274313    5.274313    4.028771    4.028771    4.028771    4.028771
    8.334814    8.334814    7.933472    7.933472    5.692030    5.692030    4.872586    4.872586    4.390112    4.390112    3.847332    3.847332
    8.339603    8.339603    7.569293    7.569293    6.128961    6.128961    4.807443    4.807443    4.501746    4.501746    3.913006    3.913006
    8.210638    8.210638    7.143458    7.143458    6.592064    6.592064    5.161719    5.161719    4.210917    4.210917    4.171804    4.171804
    7.965282    7.965282    7.055885    7.055885    6.740400    6.740400    5.384673    5.384673    4.542942    4.542942    3.981389    3.981389
    7.739330    7.739330    7.359113    7.359113    6.550359    6.550359    5.459081    5.459081    4.722298    4.722298    3.907154    3.907154
    7.965282    7.965282    7.055885    7.055885    6.740400    6.740400    5.384673    5.384673    4.542942    4.542942    3.981389    3.981389
    8.210638    8.210638    7.143458    7.143458    6.592064    6.592064    5.161719    5.161719    4.210917    4.210917    4.171804    4.171804
    8.339603    8.339603    7.569293    7.569293    6.128961    6.128961    4.807443    4.807443    4.501746    4.501746    3.913006    3.913006
    8.334814    8.334814    7.933472    7.933472    5.692030    5.692030    4.872586    4.872586    4.390112    4.390112    3.847332    3.847332
    7.785451    7.785451    7.785451    7.785451    5.878918    5.878918    5.878918    5.878918    4.027604    4.027604    4.027604    4.027604
    7.957807    7.957807    7.508460    7.508460    6.324526    6.324526    5.405882    5.405882    4.439803    4.439803    3.788420    3.788420
    8.016755    8.016755    7.147350    7.147350    6.719469    6.719469    4.943250    4.943250    4.926288    4.926288    3.781585    3.781585
    7.965282    7.965282    7.055885    7.055885    6.740400    6.740400    5.384673    5.384673    4.542942    4.542942    3.981389    3.981389
    7.820942    7.820942    7.340817    7.340817    6.367178    6.367178    5.717361    5.717361    4.276300    4.276300    4.253923    4.253923
    7.656016    7.656016    7.544896    7.544896    6.196276    6.196276    5.840357    5.840357    4.412806    4.412806    4.165068    4.165068
    7.820942    7.820942    7.340817    7.340817    6.367178    6.367178    5.717361    5.717361    4.276300    4.276300    4.253923    4.253923
    7.965282    7.965282    7.055885    7.055885    6.740400    6.740400    5.384673    5.384673    4.542942    4.542942    3.981389    3.981389
    8.016755    8.016755    7.147350    7.147350    6.719469    6.719469    4.943250    4.943250    4.926288    4.926288    3.781585    3.781585
    7.957807    7.957807    7.508460    7.508460    6.324526    6.324526    5.405882    5.405882    4.439803    4.439803    3.788420    3.788420
    7.545873    7.545873    7.545873    7.545873    6.189076    6.189076    6.189076    6.189076    4.027158    4.027158    4.027158    4.027158
    7.711044    7.711044    7.281830    7.281830    6.661564    6.661564    5.675440    5.675440    4.456533    4.456533    3.767945    3.767945
    7.771701    7.771701    7.059441    7.059441    6.937755    6.937755    5.166529    5.166529    4.965036    4.965036    3.735520    3.735520
    7.739330    7.739330    7.359113    7.359113    6.550359    6.550359    5.459081    5.459081    4.722298    4.722298    3.907154    3.907154
    7.656016    7.656016    7.544896    7.544896    6.196276    6.196276    5.840357    5.840357    4.412806    4.412806    4.165068    4.165068
    7.607802    7.607802    7.607802    7.607802    6.035044    6.035044    5.991253    5.991253    4.300860    4.300860    4.300860    4.300860
    7.656016    7.656016    7.544896    7.544896    6.196276    6.196276    5.840357    5.840357    4.412806    4.412806    4.165068    4.165068
    7.739330    7.739330    7.359113    7.359113    6.550359    6.550359    5.459081    5.459081    4.722298    4.722298    3.907154    3.907154
    7.771701    7.771701    7.059441    7.059441    6.937755    6.937755    5.166529    5.166529    4.965036    4.965036    3.735520    3.735520
    7.711044    7.711044    7.281830    7.281830    6.661564    6.661564    5.675440    5.675440    4.456533    4.456533    3.767945    3.767945
    7.785451    7.785451    7.785451    7.785451    5.878918    5.878918    5.878918    5.878918    4.027604    4.027604    4.027604    4.027604
    7.957807    7.957807    7.508460    7.508460    6.324526    6.324526    5.405882    5.405882    4.439803    4.439803    3.788420    3.788420
    8.016755    8.016755    7.147350    7.147350    6.719469    6.719469    4.943250    4.943250    4.926288    4.926288    3.781585    3.781585
    7.965282    7.965282    7.055885    7.055885    6.740400    6.740400    5.384673    5.384673    4.542942    4.542942    3.981389    3.981389
    7.820942    7.820942    7.340817    7.340817    6.367178    6.367178    5.717361    5.717361    4.276300    4.276300    4.253923    4.253923
    7.656016    7.656016    7.544896    7.544896    6.196276    6.196276    5.840357    5.840357    4.412806    4.412806    4.165068    4.165068
    7.820942    7.820942    7.340817    7.340817    6.367178    6.367178    5.717361    5.717361    4.276300    4.276300    4.253923    4.253923
    7.965282    7.965282    7.055885    7.055885    6.740400    6.740400    5.384673    5.384673    4.542942    4.542942    3.981389    3.981389
    8.016755    8.016755    7.147350    7.147350    6.719469    6.719469    4.943250    4.943250    4.926288    4.926288    3.781585    3.781585
    7.957807    7.957807    7.508460    7.508460    6.324526    6.324526    5.405882    5.405882    4.439803    4.439803    3.788420    3.788420
    8.195942    8.195942    8.195942    8.195942    5.274313    5.274313    5.274313    5.274313    4.028771    4.028771    4.028771    4.028771
    8.334814    8.334814    7.933472    7.933472    5.692030    5.692030    4.872586    4.872586    4.390112    4.390112    3.847332    3.847332
    8.339603    8.339603    7.569293    7.569293    6.128961    6.128961    4.807443    4.807443    4.501746    4.501746    3.913006    3.913006
    8.210638    8.210638    7.143458    7.143458    6.592064    6.592064    5.161719    5.161719    4.210917    4.210917    4.171804    4.171804
    7.965282    7.965282    7.055885    7.055885    6.740400    6.740400    5.384673    5.384673    4.542942    4.542942    3.981389    3.981389
    7.739330    7.739330    7.359113    7.359113    6.550359    6.550359    5.459081    5.459081    4.722298    4.722298    3.907154    3.907154
    7.965282    7.965282    7.055885    7.055885    6.740400    6.740400    5.384673    5.384673    4.542942    4.542942    3.981389    3.981389
    8.210638    8.210638    7.143458    7.143458    6.592064    6.592064    5.161719    5.161719    4.210917    4.210917    4.171804    4.171804
    8.339603    8.339603    7.569293    7.569293    6.128961    6.128961    4.807443    4.807443    4.501746    4.501746    3.913006    3.913006
    8.334814    8.334814    7.933472    7.933472    5.692030    5.692030    4.872586    4.872586    4.390112    4.390112    3.847332    3.847332
    8.545271    8.545271    8.545271    8.545271    4.663031    4.663031    4.663031    4.663031    4.030213    4.030213    4.030213    4.030213
    8.621816    8.621816    8.328755    8.328755    5.034285    5.034285    4.365744    4.365744    4.307781    4.307781    3.938176    3.938176
    8.551479    8.551479    7.991033    7.991033    5.531101    5.531101    4.599828    4.599828    4.127841    4.127841    4.100164    4.100164
    8.339603    8.339603    7.569293    7.569293    6.128961    6.128961    4.807443    4.807443    4.501746    4.501746    3.913006    3.913006
    8.016755    8.016755    7.147350    7.147350    6.719469    6.719469    4.943250    4.943250    4.926288    4.926288    3.781585    3.781585
    7.771701    7.771701    7.059441    7.059441    6.937755    6.937755    5.166529    5.166529    4.965036    4.965036    3.735520    3.735520
    8.016755    8.016755    7.147350    7.147350    6.719469    6.719469    4.943250    4.943250    4.926288    4.926288    3.781585    3.781585
    8.339603    8.339603    7.569293    7.569293    6.128961    6.128961    4.807443    4.807443    4.501746    4.501746    3.913006    3.913006
    8.551479    8.551479    7.991033    7.991033    5.531101    5.531101    4.599828    4.599828    4.127841    4.127841    4.100164    4.100164
    8.621816    8.621816    8.328755    8.328755    5.034285    5.034285    4.365744    4.365744    4.307781    4.307781    3.938176    3.938176
    8.769504    8.769504    8.769504    8.769504    4.204550    4.204550    4.204550    4.204550    4.031379    4.031379    4.031379    4.031379
    8.771172    8.771172    8.617685    8.617685    4.495982    4.495982    4.185636    4.185636    4.058706    4.058706    4.050187    4.050187
    8.621816    8.621816    8.328755    8.328755    5.034285    5.034285    4.365744    4.365744    4.307781    4.307781    3.938176    3.938176
    8.334814    8.334814    7.933472    7.933472    5.692030    5.692030    4.872586    4.872586    4.390112    4.390112    3.847332    3.847332
    7.957807    7.957807    7.508460    7.508460    6.324526    6.324526    5.405882    5.405882    4.439803    4.439803    3.788420    3.788420
    7.711044    7.711044    7.281830    7.281830    6.661564    6.661564    5.675440    5.675440    4.456533    4.456533    3.767945    3.767945
    7.957807    7.957807    7.508460    7.508460    6.324526    6.324526    5.405882    5.405882    4.439803    4.439803    3.788420    3.788420
    8.334814    8.334814    7.933472    7.933472    5.692030    5.692030    4.872586    4.872586    4.390112    4.390112    3.847332    3.847332
    8.621816    8.621816    8.328755    8.328755    5.034285    5.034285    4.365744    4.365744    4.307781    4.307781    3.938176    3.938176
    8.771172    8.771172    8.617685    8.617685    4.495982    4.495982    4.185636    4.185636    4.058706    4.058706    4.050187    4.050187
    8.769504    8.769504    8.769504    8.769504    4.204550    4.204550    4.204550    4.204550    4.031379    4.031379    4.031379    4.031379
    8.771172    8.771172    8.617685    8.617685    4.495982    4.495982    4.185636    4.185636    4.058706    4.058706    4.050187    4.050187
    8.621816    8.621816    8.328755    8.328755    5.034285    5.034285    4.365744    4.365744    4.307781    4.307781    3.938176    3.938176
    8.334814    8.334814    7.933472    7.933472    5.692030    5.692030    4.872586    4.872586    4.390112    4.390112    3.847332    3.847332
    7.957807    7.957807    7.508460    7.508460    6.324526    6.324526    5.405882    5.405882    4.439803    4.439803    3.788420    3.788420
    7.711044    7.711044    7.281830    7.281830    6.661564    6.661564    5.675440    5.675440    4.456533    4.456533    3.767945    3.767945
    7.957807    7.957807    7.508460    7.508460    6.324526    6.324526    5.405882    5.405882    4.439803    4.439803    3.788420    3.788420
    8.334814    8.334814    7.933472    7.933472    5.692030    5.692030    4.872586    4.872586    4.390112    4.390112    3.847332    3.847332
    8.621816    8.621816    8.328755    8.328755    5.034285    5.034285    4.365744    4.365744    4.307781    4.307781    3.938176    3.938176
    8.771172    8.771172    8.617685    8.617685    4.495982    4.495982    4.185636    4.185636    4.058706    4.058706    4.050187    4.050187
    8.771172    8.771172    8.617685    8.617685    4.495982    4.495982    4.185636    4.185636    4.058706    4.058706    4.050187    4.050187
    8.700482    8.700482    8.700482    8.383566    4.562026    4.562026    4.562026    4.268414    4.268414    4.268414    3.836411    3.836411
    8.623973    8.494963    8.494963    8.017353    5.248084    4.880544    4.880544    4.448472    4.348631    4.348631    3.972337    3.622917
    8.391104    8.178535    8.178535    7.556180    5.989584    5.397503    5.397503    4.586028    4.377178    4.367723    4.367723    3.443018
    8.025249    7.817647    7.817647    7.085133    6.687404    5.918848    5.918848    4.865819    4.672110    4.372068    4.372068    3.321811
    7.716356    7.618910    7.618910    7.111139    6.842644    6.177122    6.177122    5.122964    4.701393    4.372834    4.372834    3.278896
    8.025249    7.817647    7.817647    7.085133    6.687404    5.918848    5.918848    4.865819    4.672110    4.372068    4.372068    3.321811
    8.391104    8.178535    8.178535    7.556180    5.989584    5.397503    5.397503    4.586028    4.377178    4.367723    4.367723    3.443018
    8.623973    8.494963    8.494963    8.017353    5.248084    4.880544    4.880544    4.448472    4.348631    4.348631    3.972337    3.622917
    8.700482    8.700482    8.700482    8.383566    4.562026    4.562026    4.562026    4.268414    4.268414    4.268414    3.836411    3.836411
    8.621816    8.621816    8.328755    8.328755    5.034285    5.034285    4.365744    4.365744    4.307781    4.307781    3.938176    3.938176
    8.623973    8.494963    8.494963    8.017353    5.248084    4.880544    4.880544    4.448472    4.348631    4.348631    3.972337    3.622917
    8.502492    8.502492    8.256166    7.584781    5.553373    5.553373    4.844260    4.669164    4.669164    4.512511    3.701679    3.527803
    8.346695    8.275529    7.937372    7.072828    6.279060    5.963936    5.131919    4.888504    4.848466    4.520428    3.921982    3.296993
    8.032019    7.999567    7.613425    6.963937    6.571683    6.386372    5.516887    5.019262    4.949444    4.470524    4.333845    3.103051
    7.845546    7.631611    7.491982    7.455813    6.595950    6.321403    5.702871    5.062952    4.981237    4.565483    4.450100    3.032452
    8.032019    7.999567    7.613425    6.963937    6.571683    6.386372    5.516887    5.019262    4.949444    4.470524    4.333845    3.103051
    8.346695    8.275529    7.937372    7.072828    6.279060    5.963936    5.131919    4.888504    4.848466    4.520428    3.921982    3.296993
    8.502492    8.502492    8.256166    7.584781    5.553373    5.553373    4.844260    4.669164    4.669164    4.512511    3.701679    3.527803
    8.623973    8.494963    8.494963    8.017353    5.248084    4.880544    4.880544    4.448472    4.348631    4.348631    3.972337    3.622917
    8.334814    8.334814    7.933472    7.933472    5.692030    5.692030    4.872586    4.872586    4.390112    4.390112    3.847332    3.847332
    8.391104    8.178535    8.178535    7.556180    5.989584    5.397503    5.397503    4.586028    4.377178    4.367723    4.367723    3.443018
    8.346695    8.275529    7.937372    7.072828    6.279060    5.963936    5.131919    4.888504    4.848466    4.520428    3.921982    3.296993
    8.218195    8.218195    7.645694    6.556376    6.556376    6.526693    5.199197    5.199197    4.987460    4.722998    3.624749    3.364853
    8.054475    8.014082    7.374831    7.112339    6.798334    6.008141    5.424196    5.404346    5.172019    4.678790    3.867309    3.189467
    7.968044    7.779894    7.469088    7.254051    6.909691    5.753661    5.504887    5.471514    5.294910    4.634778    4.067285    3.096089
    8.054475    8.014082    7.374831    7.112339    6.798334    6.008141    5.424196    5.404346    5.172019    4.678790    3.867309    3.189467
    8.218195    8.218195    7.645694    6.556376    6.556376    6.526693    5.199197    5.199197    4.987460    4.722998    3.624749    3.364853
    8.346695    8.275529    7.937372    7.072828    6.279060    5.963936    5.131919    4.888504    4.848466    4.520428    3.921982    3.296993
    8.391104    8.178535    8.178535    7.556180    5.989584    5.397503    5.397503    4.586028    4.377178    4.367723    4.367723    3.443018
    7.957807    7.957807    7.508460    7.508460    6.324526    6.324526    5.405882    5.405882    4.439803    4.439803    3.788420    3.788420
    8.025249    7.817647    7.817647    7.085133    6.687404    5.918848    5.918848    4.865819    4.672110    4.372068    4.372068    3.321811
    8.032019    7.999567    7.613425    6.963937    6.571683    6.386372    5.516887    5.019262    4.949444    4.470524    4.333845    3.103051
    8.054475    8.014082    7.374831    7.112339    6.798334    6.008141    5.424196    5.404346    5.172019    4.678790    3.867309    3.189467
    8.009016    8.009016    7.162598    7.127469    7.127469    5.729939    5.729939    5.478848    4.967157    4.864638    3.589772    3.429239
    8.012320    7.958761    7.273682    7.103592    7.072124    5.866756    5.834369    5.217047    5.014813    4.828943    3.711363    3.380684
    8.009016    8.009016    7.162598    7.127469    7.127469    5.729939    5.729939    5.478848    4.967157    4.864638    3.589772    3.429239
    8.054475    8.014082    7.374831    7.112339    6.798334    6.008141    5.424196    5.404346    5.172019    4.678790    3.867309    3.189467
    8.032019    7.999567    7.613425    6.963937    6.571683    6.386372    5.516887    5.019262    4.949444    4.470524    4.333845    3.103051
    8.025249    7.817647    7.817647    7.085133    6.687404    5.918848    5.918848    4.865819    4.672110    4.372068    4.372068    3.321811
    7.711044    7.711044    7.281830    7.281830    6.661564    6.661564    5.675440    5.675440    4.456533    4.456533    3.767945    3.767945
    7.716356    7.618910    7.618910    7.111139    6.842644    6.177122    6.177122    5.122964    4.701393    4.372834    4.372834    3.278896
    7.845546    7.631611    7.491982    7.455813    6.595950    6.321403    5.702871    5.062952    4.981237    4.565483    4.450100    3.032452
    7.968044    7.779894    7.469088    7.254051    6.909691    5.753661    5.504887    5.471514    5.294910    4.634778    4.067285    3.096089
    8.012320    7.958761    7.273682    7.103592    7.072124    5.866756    5.834369    5.217047    5.014813    4.828943    3.711363    3.380684
    8.019380    8.019380    7.169153    7.169153    6.994846    5.998018    5.998018    4.945166    4.914473    4.914473    3.580341    3.580341
    8.012320    7.958761    7.273682    7.103592    7.072124    5.866756    5.834369    5.217047    5.014813    4.828943    3.711363    3.380684
    7.968044    7.779894    7.469088    7.254051    6.909691    5.753661    5.504887    5.471514    5.294910    4.634778    4.067285    3.096089
    7.845546    7.631611    7.491982    7.455813    6.595950    6.321403    5.702871    5.062952    4.981237    4.565483    4.450100    3.032452
    7.716356    7.618910    7.618910    7.111139    6.842644    6.177122    6.177122    5.122964    4.701393    4.372834    4.372834    3.278896
    7.957807    7.957807    7.508460    7.508460    6.324526    6.324526    5.405882    5.405882    4.439803    4.439803    3.788420    3.788420
    8.025249    7.817647    7.817647    7.085133    6.687404    5.918848    5.918848    4.865819    4.672110    4.372068    4.372068    3.321811
    8.032019    7.999567    7.613425    6.963937    6.571683    6.386372    5.516887    5.019262    4.949444    4.470524    4.333845    3.103051
    8.054475    8.014082    7.374831    7.112339    6.798334    6.008141    5.424196    5.404346    5.172019    4.678790    3.867309    3.189467
    8.009016    8.009016    7.162598    7.127469    7.127469    5.729939    5.729939    5.478848    4.967157    4.864638    3.589772    3.429239
    8.012320    7.958761    7.273682    7.103592    7.072124    5.866756    5.834369    5.217047    5.014813    4.828943    3.711363    3.380684
    8.009016    8.009016    7.162598    7.127469    7.127469    5.729939    5.729939    5.478848    4.967157    4.864638    3.589772    3.429239
    8.054475    8.014082    7.374831    7.112339    6.798334    6.008141    5.424196    5.404346    5.172019    4.678790    3.867309    3.189467
    8.032019    7.999567    7.613425    6.963937    6.571683    6.386372    5.516887    5.019262    4.949444    4.470524    4.333845    3.103051
    8.025249    7.817647    7.817647    7.085133    6.687404    5.918848    5.918848    4.865819    4.672110    4.372068    4.372068    3.321811
    8.334814    8.334814    7.933472    7.933472    5.692030    5.692030    4.872586    4.872586    4.390112    4.390112    3.847332    3.847332
    8.391104    8.178535    8.178535    7.556180    5.989584    5.397503    5.397503    4.586028    4.377178    4.367723    4.367723    3.443018
    8.346695    8.275529    7.937372    7.072828    6.279060    5.963936    5.131919    4.888504    4.848466    4.520428    3.921982    3.296993
    8.218195    8.218195    7.645694    6.556376    6.556376    6.526693    5.199197    5.199197    4.987460    4.722998    3.624749    3.364853
    8.054475    8.014082    7.374831    7.112339    6.798334    6.008141    5.424196    5.404346    5.172019    4.678790    3.867309    3.189467
    7.968044    7.779894    7.469088    7.254051    6.909691    5.753661    5.504887    5.471514    5.294910    4.634778    4.067285    3.096089
    8.054475    8.014082    7.374831    7.112339    6.798334    6.008141    5.424196    5.404346    5.172019    4.678790    3.867309    3.189467
    8.218195    8.218195    7.645694    6.556376    6.556376    6.526693    5.199197    5.199197    4.987460    4.722998    3.624749    3.364853
    8.346695    8.275529    7.937372    7.072828    6.279060    5.963936    5.131919    4.888504    4.848466    4.520428    3.921982    3.296993
    8.391104    8.178535    8.178535    7.556180    5.989584    5.397503    5.397503    4.586028    4.377178    4.367723    4.367723    3.443018
    8.621816    8.621816    8.328755    8.328755    5.034285    5.034285    4.365744    4.365744    4.307781    4.307781    3.938176    3.938176
    8.623973    8.494963    8.494963    8.017353    5.248084    4.880544    4.880544    4.448472    4.348631    4.348631    3.972337    3.622917
    8.502492    8.502492    8.256166    7.584781    5.553373    5.553373    4.844260    4.669164    4.669164    4.512511    3.701679    3.527803
    8.346695    8.275529    7.937372    7.072828    6.279060    5.963936    5.131919    4.888504    4.848466    4.520428    3.921982    3.296993
    8.032019    7.999567    7.613425    6.963937    6.571683    6.386372    5.516887    5.019262    4.949444    4.470524    4.333845    3.103051
    7.845546    7.631611    7.491982    7.455813    6.595950    6.321403    5.702871    5.062952    4.981237    4.565483    4.450100    3.032452
    8.032019    7.999567    7.613425    6.963937    6.571683    6.386372    5.516887    5.019262    4.949444    4.470524    4.333845    3.103051
    8.346695    8.275529    7.937372    7.072828    6.279060    5.963936    5.131919    4.888504    4.848466    4.520428    3.921982    3.296993
    8.502492    8.502492    8.256166    7.584781    5.553373    5.553373    4.844260    4.669164    4.669164    4.512511    3.701679    3.527803
    8.623973    8.494963    8.494963    8.017353    5.248084    4.880544    4.880544    4.448472    4.348631    4.348631    3.972337    3.622917
    8.771172    8.771172    8.617685    8.617685    4.495982    4.495982    4.185636    4.185636    4.058706    4.058706    4.050187    4.050187
    8.700482    8.700482    8.700482    8.383566    4.562026    4.562026    4.562026    4.268414    4.268414    4.268414    3.836411    3.836411
    8.623973    8.494963    8.494963    8.017353    5.248084    4.880544    4.880544    4.448472    4.348631    4.348631    3.972337    3.622917
    8.391104    8.178535    8.178535    7.556180    5.989584    5.397503    5.397503    4.586028    4.377178    4.367723    4.367723    3.443018
    8.025249    7.817647    7.817647    7.085133    6.687404    5.918848    5.918848    4.865819    4.672110    4.372068    4.372068    3.321811
    7.716356    7.618910    7.618910    7.111139    6.842644    6.177122    6.177122    5.122964    4.701393    4.372834    4.372834    3.278896
    8.025249    7.817647    7.817647    7.085133    6.687404    5.918848    5.918848    4.865819    4.672110    4.372068    4.372068    3.321811
    8.391104    8.178535    8.178535    7.556180    5.989584    5.397503    5.397503    4.586028    4.377178    4.367723    4.367723    3.443018
    8.623973    8.494963    8.494963    8.017353    5.248084    4.880544    4.880544    4.448472    4.348631    4.348631    3.972337    3.622917
    8.700482    8.700482    8.700482    8.383566    4.562026    4.562026    4.562026    4.268414    4.268414    4.268414    3.836411    3.836411
    8.545271    8.545271    8.545271    8.545271    4.663031    4.663031    4.663031    4.663031    4.030213    4.030213    4.030213    4.030213
    8.621816    8.621816    8.328755    8.328755    5.034285    5.034285    4.365744    4.365744    4.307781    4.307781    3.938176    3.938176
    8.551479    8.551479    7.991033    7.991033    5.531101    5.531101    4.599828    4.599828    4.127841    4.127841    4.100164    4.100164
    8.339603    8.339603    7.569293    7.569293    6.128961    6.128961    4.807443    4.807443    4.501746    4.501746    3.913006    3.913006
    8.016755    8.016755    7.147350    7.147350    6.719469    6.719469    4.943250    4.943250    4.926288    4.926288    3.781585    3.781585
    7.771701    7.771701    7.059441    7.059441    6.937755    6.937755    5.166529    5.166529    4.965036    4.965036    3.735520    3.735520
    8.016755    8.016755    7.147350    7.147350    6.719469    6.719469    4.943250    4.943250    4.926288    4.926288    3.781585    3.781585
    8.339603    8.339603    7.569293    7.569293    6.128961    6.128961    4.807443    4.807443    4.501746    4.501746    3.913006    3.913006
    8.551479    8.551479    7.991033    7.991033    5.531101    5.531101    4.599828    4.599828    4.127841    4.127841    4.100164    4.100164
    8.621816    8.621816    8.328755    8.328755    5.034285    5.034285    4.365744    4.365744    4.307781    4.307781    3.938176    3.938176
    8.621816    8.621816    8.328755    8.328755    5.034285    5.034285    4.365744    4.365744    4.307781    4.307781    3.938176    3.938176
    8.623973    8.494963    8.494963    8.017353    5.248084    4.880544    4.880544    4.448472    4.348631    4.348631    3.972337    3.622917
    8.502492    8.502492    8.256166    7.584781    5.553373    5.553373    4.844260    4.669164    4.669164    4.512511    3.701679    3.527803
    8.346695    8.275529    7.937372    7.072828    6.279060    5.963936    5.131919    4.888504    4.848466    4.520428    3.921982    3.296993
    8.032019    7.999567    7.613425    6.963937    6.571683    6.386372    5.516887    5.019262    4.949444    4.470524    4.333845    3.103051
    7.845546    7.631611    7.491982    7.455813    6.595950    6.321403    5.702871    5.062952    4.981237    4.565483    4.450100    3.032452
    8.032019    7.999567    7.613425    6.963937    6.571683    6.386372    5.516887    5.019262    4.949444    4.470524    4.333845    3.103051
    8.346695    8.275529    7.937372    7.072828    6.279060    5.963936    5.131919    4.888504    4.848466    4.520428    3.921982    3.296993
    8.502492    8.502492    8.256166    7.584781    5.553373    5.553373    4.844260    4.669164    4.669164    4.512511    3.701679    3.527803
    8.623973    8.494963    8.494963    8.017353    5.248084    4.880544    4.880544    4.448472    4.348631    4.348631    3.972337    3.622917
    8.551479    8.551479    7.991033    7.991033    5.531101    5.531101    4.599828    4.599828    4.127841    4.127841    4.100164    4.100164
    8.502492    8.502492    8.256166    7.584781    5.553373    5.553373    4.844260    4.669164    4.669164    4.512511    3.701679    3.527803
    8.363199    8.363199    8.363199    7.064786    5.637266    5.637266    5.637266    4.832524    4.832524    4.832524    3.267715    3.267715
    8.305019    8.160528    8.160528    6.475696    6.393239    5.814232    5.814232    5.071819    4.985062    4.985062    3.376646    2.875060
    8.090799    7.955782    7.955782    7.046277    6.036784    6.036784    5.910977    5.219603    5.065064    5.065064    3.719963    2.590587
    7.861251    7.861251    7.859766    7.426768    6.145620    6.145620    5.628436    5.269560    5.087075    5.087075    3.942872    2.484787
    8.090799    7.955782    7.955782    7.046277    6.036784    6.036784    5.910977    5.219603    5.065064    5.065064    3.719963    2.590587
    8.305019    8.160528    8.160528    6.475696    6.393239    5.814232    5.814232    5.071819    4.985062    4.985062    3.376646    2.875060
    8.363199    8.363199    8.363199    7.064786    5.637266    5.637266    5.637266    4.832524    4.832524    4.832524    3.267715    3.267715
    8.502492    8.502492    8.256166    7.584781    5.553373    5.553373    4.844260    4.669164    4.669164    4.512511    3.701679    3.527803
    8.339603    8.339603    7.569293    7.569293    6.128961    6.128961    4.807443    4.807443    4.501746    4.501746    3.913006    3.913006
    8.346695    8.275529    7.937372    7.072828    6.279060    5.963936    5.131919    4.888504    4.848466    4.520428    3.921982    3.296993
    8.305019    8.160528    8.160528    6.475696    6.393239    5.814232    5.814232    5.071819    4.985062    4.985062    3.376646    2.875060
    8.236361    8.236361    8.017437    6.458553    6.458553    5.822208    5.725463    5.302742    5.302742    5.140311    2.995875    2.702264
    8.192680    8.173158    7.890188    6.959462    6.476789    5.733469    5.503792    5.490480    5.220394    5.204225    3.163339    2.420336
    8.147474    8.138434    7.837284    7.169870    6.474967    5.761686    5.586696    5.552889    5.233177    4.891427    3.365419    2.286276
    8.192680    8.173158    7.890188    6.959462    6.476789    5.733469    5.503792    5.490480    5.220394    5.204225    3.163339    2.420336
    8.236361    8.236361    8.017437    6.458553    6.458553    5.822208    5.725463    5.302742    5.302742    5.140311    2.995875    2.702264
    8.305019    8.160528    8.160528    6.475696    6.393239    5.814232    5.814232    5.071819    4.985062    4.985062    3.376646    2.875060
    8.346695    8.275529    7.937372    7.072828    6.279060    5.963936    5.131919    4.888504    4.848466    4.520428    3.921982    3.296993
    8.016755    8.016755    7.147350    7.147350    6.719469    6.719469    4.943250    4.943250    4.926288    4.926288    3.781585    3.781585
    8.032019    7.999567    7.613425    6.963937    6.571683    6.386372    5.516887    5.019262    4.949444    4.470524    4.333845    3.103051
    8.090799    7.955782    7.955782    7.046277    6.036784    6.036784    5.910977    5.219603    5.065064    5.065064    3.719963    2.590587
    8.192680    8.173158    7.890188    6.959462    6.476789    5.733469    5.503792    5.490480    5.220394    5.204225    3.163339    2.420336
    8.281643    8.281643    7.828034    6.785035    6.785035    5.765855    5.765855    5.540812    5.338770    4.533128    2.826713    2.545537
    8.315508    8.311768    7.801968    6.898083    6.677696    5.905816    5.852369    5.500351    5.358055    4.177154    2.933963    2.500659
    8.281643    8.281643    7.828034    6.785035    6.785035    5.765855    5.765855    5.540812    5.338770    4.533128    2.826713    2.545537
    8.192680    8.173158    7.890188    6.959462    6.476789    5.733469    5.503792    5.490480    5.220394    5.204225    3.163339    2.420336
    8.090799    7.955782    7.955782    7.046277    6.036784    6.036784    5.910977    5.219603    5.065064    5.065064    3.719963    2.590587
    8.032019    7.999567    7.613425    6.963937    6.571683    6.386372    5.516887    5.019262    4.949444    4.470524    4.333845    3.103051
    7.771701    7.771701    7.059441    7.059441    6.937755    6.937755    5.166529    5.166529    4.965036    4.965036    3.735520    3.735520
    7.845546    7.631611    7.491982    7.455813    6.595950    6.321403    5.702871    5.062952    4.981237    4.565483    4.450100    3.032452
    7.861251    7.861251    7.859766    7.426768    6.145620    6.145620    5.628436    5.269560    5.087075    5.087075    3.942872    2.484787
    8.147474    8.138434    7.837284    7.169870    6.474967    5.761686    5.586696    5.552889    5.233177    4.891427    3.365419    2.286276
    8.315508    8.311768    7.801968    6.898083    6.677696    5.905816    5.852369    5.500351    5.358055    4.177154    2.933963    2.500659
    8.370542    8.370542    7.785545    6.746117    6.746117    6.015693    6.015693    5.407246    5.407246    3.765506    2.769476    2.769476
    8.315508    8.311768    7.801968    6.898083    6.677696    5.905816    5.852369    5.500351    5.358055    4.177154    2.933963    2.500659
    8.147474    8.138434    7.837284    7.169870    6.474967    5.761686    5.586696    5.552889    5.233177    4.891427    3.365419    2.286276
    7.861251    7.861251    7.859766    7.426768    6.145620    6.145620    5.628436    5.269560    5.087075    5.087075    3.942872    2.484787
    7.845546    7.631611    7.491982    7.455813    6.595950    6.321403    5.702871    5.062952    4.981237    4.565483    4.450100    3.032452
    8.016755    8.016755    7.147350    7.147350    6.719469    6.719469    4.943250    4.943250    4.926288    4.926288    3.781585    3.781585
    8.032019    7.999567    7.613425    6.963937    6.571683    6.386372    5.516887    5.019262    4.949444    4.470524    4.333845    3.103051
    8.090799    7.955782    7.955782    7.046277    6.036784    6.036784    5.910977    5.219603    5.065064    5.065064    3.719963    2.590587
    8.192680    8.173158    7.890188    6.959462    6.476789    5.733469    5.503792    5.490480    5.220394    5.204225    3.163339    2.420336
    8.281643    8.281643    7.828034    6.785035    6.785035    5.765855    5.765855    5.540812    5.338770    4.533128    2.826713    2.545537
    8.315508    8.311768    7.801968    6.898083    6.677696    5.905816    5.852369    5.500351    5.358055    4.177154    2.933963    2.500659
    8.281643    8.281643    7.828034    6.785035    6.785035    5.765855    5.765855    5.540812    5.338770    4.533128    2.826713    2.545537
    8.192680    8.173158    7.890188    6.959462    6.476789    5.733469    5.503792    5.490480    5.220394    5.204225    3.163339    2.420336
    8.090799    7.955782    7.955782    7.046277    6.036784    6.036784    5.910977    5.219603    5.065064    5.065064    3.719963    2.590587
    8.032019    7.999567    7.613425    6.963937    6.571683    6.386372    5.516887    5.019262    4.949444    4.470524    4.333845    3.103051
    8.339603    8.339603    7.569293    7.569293    6.128961    6.128961    4.807443    4.807443    4.501746    4.501746    3.913006    3.913006
    8.346695    8.275529    7.937372    7.072828    6.279060    5.963936    5.131919    4.888504    4.848466    4.520428    3.921982    3.296993
    8.305019    8.160528    8.160528    6.475696    6.393239    5.814232    5.814232    5.071819    4.985062    4.985062    3.376646    2.875060
    8.236361    8.236361    8.017437    6.458553    6.458553    5.822208    5.725463    5.302742    5.302742    5.140311    2.995875    2.702264
    8.192680    8.173158    7.890188    6.959462    6.476789    5.733469    5.503792    5.490480    5.220394    5.204225    3.163339    2.420336
    8.147474    8.138434    7.837284    7.169870    6.474967    5.761686    5.586696    5.552889    5.233177    4.891427    3.365419    2.286276
    8.192680    8.173158    7.890188    6.959462    6.476789    5.733469    5.503792    5.490480    5.220394    5.204225    3.163339    2.420336
    8.236361    8.236361    8.017437    6.458553    6.458553    5.822208    5.725463    5.302742    5.302742    5.140311    2.995875    2.702264
    8.305019    8.160528    8.160528    6.475696    6.393239    5.814232    5.814232    5.071819    4.985062    4.985062    3.376646    2.875060
    8.346695    8.275529    7.937372    7.072828    6.279060    5.963936    5.131919    4.888504    4.848466    4.520428    3.921982    3.296993
    8.551479    8.551479    7.991033    7.991033    5.531101    5.531101    4.599828    4.599828    4.127841    4.127841    4.100164    4.100164
    8.502492    8.502492    8.256166    7.584781    5.553373    5.553373    4.844260    4.669164    4.669164    4.512511    3.701679    3.527803
    8.363199    8.363199    8.363199    7.064786    5.637266    5.637266    5.637266    4.832524    4.832524    4.832524    3.267715    3.267715
    8.305019    8.160528    8.160528    6.475696    6.393239    5.814232    5.814232    5.071819    4.985062    4.985062    3.376646    2.875060
    8.090799    7.955782    7.955782    7.046277    6.036784    6.036784    5.910977    5.219603    5.065064    5.065064    3.719963    2.590587
    7.861251    7.861251    7.859766    7.426768    6.145620    6.145620    5.628436    5.269560    5.087075    5.087075    3.942872    2.484787
    8.090799    7.955782    7.955782    7.046277    6.036784    6.036784    5.910977    5.219603    5.065064    5.065064    3.719963    2.590587
    8.305019    8.160528    8.160528    6.475696    6.393239    5.814232    5.814232    5.071819    4.985062    4.985062    3.376646    2.875060
    8.363199    8.363199    8.363199    7.064786    5.637266    5.637266    5.637266    4.832524    4.832524    4.832524    3.267715    3.267715
    8.502492    8.502492    8.256166    7.584781    5.553373    5.553373    4.844260    4.669164    4.669164    4.512511    3.701679    3.527803
    8.621816    8.621816    8.328755    8.328755    5.034285    5.034285    4.365744    4.365744    4.307781    4.307781    3.938176    3.938176
    8.623973    8.494963    8.494963    8.017353    5.248084    4.880544    4.880544    4.448472    4.348631    4.348631    3.972337    3.622917
    8.502492    8.502492    8.256166    7.584781    5.553373    5.553373    4.844260    4.669164    4.669164    4.512511    3.701679    3.527803
    8.346695    8.275529    7.937372    7.072828    6.279060    5.963936    5.131919    4.888504    4.848466    4.520428    3.921982    3.296993
    8.032019    7.999567    7.613425    6.963937    6.571683    6.386372    5.516887    5.019262    4.949444    4.470524    4.333845    3.103051
    7.845546    7.631611    7.491982    7.455813    6.595950    6.321403    5.702871    5.062952    4.981237    4.565483    4.450100    3.032452
    8.032019    7.999567    7.613425    6.963937    6.571683    6.386372    5.516887    5.019262    4.949444    4.470524    4.333845    3.103051
    8.346695    8.275529    7.937372    7.072828    6.279060    5.963936    5.131919    4.888504    4.848466    4.520428    3.921982    3.296993
    8.502492    8.502492    8.256166    7.584781    5.553373    5.553373    4.844260    4.669164    4.669164    4.512511    3.701679    3.527803
    8.623973    8.494963    8.494963    8.017353    5.248084    4.880544    4.880544    4.448472    4.348631    4.348631    3.972337    3.622917
    8.195942    8.195942    8.195942    8.195942    5.274313    5.274313    5.274313    5.274313    4.028771    4.028771    4.028771    4.028771
    8.334814    8.334814    7.933472    7.933472    5.692030    5.692030    4.872586    4.872586    4.390112    4.390112    3.847332    3.847332
    8.339603    8.339603    7.569293    7.569293    6.128961    6.128961    4.807443    4.807443    4.501746    4.501746    3.913006    3.913006
    8.210638    8.210638    7.143458    7.143458    6.592064    6.592064    5.161719    5.161719    4.210917    4.210917    4.171804    4.171804
    7.965282    7.965282    7.055885    7.055885    6.740400    6.740400    5.384673    5.384673    4.542942    4.542942    3.981389    3.981389
    7.739330    7.739330    7.359113    7.359113    6.550359    6.550359    5.459081    5.459081    4.722298    4.722298    3.907154    3.907154
    7.965282    7.965282    7.055885    7.055885    6.740400    6.740400    5.384673    5.384673    4.542942    4.542942    3.981389    3.981389
    8.210638    8.210638    7.143458    7.143458    6.592064    6.592064    5.161719    5.161719    4.210917    4.210917    4.171804    4.171804
    8.339603    8.339603    7.569293    7.569293    6.128961    6.128961    4.807443    4.807443    4.501746    4.501746    3.913006    3.913006
    8.334814    8.334814    7.933472    7.933472    5.692030    5.692030    4.872586    4.872586    4.390112    4.390112    3.847332    3.847332
    8.334814    8.334814    7.933472    7.933472    5.692030    5.692030    4.872586    4.872586    4.390112    4.390112    3.847332    3.847332
    8.391104    8.178535    8.178535    7.556180    5.989584    5.397503    5.397503    4.586028    4.377178    4.367723    4.367723    3.443018
    8.346695    8.275529    7.937372    7.072828    6.279060    5.963936    5.131919    4.888504    4.848466    4.520428    3.921982    3.296993
    8.218195    8.218195    7.645694    6.556376    6.556376    6.526693    5.199197    5.199197    4.987460    4.722998    3.624749    3.364853
    8.054475    8.014082    7.374831    7.112339    6.798334    6.008141    5.424196    5.404346    5.172019    4.678790    3.867309    3.189467
    7.968044    7.779894    7.469088    7.254051    6.909691    5.753661    5.504887    5.471514    5.294910    4.634778    4.067285    3.096089
    8.054475    8.014082    7.374831    7.112339    6.798334    6.008141    5.424196    5.404346    5.172019    4.678790    3.867309    3.189467
    8.218195    8.218195    7.645694    6.556376    6.556376    6.526693    5.199197    5.199197    4.987460    4.722998    3.624749    3.364853
    8.346695    8.275529    7.937372    7.072828    6.279060    5.963936    5.131919    4.888504    4.848466    4.520428    3.921982    3.296993
    8.391104    8.178535    8.178535    7.556180    5.989584    5.397503    5.397503    4.586028    4.377178    4.367723    4.367723    3.443018
    8.339603    8.339603    7.569293    7.569293    6.128961    6.128961    4.807443    4.807443    4.501746    4.501746    3.913006    3.913006
    8.346695    8.275529    7.937372    7.072828    6.279060    5.963936    5.131919    4.888504    4.848466    4.520428    3.921982    3.296993
    8.305019    8.160528    8.160528    6.475696    6.393239    5.814232    5.814232    5.071819    4.985062    4.985062    3.376646    2.875060
    8.236361    8.236361    8.017437    6.458553    6.458553    5.822208    5.725463    5.302742    5.302742    5.140311    2.995875    2.702264
    8.192680    8.173158    7.890188    6.959462    6.476789    5.733469    5.503792    5.490480    5.220394    5.204225    3.163339    2.420336
    8.147474    8.138434    7.837284    7.169870    6.474967    5.761686    5.586696    5.552889    5.233177    4.891427    3.365419    2.286276
    8.192680    8.173158    7.890188    6.959462    6.476789    5.733469    5.503792    5.490480    5.220394    5.204225    3.163339    2.420336
    8.236361    8.236361    8.017437    6.458553    6.458553    5.822208    5.725463    5.302742    5.302742    5.140311    2.995875    2.702264
    8.305019    8.160528    8.160528    6.475696    6.393239    5.814232    5.814232    5.071819    4.985062    4.985062    3.376646    2.875060
    8.346695    8.275529    7.937372    7.072828    6.279060    5.963936    5.131919    4.888504    4.848466    4.520428    3.921982    3.296993
    8.210638    8.210638    7.143458    7.143458    6.592064    6.592064    5.161719    5.161719    4.210917    4.210917    4.171804    4.171804
    8.218195    8.218195    7.645694    6.556376    6.556376    6.526693    5.199197    5.199197    4.987460    4.722998    3.624749    3.364853
    8.236361    8.236361    8.017437    6.458553    6.458553    5.822208    5.725463    5.302742    5.302742    5.140311    2.995875    2.702264
    8.255926    8.255926    8.255926    6.321746    6.321746    6.321746    5.448367    5.448367    5.448367    5.072326    2.377962    2.377962
    8.376530    8.269697    8.269697    6.718032    6.180175    6.180175    5.637183    5.598232    5.598232    4.365243    2.482668    1.874596
    8.410425    8.274513    8.274513    6.859026    6.106269    6.106269    5.700789    5.675542    5.675542    3.994199    2.677228    1.665781
    8.376530    8.269697    8.269697    6.718032    6.180175    6.180175    5.637183    5.598232    5.598232    4.365243    2.482668    1.874596
    8.255926    8.255926    8.255926    6.321746    6.321746    6.321746    5.448367    5.448367    5.448367    5.072326    2.377962    2.377962
    8.236361    8.236361    8.017437    6.458553    6.458553    5.822208    5.725463    5.302742    5.302742    5.140311    2.995875    2.702264
    8.218195    8.218195    7.645694    6.556376    6.556376    6.526693    5.199197    5.199197    4.987460    4.722998    3.624749    3.364853
    7.965282    7.965282    7.055885    7.055885    6.740400    6.740400    5.384673    5.384673    4.542942    4.542942    3.981389    3.981389
    8.054475    8.014082    7.374831    7.112339    6.798334    6.008141    5.424196    5.404346    5.172019    4.678790    3.867309    3.189467
    8.192680    8.173158    7.890188    6.959462    6.476789    5.733469    5.503792    5.490480    5.220394    5.204225    3.163339    2.420336
    8.376530    8.269697    8.269697    6.718032    6.180175    6.180175    5.637183    5.598232    5.598232    4.365243    2.482668    1.874596
    8.501700    8.501700    8.329504    6.465692    6.465692    5.959238    5.821909    5.821909    5.686450    3.566207    2.021108    1.716901
    8.579706    8.545388    8.349524    6.563583    6.317460    5.946350    5.896160    5.856548    5.742873    3.114361    2.118481    1.579642
    8.501700    8.501700    8.329504    6.465692    6.465692    5.959238    5.821909    5.821909    5.686450    3.566207    2.021108    1.716901
    8.376530    8.269697    8.269697    6.718032    6.180175    6.180175    5.637183    5.598232    5.598232    4.365243    2.482668    1.874596
    8.192680    8.173158    7.890188    6.959462    6.476789    5.733469    5.503792    5.490480    5.220394    5.204225    3.163339    2.420336
    8.054475    8.014082    7.374831    7.112339    6.798334    6.008141    5.424196    5.404346    5.172019    4.678790    3.867309    3.189467
    7.739330    7.739330    7.359113    7.359113    6.550359    6.550359    5.459081    5.459081    4.722298    4.722298    3.907154    3.907154
    7.968044    7.779894    7.469088    7.254051    6.909691    5.753661    5.504887    5.471514    5.294910    4.634778    4.067285    3.096089
    8.147474    8.138434    7.837284    7.169870    6.474967    5.761686    5.586696    5.552889    5.233177    4.891427    3.365419    2.286276
    8.410425    8.274513    8.274513    6.859026    6.106269    6.106269    5.700789    5.675542    5.675542    3.994199    2.677228    1.665781
    8.579706    8.545388    8.349524    6.563583    6.317460    5.946350    5.896160    5.856548    5.742873    3.114361    2.118481    1.579642
    8.637118    8.637118    8.374230    6.388598    6.388598    6.037468    6.037468    5.767859    5.767859    2.531869    1.887527    1.887527
    8.579706    8.545388    8.349524    6.563583    6.317460    5.946350    5.896160    5.856548    5.742873    3.114361    2.118481    1.579642
    8.410425    8.274513    8.274513    6.859026    6.106269    6.106269    5.700789    5.675542    5.675542    3.994199    2.677228    1.665781
    8.147474    8.138434    7.837284    7.169870    6.474967    5.761686    5.586696    5.552889    5.233177    4.891427    3.365419    2.286276
    7.968044    7.779894    7.469088    7.254051    6.909691    5.753661    5.504887    5.471514    5.294910    4.634778    4.067285    3.096089
    7.965282    7.965282    7.055885    7.055885    6.740400    6.740400    5.384673    5.384673    4.542942    4.542942    3.981389    3.981389
    8.054475    8.014082    7.374831    7.112339    6.798334    6.008141    5.424196    5.404346    5.172019    4.678790    3.867309    3.189467
    8.192680    8.173158    7.890188    6.959462    6.476789    5.733469    5.503792    5.490480    5.220394    5.204225    3.163339    2.420336
    8.376530    8.269697    8.269697    6.718032    6.180175    6.180175    5.637183    5.598232    5.598232    4.365243    2.482668    1.874596
    8.501700    8.501700    8.329504    6.465692    6.465692    5.959238    5.821909    5.821909    5.686450    3.566207    2.021108    1.716901
    8.579706    8.545388    8.349524    6.563583    6.317460    5.946350    5.896160    5.856548    5.742873    3.114361    2.118481    1.579642
    8.501700    8.501700    8.329504    6.465692    6.465692    5.959238    5.821909    5.821909    5.686450    3.566207    2.021108    1.716901
    8.376530    8.269697    8.269697    6.718032    6.180175    6.180175    5.637183    5.598232    5.598232    4.365243    2.482668    1.874596
    8.192680    8.173158    7.890188    6.959462    6.476789    5.733469    5.503792    5.490480    5.220394    5.204225    3.163339    2.420336
    8.054475    8.014082    7.374831    7.112339    6.798334    6.008141    5.424196    5.404346    5.172019    4.678790    3.867309    3.189467
    8.210638    8.210638    7.143458    7.143458    6.592064    6.592064    5.161719    5.161719    4.210917    4.210917    4.171804    4.171804
    8.218195    8.218195    7.645694    6.556376    6.556376    6.526693    5.199197    5.199197    4.987460    4.722998    3.624749    3.364853
    8.236361    8.236361    8.017437    6.458553    6.458553    5.822208    5.725463    5.302742    5.302742    5.140311    2.995875    2.702264
    8.255926    8.255926    8.255926    6.321746    6.321746    6.321746    5.448367    5.448367    5.448367    5.072326    2.377962    2.377962
    8.376530    8.269697    8.269697    6.718032    6.180175    6.180175    5.637183    5.598232    5.598232    4.365243    2.482668    1.874596
    8.410425    8.274513    8.274513    6.859026    6.106269    6.106269    5.700789    5.675542    5.675542    3.994199    2.677228    1.665781
    8.376530    8.269697    8.269697    6.718032    6.180175    6.180175    5.637183    5.598232    5.598232    4.365243    2.482668    1.874596
    8.255926    8.255926    8.255926    6.321746    6.321746    6.321746    5.448367    5.448367    5.448367    5.072326    2.377962    2.377962
    8.236361    8.236361    8.017437    6.458553    6.458553    5.822208    5.725463    5.302742    5.302742    5.140311    2.995875    2.702264
    8.218195    8.218195    7.645694    6.556376    6.556376    6.526693    5.199197    5.199197    4.987460    4.722998    3.624749    3.364853
    8.339603    8.339603    7.569293    7.569293    6.128961    6.128961    4.807443    4.807443    4.501746    4.501746    3.913006    3.913006
    8.346695    8.275529    7.937372    7.072828    6.279060    5.963936    5.131919    4.888504    4.848466    4.520428    3.921982    3.296993
    8.305019    8.160528    8.160528    6.475696    6.393239    5.814232    5.814232    5.071819    4.985062    4.985062    3.376646    2.875060
    8.236361    8.236361    8.017437    6.458553    6.458553    5.822208    5.725463    5.302742    5.302742    5.140311    2.995875    2.702264
    8.192680    8.173158    7.890188    6.959462    6.476789    5.733469    5.503792    5.490480    5.220394    5.204225    3.163339    2.420336
    8.147474    8.138434    7.837284    7.169870    6.474967    5.761686    5.586696    5.552889    5.233177    4.891427    3.365419    2.286276
    8.192680    8.173158    7.890188    6.959462    6.476789    5.733469    5.503792    5.490480    5.220394    5.204225    3.163339    2.420336
    8.236361    8.236361    8.017437    6.458553    6.458553    5.822208    5.725463    5.302742    5.302742    5.140311    2.995875    2.702264
    8.305019    8.160528    8.160528    6.475696    6.393239    5.814232    5.814232    5.071819    4.985062    4.985062    3.376646    2.875060
    8.346695    8.275529    7.937372    7.072828    6.279060    5.963936    5.131919    4.888504    4.848466    4.520428    3.921982    3.296993
    8.334814    8.334814    7.933472    7.933472    5.692030    5.692030    4.872586    4.872586    4.390112    4.390112    3.847332    3.847332
    8.391104    8.178535    8.178535    7.556180    5.989584    5.397503    5.397503    4.586028    4.377178    4.367723    4.367723    3.443018
    8.346695    8.275529    7.937372    7.072828    6.279060    5.963936    5.131919    4.888504    4.848466    4.520428    3.921982    3.296993
    8.218195    8.218195    7.645694    6.556376    6.556376    6.526693    5.199197    5.199197    4.987460    4.722998    3.624749    3.364853
    8.054475    8.014082    7.374831    7.112339    6.798334    6.008141    5.424196    5.404346    5.172019    4.678790    3.867309    3.189467
    7.968044    7.779894    7.469088    7.254051    6.909691    5.753661    5.504887    5.471514    5.294910    4.634778    4.067285    3.096089
    8.054475    8.014082    7.374831    7.112339    6.798334    6.008141    5.424196    5.404346    5.172019    4.678790    3.867309    3.189467
    8.218195    8.218195    7.645694    6.556376    6.556376    6.526693    5.199197    5.199197    4.987460    4.722998    3.624749    3.364853
    8.346695    8.275529    7.937372    7.072828    6.279060    5.963936    5.131919    4.888504    4.848466    4.520428    3.921982    3.296993
    8.391104    8.178535    8.178535    7.556180    5.989584    5.397503    5.397503    4.586028    4.377178    4.367723    4.367723    3.443018
    7.785451    7.785451    7.785451    7.785451    5.878918    5.878918    5.878918    5.878918    4.027604    4.027604    4.027604    4.027604
    7.957807    7.957807    7.508460    7.508460    6.324526    6.324526    5.405882    5.405882    4.439803    4.439803    3.788420    3.788420
    8.016755    8.016755    7.147350    7.147350    6.719469    6.719469    4.943250    4.943250    4.926288    4.926288    3.781585    3.781585
    7.965282    7.965282    7.055885    7.055885    6.740400    6.740400    5.384673    5.384673    4.542942    4.542942    3.981389    3.981389
    7.820942    7.820942    7.340817    7.340817    6.367178    6.367178    5.717361    5.717361    4.276300    4.276300    4.253923    4.253923
    7.656016    7.656016    7.544896    7.544896    6.196276    6.196276    5.840357    5.840357    4.412806    4.412806    4.165068    4.165068
    7.820942    7.820942    7.340817    7.340817    6.367178    6.367178    5.717361    5.717361    4.276300    4.276300    4.253923    4.253923
    7.965282    7.965282    7.055885    7.055885    6.740400    6.740400    5.384673    5.384673    4.542942    4.542942    3.981389    3.981389
    8.016755    8.016755    7.147350    7.147350    6.719469    6.719469    4.943250    4.943250    4.926288    4.926288    3.781585    3.781585
    7.957807    7.957807    7.508460    7.508460    6.324526    6.324526    5.405882    5.405882    4.439803    4.439803    3.788420    3.788420
    7.957807    7.957807    7.508460    7.508460    6.324526    6.324526    5.405882    5.405882    4.439803    4.439803    3.788420    3.788420
    8.025249    7.817647    7.817647    7.085133    6.687404    5.918848    5.918848    4.865819    4.672110    4.372068    4.372068    3.321811
    8.032019    7.999567    7.613425    6.963937    6.571683    6.386372    5.516887    5.019262    4.949444    4.470524    4.333845    3.103051
    8.054475    8.014082    7.374831    7.112339    6.798334    6.008141    5.424196    5.404346    5.172019    4.678790    3.867309    3.189467
    8.009016    8.009016    7.162598    7.127469    7.127469    5.729939    5.729939    5.478848    4.967157    4.864638    3.589772    3.429239
    8.012320    7.958761    7.273682    7.103592    7.072124    5.866756    5.834369    5.217047    5.014813    4.828943    3.711363    3.380684
    8.009016    8.009016    7.162598    7.127469    7.127469    5.729939    5.729939    5.478848    4.967157    4.864638    3.589772    3.429239
    8.054475    8.014082    7.374831    7.112339    6.798334    6.008141    5.424196    5.404346    5.172019    4.678790    3.867309    3.189467
    8.032019    7.999567    7.613425    6.963937    6.571683    6.386372    5.516887    5.019262    4.949444    4.470524    4.333845    3.103051
    8.025249    7.817647    7.817647    7.085133    6.687404    5.918848    5.918848    4.865819    4.672110    4.372068    4.372068    3.321811
    8.016755    8.016755    7.147350    7.147350    6.719469    6.719469    4.943250    4.943250    4.926288    4.926288    3.781585    3.781585
    8.032019    7.999567    7.613425    6.963937    6.571683    6.386372    5.516887    5.019262    4.949444    4.470524    4.333845    3.103051
    8.090799    7.955782    7.955782    7.046277    6.036784    6.036784    5.910977    5.219603    5.065064    5.065064    3.719963    2.590587
    8.192680    8.173158    7.890188    6.959462    6.476789    5.733469    5.503792    5.490480    5.220394    5.204225    3.163339    2.420336
    8.281643    8.281643    7.828034    6.785035    6.785035    5.765855    5.765855    5.540812    5.338770    4.533128    2.826713    2.545537
    8.315508    8.311768    7.801968    6.898083    6.677696    5.905816    5.852369    5.500351    5.358055    4.177154    2.933963    2.500659
    8.281643    8.281643    7.828034    6.785035    6.785035    5.765855    5.765855    5.540812    5.338770    4.533128    2.826713    2.545537
    8.192680    8.173158    7.890188    6.959462    6.476789    5.733469    5.503792    5.490480    5.220394    5.204225    3.163339    2.420336
    8.090799    7.955782    7.955782    7.046277    6.036784    6.036784    5.910977    5.219603    5.065064    5.065064    3.719963    2.590587
    8.032019    7.999567    7.613425    6.963937    6.571683    6.386372    5.516887    5.019262    4.949444    4.470524    4.333845    3.103051
    7.965282    7.965282    7.055885    7.055885    6.740400    6.740400    5.384673    5.384673    4.542942    4.542942    3.981389    3.981389
    8.054475    8.014082    7.374831    7.112339    6.798334    6.008141    5.424196    5.404346    5.172019    4.678790    3.867309    3.189467
    8.192680    8.173158    7.890188    6.959462    6.476789    5.733469    5.503792    5.490480    5.220394    5.204225    3.163339    2.420336
    8.376530    8.269697    8.269697    6.718032    6.180175    6.180175    5.637183    5.598232    5.598232    4.365243    2.482668    1.874596
    8.501700    8.501700    8.329504    6.465692    6.465692    5.959238    5.821909    5.821909    5.686450    3.566207    2.021108    1.716901
    8.579706    8.545388    8.349524    6.563583    6.317460    5.946350    5.896160    5.856548    5.742873    3.114361    2.118481    1.579642
    8.501700    8.501700    8.329504    6.465692    6.465692    5.959238    5.821909    5.821909    5.686450    3.566207    2.021108    1.716901
    8.376530    8.269697    8.269697    6.718032    6.180175    6.180175    5.637183    5.598232    5.598232    4.365243    2.482668    1.874596
    8.192680    8.173158    7.890188    6.959462    6.476789    5.733469    5.503792    5.490480    5.220394    5.204225    3.163339    2.420336
    8.054475    8.014082    7.374831    7.112339    6.798334    6.008141    5.424196    5.404346    5.172019    4.678790    3.867309    3.189467
    7.820942    7.820942    7.340817    7.340817    6.367178    6.367178    5.717361    5.717361    4.276300    4.276300    4.253923    4.253923
    8.009016    8.009016    7.162598    7.127469    7.127469    5.729939    5.729939    5.478848    4.967157    4.864638    3.589772    3.429239
    8.281643    8.281643    7.828034    6.785035    6.785035    5.765855    5.765855    5.540812    5.338770    4.533128    2.826713    2.545537
    8.501700    8.501700    8.329504    6.465692    6.465692    5.959238    5.821909    5.821909    5.686450    3.566207    2.021108    1.716901
    8.640940    8.640940    8.640940    6.213508    6.213508    6.213508    5.898745    5.898745    5.898745    2.640649    1.251795    1.251795
    8.746501    8.688413    8.688413    6.298788    6.074093    6.074093    5.976620    5.976620    5.970137    2.070004    1.353488    0.835075
    8.640940    8.640940    8.640940    6.213508    6.213508    6.213508    5.898745    5.898745    5.898745    2.640649    1.251795    1.251795
    8.501700    8.501700    8.329504    6.465692    6.465692    5.959238    5.821909    5.821909    5.686450    3.566207    2.021108    1.716901
    8.281643    8.281643    7.828034    6.785035    6.785035    5.765855    5.765855    5.540812    5.338770    4.533128    2.826713    2.545537
    8.009016    8.009016    7.162598    7.127469    7.127469    5.729939    5.729939    5.478848    4.967157    4.864638    3.589772    3.429239
    7.656016    7.656016    7.544896    7.544896    6.196276    6.196276    5.840357    5.840357    4.412806    4.412806    4.165068    4.165068
    8.012320    7.958761    7.273682    7.103592    7.072124    5.866756    5.834369    5.217047    5.014813    4.828943    3.711363    3.380684
    8.315508    8.311768    7.801968    6.898083    6.677696    5.905816    5.852369    5.500351    5.358055    4.177154    2.933963    2.500659
    8.579706    8.545388    8.349524    6.563583    6.317460    5.946350    5.896160    5.856548    5.742873    3.114361    2.118481    1.579642
    8.746501    8.688413    8.688413    6.298788    6.074093    6.074093    5.976620    5.976620    5.970137    2.070004    1.353488    0.835075
    8.803074    8.803074    8.736912    6.147256    6.147256    6.055028    6.055028    5.987799    5.987799    1.271084    0.956368    0.956368
    8.746501    8.688413    8.688413    6.298788    6.074093    6.074093    5.976620    5.976620    5.970137    2.070004    1.353488    0.835075
    8.579706    8.545388    8.349524    6.563583    6.317460    5.946350    5.896160    5.856548    5.742873    3.114361    2.118481    1.579642
    8.315508    8.311768    7.801968    6.898083    6.677696    5.905816    5.852369    5.500351    5.358055    4.177154    2.933963    2.500659
    8.012320    7.958761    7.273682    7.103592    7.072124    5.866756    5.834369    5.217047    5.014813    4.828943    3.711363    3.380684
    7.820942    7.820942    7.340817    7.340817    6.367178    6.367178    5.717361    5.717361    4.276300    4.276300    4.253923    4.253923
    8.009016    8.009016    7.162598    7.127469    7.127469    5.729939    5.729939    5.478848    4.967157    4.864638    3.589772    3.429239
    8.281643    8.281643    7.828034    6.785035    6.785035    5.765855    5.765855    5.540812    5.338770    4.533128    2.826713    2.545537
    8.501700    8.501700    8.329504    6.465692    6.465692    5.959238    5.821909    5.821909    5.686450    3.566207    2.021108    1.716901
    8.640940    8.640940    8.640940    6.213508    6.213508    6.213508    5.898745    5.898745    5.898745    2.640649    1.251795    1.251795
    8.746501    8.688413    8.688413    6.298788    6.074093    6.074093    5.976620    5.976620    5.970137    2.070004    1.353488    0.835075
    8.640940    8.640940    8.640940    6.213508    6.213508    6.213508    5.898745    5.898745    5.898745    2.640649    1.251795    1.251795
    8.501700    8.501700    8.329504    6.465692    6.465692    5.959238    5.821909    5.821909    5.686450    3.566207    2.021108    1.716901
    8.281643    8.281643    7.828034    6.785035    6.785035    5.765855    5.765855    5.540812    5.338770    4.533128    2.826713    2.545537
    8.009016    8.009016    7.162598    7.127469    7.127469    5.729939    5.729939    5.478848    4.967157    4.864638    3.589772    3.429239
    7.965282    7.965282    7.055885    7.055885    6.740400    6.740400    5.384673    5.384673    4.542942    4.542942    3.981389    3.981389
    8.054475    8.014082    7.374831    7.112339    6.798334    6.008141    5.424196    5.404346    5.172019    4.678790    3.867309    3.189467
    8.192680    8.173158    7.890188    6.959462    6.476789    5.733469    5.503792    5.490480    5.220394    5.204225    3.163339    2.420336
    8.376530    8.269697    8.269697    6.718032    6.180175    6.180175    5.637183    5.598232    5.598232    4.365243    2.482668    1.874596
    8.501700    8.501700    8.329504    6.465692    6.465692    5.959238    5.821909    5.821909    5.686450    3.566207    2.021108    1.716901
    8.579706    8.545388    8.349524    6.563583    6.317460    5.946350    5.896160    5.856548    5.742873    3.114361    2.118481    1.579642
    8.501700    8.501700    8.329504    6.465692    6.465692    5.959238    5.821909    5.821909    5.686450    3.566207    2.021108    1.716901
    8.376530    8.269697    8.269697    6.718032    6.180175    6.180175    5.637183    5.598232    5.598232    4.365243    2.482668    1.874596
    8.192680    8.173158    7.890188    6.959462    6.476789    5.733469    5.503792    5.490480    5.220394    5.204225    3.163339    2.420336
    8.054475    8.014082    7.374831    7.112339    6.798334    6.008141    5.424196    5.404346    5.172019    4.678790    3.867309    3.189467
    8.016755    8.016755    7.147350    7.147350    6.719469    6.719469    4.943250    4.943250    4.926288    4.926288    3.781585    3.781585
    8.032019    7.999567    7.613425    6.963937    6.571683    6.386372    5.516887    5.019262    4.949444    4.470524    4.333845    3.103051
    8.090799    7.955782    7.955782    7.046277    6.036784    6.036784    5.910977    5.219603    5.065064    5.065064    3.719963    2.590587
    8.192680    8.173158    7.890188    6.959462    6.476789    5.733469    5.503792    5.490480    5.220394    5.204225    3.163339    2.420336
    8.281643    8.281643    7.828034    6.785035    6.785035    5.765855    5.765855    5.540812    5.338770    4.533128    2.826713    2.545537
    8.315508    8.311768    7.801968    6.898083    6.677696    5.905816    5.852369    5.500351    5.358055    4.177154    2.933963    2.500659
    8.281643    8.281643    7.828034    6.785035    6.785035    5.765855    5.765855    5.540812    5.338770    4.533128    2.826713    2.545537
    8.192680    8.173158    7.890188    6.959462    6.476789    5.733469    5.503792    5.490480    5.220394    5.204225    3.163339    2.420336
    8.090799    7.955782    7.955782    7.046277    6.036784    6.036784    5.910977    5.219603    5.065064    5.065064    3.719963    2.590587
    8.032019    7.999567    7.613425    6.963937    6.571683    6.386372    5.516887    5.019262    4.949444    4.470524    4.333845    3.103051
    7.957807    7.957807    7.508460    7.508460    6.324526    6.324526    5.405882    5.405882    4.439803    4.439803    3.788420    3.788420
    8.025249    7.817647    7.817647    7.085133    6.687404    5.918848    5.918848    4.865819    4.672110    4.372068    4.372068    3.321811
    8.032019    7.999567    7.613425    6.963937    6.571683    6.386372    5.516887    5.019262    4.949444    4.470524    4.333845    3.103051
    8.054475    8.014082    7.374831    7.112339    6.798334    6.008141    5.424196    5.404346    5.172019    4.678790    3.867309    3.189467
    8.009016    8.009016    7.162598    7.127469    7.127469    5.729939    5.729939    5.478848    4.967157    4.864638    3.589772    3.429239
    8.012320    7.958761    7.273682    7.103592    7.072124    5.866756    5.834369    5.217047    5.014813    4.828943    3.711363    3.380684
    8.009016    8.009016    7.162598    7.127469    7.127469    5.729939    5.729939    5.478848    4.967157    4.864638    3.589772    3.429239
    8.054475    8.014082    7.374831    7.112339    6.798334    6.008141    5.424196    5.404346    5.172019    4.678790    3.867309    3.189467
    8.032019    7.999567    7.613425    6.963937    6.571683    6.386372    5.516887    5.019262    4.949444    4.470524    4.333845    3.103051
    8.025249    7.817647    7.817647    7.085133    6.687404    5.918848    5.918848    4.865819    4.672110    4.372068    4.372068    3.321811
    7.545873    7.545873    7.545873    7.545873    6.189076    6.189076    6.189076    6.189076    4.027158    4.027158    4.027158    4.027158
    7.711044    7.711044    7.281830    7.281830    6.661564    6.661564    5.675440    5.675440    4.456533    4.456533    3.767945    3.767945
    7.771701    7.771701    7.059441    7.059441    6.937755    6.937755    5.166529    5.166529    4.965036    4.965036    3.735520    3.735520
    7.739330    7.739330    7.359113    7.359113    6.550359    6.550359    5.459081    5.459081    4.722298    4.722298    3.907154    3.907154
    7.656016    7.656016    7.544896    7.544896    6.196276    6.196276    5.840357    5.840357    4.412806    4.412806    4.165068    4.165068
    7.607802    7.607802    7.607802    7.607802    6.035044    6.035044    5.991253    5.991253    4.300860    4.300860    4.300860    4.300860
    7.656016    7.656016    7.544896    7.544896    6.196276    6.196276    5.840357    5.840357    4.412806    4.412806    4.165068    4.165068
    7.739330    7.739330    7.359113    7.359113    6.550359    6.550359    5.459081    5.459081    4.722298    4.722298    3.907154    3.907154
    7.771701    7.771701    7.059441    7.059441    6.937755    6.937755    5.166529    5.166529    4.965036    4.965036    3.735520    3.735520
    7.711044    7.711044    7.281830    7.281830    6.661564    6.661564    5.675440    5.675440    4.456533    4.456533    3.767945    3.767945
    7.711044    7.711044    7.281830    7.281830    6.661564    6.661564    5.675440    5.675440    4.456533    4.456533    3.767945    3.767945
    7.716356    7.618910    7.618910    7.111139    6.842644    6.177122    6.177122    5.122964    4.701393    4.372834    4.372834    3.278896
    7.845546    7.631611    7.491982    7.455813    6.595950    6.321403    5.702871    5.062952    4.981237    4.565483    4.450100    3.032452
    7.968044    7.779894    7.469088    7.254051    6.909691    5.753661    5.504887    5.471514    5.294910    4.634778    4.067285    3.096089
    8.012320    7.958761    7.273682    7.103592    7.072124    5.866756    5.834369    5.217047    5.014813    4.828943    3.711363    3.380684
    8.019380    8.019380    7.169153    7.169153    6.994846    5.998018    5.998018    4.945166    4.914473    4.914473    3.580341    3.580341
    8.012320    7.958761    7.273682    7.103592    7.072124    5.866756    5.834369    5.217047    5.014813    4.828943    3.711363    3.380684
    7.968044    7.779894    7.469088    7.254051    6.909691    5.753661    5.504887    5.471514    5.294910    4.634778    4.067285    3.096089
    7.845546    7.631611    7.491982    7.455813    6.595950    6.321403    5.702871    5.062952    4.981237    4.565483    4.450100    3.032452
    7.716356    7.618910    7.618910    7.111139    6.842644    6.177122    6.177122    5.122964    4.701393    4.372834    4.372834    3.278896
    7.771701    7.771701    7.059441    7.059441    6.937755    6.937755    5.166529    5.166529    4.965036    4.965036    3.735520    3.735520
    7.845546    7.631611    7.491982    7.455813    6.595950    6.321403    5.702871    5.062952    4.981237    4.565483    4.450100    3.032452
    7.861251    7.861251    7.859766    7.426768    6.145620    6.145620    5.628436    5.269560    5.087075    5.087075    3.942872    2.484787
    8.147474    8.138434    7.837284    7.169870    6.474967    5.761686    5.586696    5.552889    5.233177    4.891427    3.365419    2.286276
    8.315508    8.311768    7.801968    6.898083    6.677696    5.905816    5.852369    5.500351    5.358055    4.177154    2.933963    2.500659
    8.370542    8.370542    7.785545    6.746117    6.746117    6.015693    6.015693    5.407246    5.407246    3.765506    2.769476    2.769476
    8.315508    8.311768    7.801968    6.898083    6.677696    5.905816    5.852369    5.500351    5.358055    4.177154    2.933963    2.500659
    8.147474    8.138434    7.837284    7.169870    6.474967    5.761686    5.586696    5.552889    5.233177    4.891427    3.365419    2.286276
    7.861251    7.861251    7.859766    7.426768    6.145620    6.145620    5.628436    5.269560    5.087075    5.087075    3.942872    2.484787
    7.845546    7.631611    7.491982    7.455813    6.595950    6.321403    5.702871    5.062952    4.981237    4.565483    4.450100    3.032452
    7.739330    7.739330    7.359113    7.359113    6.550359    6.550359    5.459081    5.459081    4.722298    4.722298    3.907154    3.907154
    7.968044    7.779894    7.469088    7.254051    6.909691    5.753661    5.504887    5.471514    5.294910    4.634778    4.067285    3.096089
    8.147474    8.138434    7.837284    7.169870    6.474967    5.761686    5.586696    5.552889    5.233177    4.891427    3.365419    2.286276
    8.410425    8.274513    8.274513    6.859026    6.106269    6.106269    5.700789    5.675542    5.675542    3.994199    2.677228    1.665781
    8.579706    8.545388    8.349524    6.563583    6.317460    5.946350    5.896160    5.856548    5.742873    3.114361    2.118481    1.579642
    8.637118    8.637118    8.374230    6.388598    6.388598    6.037468    6.037468    5.767859    5.767859    2.531869    1.887527    1.887527
    8.579706    8.545388    8.349524    6.563583    6.317460    5.946350    5.896160    5.856548    5.742873    3.114361    2.118481    1.579642
    8.410425    8.274513    8.274513    6.859026    6.106269    6.106269    5.700789    5.675542    5.675542    3.994199    2.677228    1.665781
    8.147474    8.138434    7.837284    7.169870    6.474967    5.761686    5.586696    5.552889    5.233177    4.891427    3.365419    2.286276
    7.968044    7.779894    7.469088    7.254051    6.909691    5.753661    5.504887    5.471514    5.294910    4.634778    4.067285    3.096089
    7.656016    7.656016    7.544896    7.544896    6.196276    6.196276    5.840357    5.840357    4.412806    4.412806    4.165068    4.165068
    8.012320    7.958761    7.273682    7.103592    7.072124    5.866756    5.834369    5.217047    5.014813    4.828943    3.711363    3.380684
    8.315508    8.311768    7.801968    6.898083    6.677696    5.905816    5.852369    5.500351    5.358055    4.177154    2.933963    2.500659
    8.579706    8.545388    8.349524    6.563583    6.317460    5.946350    5.896160    5.856548    5.742873    3.114361    2.118481    1.579642
    8.746501    8.688413    8.688413    6.298788    6.074093    6.074093    5.976620    5.976620    5.970137    2.070004    1.353488    0.835075
    8.803074    8.803074    8.736912    6.147256    6.147256    6.055028    6.055028    5.987799    5.987799    1.271084    0.956368    0.956368
    8.746501    8.688413    8.688413    6.298788    6.074093    6.074093    5.976620    5.976620    5.970137    2.070004    1.353488    0.835075
    8.579706    8.545388    8.349524    6.563583    6.317460    5.946350    5.896160    5.856548    5.742873    3.114361    2.118481    1.579642
    8.315508    8.311768    7.801968    6.898083    6.677696    5.905816    5.852369    5.500351    5.358055    4.177154    2.933963    2.500659
    8.012320    7.958761    7.273682    7.103592    7.072124    5.866756    5.834369    5.217047    5.014813    4.828943    3.711363    3.380684
    7.607802    7.607802    7.607802    7.607802    6.035044    6.035044    5.991253    5.991253    4.300860    4.300860    4.300860    4.300860
    8.019380    8.019380    7.169153    7.169153    6.994846    5.998018    5.998018    4.945166    4.914473    4.914473    3.580341    3.580341
    8.370542    8.370542    7.785545    6.746117    6.746117    6.015693    6.015693    5.407246    5.407246    3.765506    2.769476    2.769476
    8.637118    8.637118    8.374230    6.388598    6.388598    6.037468    6.037468    5.767859    5.767859    2.531869    1.887527    1.887527
    8.803074    8.803074    8.736912    6.147256    6.147256    6.055028    6.055028    5.987799    5.987799    1.271084    0.956368    0.956368
    8.859363    8.859363    8.859363    6.061722    6.061722    6.061722    6.061722    6.061722    6.061722    0.000000    0.000000    0.000000
    7.656016    7.656016    7.544896    7.544896    6.196276    6.196276    5.840357    5.840357    4.412806    4.412806    4.165068    4.165068
    7.739330    7.739330    7.359113    7.359113    6.550359    6.550359    5.459081    5.459081    4.722298    4.722298    3.907154    3.907154
    7.771701    7.771701    7.059441    7.059441    6.937755    6.937755    5.166529    5.166529    4.965036    4.965036    3.735520    3.735520
    7.711044    7.711044    7.281830    7.281830    6.661564    6.661564    5.675440    5.675440    4.456533    4.456533    3.767945    3.767945
    7.785451    7.785451    7.785451    7.785451    5.878918    5.878918    5.878918    5.878918    4.027604    4.027604    4.027604    4.027604
    7.957807    7.957807    7.508460    7.508460    6.324526    6.324526    5.405882    5.405882    4.439803    4.439803    3.788420    3.788420
    8.016755    8.016755    7.147350    7.147350    6.719469    6.719469    4.943250    4.943250    4.926288    4.926288    3.781585    3.781585
    7.965282    7.965282    7.055885    7.055885    6.740400    6.740400    5.384673    5.384673    4.542942    4.542942    3.981389    3.981389
    7.820942    7.820942    7.340817    7.340817    6.367178    6.367178    5.717361    5.717361    4.276300    4.276300    4.253923    4.253923
    7.656016    7.656016    7.544896    7.544896    6.196276    6.196276    5.840357    5.840357    4.412806    4.412806    4.165068    4.165068
    7.820942    7.820942    7.340817    7.340817    6.367178    6.367178    5.717361    5.717361    4.276300    4.276300    4.253923    4.253923
    7.965282    7.965282    7.055885    7.055885    6.740400    6.740400    5.384673    5.384673    4.542942    4.542942    3.981389    3.981389
    8.016755    8.016755    7.147350    7.147350    6.719469    6.719469    4.943250    4.943250    4.926288    4.926288    3.781585    3.781585
    7.957807    7.957807    7.508460    7.508460    6.324526    6.324526    5.405882    5.405882    4.439803    4.439803    3.788420    3.788420
    7.957807    7.957807    7.508460    7.508460    6.324526    6.324526    5.405882    5.405882    4.439803    4.439803    3.788420    3.788420
    8.016755    8.016755    7.147350    7.147350    6.719469    6.719469    4.943250    4.943250    4.926288    4.926288    3.781585    3.781585
    7.965282    7.965282    7.055885    7.055885    6.740400    6.740400    5.384673    5.384673    4.542942    4.542942    3.981389    3.981389
    7.820942    7.820942    7.340817    7.340817    6.367178    6.367178    5.717361    5.717361    4.276300    4.276300    4.253923    4.253923
    7.656016    7.656016    7.544896    7.544896    6.196276    6.196276    5.840357    5.840357    4.412806    4.412806    4.165068    4.165068
    7.820942    7.820942    7.340817    7.340817    6.367178    6.367178    5.717361    5.717361    4.276300    4.276300    4.253923    4.253923
    7.965282    7.965282    7.055885    7.055885    6.740400    6.740400    5.384673    5.384673    4.542942    4.542942    3.981389    3.981389
    8.016755    8.016755    7.147350    7.147350    6.719469    6.719469    4.943250    4.943250    4.926288    4.926288    3.781585    3.781585
    7.957807    7.957807    7.508460    7.508460    6.324526    6.324526    5.405882    5.405882    4.439803    4.439803    3.788420    3.788420
    8.195942    8.195942    8.195942    8.195942    5.274313    5.274313    5.274313    5.274313    4.028771    4.028771    4.028771    4.028771
    8.334814    8.334814    7.933472    7.933472    5.692030    5.692030    4.872586    4.872586    4.390112    4.390112    3.847332    3.847332
    8.339603    8.339603    7.569293    7.569293    6.128961    6.128961    4.807443    4.807443    4.501746    4.501746    3.913006    3.913006
    8.210638    8.210638    7.143458    7.143458    6.592064    6.592064    5.161719    5.161719    4.210917    4.210917    4.171804    4.171804
    7.965282    7.965282    7.055885    7.055885    6.740400    6.740400    5.384673    5.384673    4.542942    4.542942    3.981389    3.981389
    7.739330    7.739330    7.359113    7.359113    6.550359    6.550359    5.459081    5.459081    4.722298    4.722298    3.907154    3.907154
    7.965282    7.965282    7.055885    7.055885    6.740400    6.740400    5.384673    5.384673    4.542942    4.542942    3.981389    3.981389
    8.210638    8.210638    7.143458    7.143458    6.592064    6.592064    5.161719    5.161719    4.210917    4.210917    4.171804    4.171804
    8.339603    8.339603    7.569293    7.569293    6.128961    6.128961    4.807443    4.807443    4.501746    4.501746    3.913006    3.913006
    8.334814    8.334814    7.933472    7.933472    5.692030    5.692030    4.872586    4.872586    4.390112    4.390112    3.847332    3.847332
    8.334814    8.334814    7.933472    7.933472    5.692030    5.692030    4.872586    4.872586    4.390112    4.390112    3.847332    3.847332
    8.339603    8.339603    7.569293    7.569293    6.128961    6.128961    4.807443    4.807443    4.501746    4.501746    3.913006    3.913006
    8.210638    8.210638    7.143458    7.143458    6.592064    6.592064    5.161719    5.161719    4.210917    4.210917    4.171804    4.171804
    7.965282    7.965282    7.055885    7.055885    6.740400    6.740400    5.384673    5.384673    4.542942    4.542942    3.981389    3.981389
    7.739330    7.739330    7.359113    7.359113    6.550359    6.550359    5.459081    5.459081    4.722298    4.722298    3.907154    3.907154
    7.965282    7.965282    7.055885    7.055885    6.740400    6.740400    5.384673    5.384673    4.542942    4.542942    3.981389    3.981389
    8.210638    8.210638    7.143458    7.143458    6.592064    6.592064    5.161719    5.161719    4.210917    4.210917    4.171804    4.171804
    8.339603    8.339603    7.569293    7.569293    6.128961    6.128961    4.807443    4.807443    4.501746    4.501746    3.913006    3.913006
    8.334814    8.334814    7.933472    7.933472    5.692030    5.692030    4.872586    4.872586    4.390112    4.390112    3.847332    3.847332
    8.545271    8.545271    8.545271    8.545271    4.663031    4.663031    4.663031    4.663031    4.030213    4.030213    4.030213    4.030213
    8.621816    8.621816    8.328755    8.328755    5.034285    5.034285    4.365744    4.365744    4.307781    4.307781    3.938176    3.938176
    8.551479    8.551479    7.991033    7.991033    5.531101    5.531101    4.599828    4.599828    4.127841    4.127841    4.100164    4.100164
    8.339603    8.339603    7.569293    7.569293    6.128961    6.128961    4.807443    4.807443    4.501746    4.501746    3.913006    3.913006
    8.016755    8.016755    7.147350    7.147350    6.719469    6.719469    4.943250    4.943250    4.926288    4.926288    3.781585    3.781585
    7.771701    7.771701    7.059441    7.059441    6.937755    6.937755    5.166529    5.166529    4.965036    4.965036    3.735520    3.735520
    8.016755    8.016755    7.147350    7.147350    6.719469    6.719469    4.943250    4.943250    4.926288    4.926288    3.781585    3.781585
    8.339603    8.339603    7.569293    7.569293    6.128961    6.128961    4.807443    4.807443    4.501746    4.501746    3.913006    3.913006
    8.551479    8.551479    7.991033    7.991033    5.531101    5.531101    4.599828    4.599828    4.127841    4.127841    4.100164    4.100164
    8.621816    8.621816    8.328755    8.328755    5.034285    5.034285    4.365744    4.365744    4.307781    4.307781    3.938176    3.938176
    8.621816    8.621816    8.328755    8.328755    5.034285    5.034285    4.365744    4.365744    4.307781    4.307781    3.938176    3.938176
    8.551479    8.551479    7.991033    7.991033    5.531101    5.531101    4.599828    4.599828    4.127841    4.127841    4.100164    4.100164
    8.339603    8.339603    7.569293    7.569293    6.128961    6.128961    4.807443    4.807443    4.501746    4.501746    3.913006    3.913006
    8.016755    8.016755    7.147350    7.147350    6.719469    6.719469    4.943250    4.943250    4.926288    4.926288    3.781585    3.781585
    7.771701    7.771701    7.059441    7.059441    6.937755    6.937755    5.166529    5.166529    4.965036    4.965036    3.735520    3.735520
    8.016755    8.016755    7.147350    7.147350    6.719469    6.719469    4.943250    4.943250    4.926288    4.926288    3.781585    3.781585
    8.339603    8.339603    7.569293    7.569293    6.128961    6.128961    4.807443    4.807443    4.501746    4.501746    3.913006    3.913006
    8.551479    8.551479    7.991033    7.991033    5.531101    5.531101    4.599828    4.599828    4.127841    4.127841    4.100164    4.100164
    8.621816    8.621816    8.328755    8.328755    5.034285    5.034285    4.365744    4.365744    4.307781    4.307781    3.938176    3.938176
    8.769504    8.769504    8.769504    8.769504    4.204550    4.204550    4.204550    4.204550    4.031379    4.031379    4.031379    4.031379
    8.771172    8.771172    8.617685    8.617685    4.495982    4.495982    4.185636    4.185636    4.058706    4.058706    4.050187    4.050187
    8.621816    8.621816    8.328755    8.328755    5.034285    5.034285    4.365744    4.365744    4.307781    4.307781    3.938176    3.938176
    8.334814    8.334814    7.933472    7.933472    5.692030    5.692030    4.872586    4.872586    4.390112    4.390112    3.847332    3.847332
    7.957807    7.957807    7.508460    7.508460    6.324526    6.324526    5.405882    5.405882    4.439803    4.439803    3.788420    3.788420
    7.711044    7.711044    7.281830    7.281830    6.661564    6.661564    5.675440    5.675440    4.456533    4.456533    3.767945    3.767945
    7.957807    7.957807    7.508460    7.508460    6.324526    6.324526    5.405882    5.405882    4.439803    4.439803    3.788420    3.788420
    8.334814    8.334814    7.933472    7.933472    5.692030    5.692030    4.872586    4.872586    4.390112    4.390112    3.847332    3.847332
    8.621816    8.621816    8.328755    8.328755    5.034285    5.034285    4.365744    4.365744    4.307781    4.307781    3.938176    3.938176
    8.771172    8.771172    8.617685    8.617685    4.495982    4.495982    4.185636    4.185636    4.058706    4.058706    4.050187    4.050187
    8.771172    8.771172    8.617685    8.617685    4.495982    4.495982    4.185636    4.185636    4.058706    4.058706    4.050187    4.050187
    8.621816    8.621816    8.328755    8.328755    5.034285    5.034285    4.365744    4.365744    4.307781    4.307781    3.938176    3.938176
    8.334814    8.334814    7.933472    7.933472    5.692030    5.692030    4.872586    4.872586    4.390112    4.390112    3.847332    3.847332
    7.957807    7.957807    7.508460    7.508460    6.324526    6.324526    5.405882    5.405882    4.439803    4.439803    3.788420    3.788420
    7.711044    7.711044    7.281830    7.281830    6.661564    6.661564    5.675440    5.675440    4.456533    4.456533    3.767945    3.767945
    7.957807    7.957807    7.508460    7.508460    6.324526    6.324526    5.405882    5.405882    4.439803    4.439803    3.788420    3.788420
    8.334814    8.334814    7.933472    7.933472    5.692030    5.692030    4.872586    4.872586    4.390112    4.390112    3.847332    3.847332
    8.621816    8.621816    8.328755    8.328755    5.034285    5.034285    4.365744    4.365744    4.307781    4.307781    3.938176    3.938176
    8.771172    8.771172    8.617685    8.617685    4.495982    4.495982    4.185636    4.185636    4.058706    4.058706    4.050187    4.050187
