612 Out of 768 Velocities in m/s for a 4x4x4 Ar Lattice.
      0.1355      0.1355      0.1355      0.1355      0.1355      0.1355      0.1355      0.1355      0.1355      0.1355      0.1355      0.1355     -0.3129     -0.3129     -0.3129     -0.3129     -0.3125     -0.3032     -0.3128     -0.3017     -0.3017     -0.3114     -0.2083     -0.2390     -0.0007     -0.1038     -0.0731      0.0007     -0.0104     -0.0104      0.0008      0.0004     -0.0089      0.0008      0.0008      0.0008
   -201.9480   -201.9480    397.5956   -201.9480   -201.9480    397.5956    202.1818    202.1818    397.5956    202.1818    202.1818    397.5956   -422.9401   -422.9401   -698.4526   -422.9401   -422.9401   -698.4526    422.8679    422.8679   -698.4526    422.8679    422.8679   -698.4526   -286.1667   -286.1667      1.6580   -286.1667   -286.1667      1.6580    285.8337    285.8337      1.6580    285.8337    285.8337      1.6580
   -244.9385   -244.9385      0.5291   -244.9385   -244.9385      0.5291    245.1136    245.1136      0.5291    245.1136    245.1136      0.5291   -564.9761   -564.9761     -0.6553   -564.9761   -564.9761     -0.6553    565.0501    565.0501     -0.6553    565.0501    565.0501     -0.6553   -405.2747   -405.2747      0.0008   -405.2747   -405.2747      0.0008    404.9718    404.9718      0.0008    404.9718    404.9718      0.0008
   -201.9480   -201.9480   -397.5956   -201.9480   -201.9480   -397.5956    202.1818    202.1818   -397.5956    202.1818    202.1818   -397.5956   -422.9401   -422.9401    698.4526   -422.9401   -422.9401    698.4526    422.8679    422.8679    698.4526    422.8679    422.8679    698.4526   -286.1667   -286.1667     -1.6580   -286.1667   -286.1667     -1.6580    285.8337    285.8337     -1.6580    285.8337    285.8337     -1.6580
   -201.9480    397.5956   -201.9480   -201.9480    397.5956   -201.9480    202.1818    397.5956    202.1818    202.1818    397.5956    202.1818   -422.9401   -698.4526   -422.9401   -422.9401   -698.4526   -422.9401    422.8679   -698.4526    422.8679    422.8679   -698.4526    422.8679   -286.1667      1.6580   -286.1667   -286.1667      1.6580   -286.1667    285.8337      1.6580    285.8337    285.8337      1.6580    285.8337
      0.0497    194.1901    194.1901      0.0497    194.1901    194.1901   -501.4716    486.2165    486.2165    501.7014    486.2165    486.2165      0.0020   -607.6546   -607.6546      0.0020   -607.6546   -607.6546     -0.0972   -321.1680   -321.1680     -0.0972   -321.1680   -321.1680   -552.2101    -47.7559    -47.7559    552.3137    -47.7559    -47.7559   -881.0226    -40.6946    -40.6946    880.8703    -40.6946    -40.6946
   -204.1200     38.4601      0.6963    204.2154     38.4601      0.6963   -505.8541   -339.6514     -0.8552    505.9075   -339.6514     -0.8552   -748.5782    441.4399      0.4000    748.7455    441.4399      0.4000     -1.3601   -563.2321     -0.0949      1.2069   -563.2321     -0.0949   -674.6653    505.8008     -0.4041    674.7955    505.8008     -0.4041   -868.5885   -199.6714      0.1071    868.6673   -199.6714      0.1071
      0.0497    194.1901   -194.1901      0.0497    194.1901   -194.1901   -501.4716    486.2165   -486.2165    501.7014    486.2165   -486.2165      0.0020   -607.6546    607.6546      0.0020   -607.6546    607.6546     -0.0972   -321.1680    321.1680     -0.0972   -321.1680    321.1680   -552.2101    -47.7559     47.7559    552.3137    -47.7559     47.7559   -881.0226    -40.6946     40.6946    880.8703    -40.6946     40.6946
   -244.9385      0.5291   -244.9385   -244.9385      0.5291   -244.9385    245.1136      0.5291    245.1136    245.1136      0.5291    245.1136   -564.9761     -0.6553   -564.9761   -564.9761     -0.6553   -564.9761    565.0501     -0.6553    565.0501    565.0501     -0.6553    565.0501   -405.2747      0.0008   -405.2747   -405.2747      0.0008   -405.2747    404.9718      0.0008    404.9718    404.9718      0.0008    404.9718
   -204.1200      0.6963     38.4601    204.2154      0.6963     38.4601   -505.8541     -0.8552   -339.6514    505.9075     -0.8552   -339.6514   -748.5782      0.4000    441.4399    748.7455      0.4000    441.4399     -1.3601     -0.0949   -563.2321      1.2069     -0.0949   -563.2321   -674.6653     -0.4041    505.8008    674.7955     -0.4041    505.8008   -868.5885      0.1071   -199.6714    868.6673      0.1071   -199.6714
   -487.9518      0.0979      0.0979   -487.9518      0.0433      0.0296    488.0007     -0.0561     -0.0425    488.0007     -0.1107     -0.1107  -1166.6348      0.3141      0.3141   1166.8630      0.3141      0.3141     -0.0123     -0.2793     -0.2793     -0.0123     -0.2793     -0.2793   -757.2051      0.2005      0.2005   -757.2051      0.1492      0.1713    757.3928     -0.2213     -0.2434    757.3928     -0.2726     -0.2726
   -204.1200      0.6963    -38.4601    204.2154      0.6963    -38.4601   -505.8541     -0.8552    339.6514    505.9075     -0.8552    339.6514   -748.5782      0.4000   -441.4399    748.7455      0.4000   -441.4399     -1.3601     -0.0949    563.2321      1.2069     -0.0949    563.2321   -674.6653     -0.4041   -505.8008    674.7955     -0.4041   -505.8008   -868.5885      0.1071    199.6714    868.6673      0.1071    199.6714
   -201.9480   -397.5956   -201.9480   -201.9480   -397.5956   -201.9480    202.1818   -397.5956    202.1818    202.1818   -397.5956    202.1818   -422.9401    698.4526   -422.9401   -422.9401    698.4526   -422.9401    422.8679    698.4526    422.8679    422.8679    698.4526    422.8679   -286.1667     -1.6580   -286.1667   -286.1667     -1.6580   -286.1667    285.8337     -1.6580    285.8337    285.8337     -1.6580    285.8337
      0.0497   -194.1901    194.1901      0.0497   -194.1901    194.1901   -501.4716   -486.2165    486.2165    501.7014   -486.2165    486.2165      0.0020    607.6546   -607.6546      0.0020    607.6546   -607.6546     -0.0972    321.1680   -321.1680     -0.0972    321.1680   -321.1680   -552.2101     47.7559    -47.7559    552.3137     47.7559    -47.7559   -881.0226     40.6946    -40.6946    880.8703     40.6946    -40.6946
   -204.1200    -38.4601      0.6963    204.2154    -38.4601      0.6963   -505.8541    339.6514     -0.8552    505.9075    339.6514     -0.8552   -748.5782   -441.4399      0.4000    748.7455   -441.4399      0.4000     -1.3601    563.2321     -0.0949      1.2069    563.2321     -0.0949   -674.6653   -505.8008     -0.4041    674.7955   -505.8008     -0.4041   -868.5885    199.6714      0.1071    868.6673    199.6714      0.1071
      0.0497   -194.1901   -194.1901      0.0497   -194.1901   -194.1901   -501.4716   -486.2165   -486.2165    501.7014   -486.2165   -486.2165      0.0020    607.6546    607.6546      0.0020    607.6546    607.6546     -0.0972    321.1680    321.1680     -0.0972    321.1680    321.1680   -552.2101     47.7559     47.7559    552.3137     47.7559     47.7559   -881.0226     40.6946     40.6946    880.8703     40.6946     40.6946
    397.5956   -201.9480   -201.9480    397.5956   -201.9480   -201.9480    397.5956    202.1818    202.1818    397.5956    202.1818    202.1818   -698.4526   -422.9401   -422.9401   -698.4526   -422.9401   -422.9401   -698.4526    422.8679    422.8679   -698.4526    422.8679    422.8679      1.6580   -286.1667   -286.1667      1.6580   -286.1667   -286.1667      1.6580    285.8337    285.8337      1.6580    285.8337    285.8337
    194.1901      0.0497    194.1901    194.1901      0.0497    194.1901    486.2165   -501.4716    486.2165    486.2165    501.7014    486.2165   -607.6546      0.0020   -607.6546   -607.6546      0.0020   -607.6546   -321.1680     -0.0972   -321.1680   -321.1680     -0.0972   -321.1680    -47.7559   -552.2101    -47.7559    -47.7559    552.3137    -47.7559    -40.6946   -881.0226    -40.6946    -40.6946    880.8703    -40.6946
     38.4601   -204.1200      0.6963     38.4601    204.2154      0.6963   -339.6514   -505.8541     -0.8552   -339.6514    505.9075     -0.8552    441.4399   -748.5782      0.4000    441.4399    748.7455      0.4000   -563.2321     -1.3601     -0.0949   -563.2321      1.2069     -0.0949    505.8008   -674.6653     -0.4041    505.8008    674.7955     -0.4041   -199.6714   -868.5885      0.1071   -199.6714    868.6673      0.1071
    194.1901      0.0497   -194.1901    194.1901      0.0497   -194.1901    486.2165   -501.4716   -486.2165    486.2165    501.7014   -486.2165   -607.6546      0.0020    607.6546   -607.6546      0.0020    607.6546   -321.1680     -0.0972    321.1680   -321.1680     -0.0972    321.1680    -47.7559   -552.2101     47.7559    -47.7559    552.3137     47.7559    -40.6946   -881.0226     40.6946    -40.6946    880.8703     40.6946
    194.1901    194.1901      0.0497    194.1901    194.1901      0.0497    486.2165    486.2165   -501.4716    486.2165    486.2165    501.7014   -607.6546   -607.6546      0.0020   -607.6546   -607.6546      0.0020   -321.1680   -321.1680     -0.0972   -321.1680   -321.1680     -0.0972    -47.7559    -47.7559   -552.2101    -47.7559    -47.7559    552.3137    -40.6946    -40.6946   -881.0226    -40.6946    -40.6946    880.8703
     16.2258     16.2258     16.2258    119.4538    119.4538    119.4538     16.1090     16.1090     16.1090    754.9277    754.9277    754.9277   -399.7268   -399.7268   -399.7268    -10.5512    -10.5512    -10.5512   -399.8491   -399.8491   -399.8491   -255.2475   -255.2475   -255.2475   -196.2114   -196.2114   -196.2114   -255.3339   -255.3339   -255.3339    336.6140    336.6140    336.6140    336.9200    336.9200    336.9200
   -311.7794   -311.7794      0.1312   -238.0480   -238.0480      0.0720   -238.1346   -238.1346      0.0720    327.9299    327.9299     -0.4187     22.7185     22.7185     -0.0252     22.5265     22.5264     -0.0252   -244.4484   -244.4484     -0.1012   -335.9682   -335.9682     -0.0867   -336.1126   -336.1126     -0.0867    927.2675    927.2675      0.6668    716.3403    716.3403     -0.4841    463.4391    463.4391      0.2750
     16.2258     16.2258    -16.2258    119.4538    119.4538   -119.4538     16.1090     16.1090    -16.1090    754.9277    754.9277   -754.9277   -399.7268   -399.7268    399.7268    -10.5512    -10.5512     10.5512   -399.8491   -399.8491    399.8491   -255.2475   -255.2475    255.2475   -196.2114   -196.2114    196.2114   -255.3339   -255.3339    255.3339    336.6140    336.6140   -336.6140    336.9200    336.9200   -336.9200
     38.4601      0.6963   -204.1200     38.4601      0.6963    204.2154   -339.6514     -0.8552   -505.8541   -339.6514     -0.8552    505.9075    441.4399      0.4000   -748.5782    441.4399      0.4000    748.7455   -563.2321     -0.0949     -1.3601   -563.2321     -0.0949      1.2069    505.8008     -0.4041   -674.6653    505.8008     -0.4041    674.7955   -199.6714      0.1071   -868.5885   -199.6714      0.1071    868.6673
   -311.7794      0.1312   -311.7794   -238.0480      0.0720   -238.0480   -238.1346      0.0720   -238.1346    327.9299     -0.4187    327.9299     22.7185     -0.0252     22.7185     22.5265     -0.0252     22.5265   -244.4484     -0.1012   -244.4484   -335.9682     -0.0867   -335.9682   -336.1126     -0.0867   -336.1126    927.2675      0.6668    927.2675    716.3403     -0.4841    716.3403    463.4391      0.2750    463.4391
   -302.2370     -0.1022     -0.1022   -302.2370     -0.1317     -0.1317   -666.9161     -0.0104     -0.0104    406.7942      0.3891      0.3891    406.7942     -0.1228     -0.1228    -25.0371     -0.2406     -0.2406    -25.0371     -0.3039     -0.3039   -408.2437      0.1615      0.1615   -408.2437     -0.0646     -0.0646   1396.4712      1.2909      1.2909    998.4868      0.3524      0.3524    998.4868     -0.9688     -0.9688
   -311.7794      0.1312    311.7794   -238.0480      0.0720    238.0480   -238.1346      0.0720    238.1346    327.9299     -0.4187   -327.9299     22.7185     -0.0252    -22.7185     22.5265     -0.0252    -22.5265   -244.4484     -0.1012    244.4484   -335.9682     -0.0867    335.9682   -336.1126     -0.0867    336.1126    927.2675      0.6668   -927.2675    716.3403     -0.4841   -716.3403    463.4391      0.2750   -463.4391
    194.1901   -194.1901      0.0497    194.1901   -194.1901      0.0497    486.2165   -486.2165   -501.4716    486.2165   -486.2165    501.7014   -607.6546    607.6546      0.0020   -607.6546    607.6546      0.0020   -321.1680    321.1680     -0.0972   -321.1680    321.1680     -0.0972    -47.7559     47.7559   -552.2101    -47.7559     47.7559    552.3137    -40.6946     40.6946   -881.0226    -40.6946     40.6946    880.8703
     16.2258    -16.2258     16.2258    119.4538   -119.4538    119.4538     16.1090    -16.1090     16.1090    754.9277   -754.9277    754.9277   -399.7268    399.7268   -399.7268    -10.5512     10.5512    -10.5512   -399.8491    399.8491   -399.8491   -255.2475    255.2475   -255.2475   -196.2114    196.2114   -196.2114   -255.3339    255.3339   -255.3339    336.6140   -336.6140    336.6140    336.9200   -336.9200    336.9200
   -311.7794    311.7794      0.1312   -238.0480    238.0480      0.0720   -238.1346    238.1346      0.0720    327.9299   -327.9299     -0.4187     22.7185    -22.7185     -0.0252     22.5265    -22.5265     -0.0252   -244.4484    244.4484     -0.1012   -335.9682    335.9682     -0.0867   -336.1126    336.1126     -0.0867    927.2675   -927.2675      0.6668    716.3403   -716.3403     -0.4841    463.4391   -463.4391      0.2750
     16.2258    -16.2258    -16.2258    119.4538   -119.4538   -119.4538     16.1090    -16.1090    -16.1090    754.9277   -754.9277   -754.9277   -399.7268    399.7268    399.7268    -10.5512     10.5512     10.5512   -399.8491    399.8491    399.8491   -255.2475    255.2475    255.2475   -196.2114    196.2114    196.2114   -255.3339    255.3339    255.3339    336.6140   -336.6140   -336.6140    336.9200   -336.9200   -336.9200
      0.5291   -244.9385   -244.9385      0.5291   -244.9385   -244.9385      0.5291    245.1136    245.1136      0.5291    245.1136    245.1136     -0.6553   -564.9761   -564.9761     -0.6553   -564.9761   -564.9761     -0.6553    565.0501    565.0501     -0.6553    565.0501    565.0501      0.0008   -405.2747   -405.2747      0.0008   -405.2747   -405.2747      0.0008    404.9718    404.9718      0.0008    404.9718    404.9718
      0.6963   -204.1200     38.4601      0.6963    204.2154     38.4601     -0.8552   -505.8541   -339.6514     -0.8552    505.9075   -339.6514      0.4000   -748.5782    441.4399      0.4000    748.7455    441.4399     -0.0949     -1.3601   -563.2321     -0.0949      1.2069   -563.2321     -0.4041   -674.6653    505.8008     -0.4041    674.7955    505.8008      0.1071   -868.5885   -199.6714      0.1071    868.6673   -199.6714
      0.0979   -487.9518      0.0979      0.0138   -487.9518     -0.0040     -0.0266    488.0007     -0.0089     -0.1107    488.0007     -0.1107      0.3141  -1166.6348      0.3141      0.3141   1166.8630      0.3141     -0.2793     -0.0123     -0.2793     -0.2793     -0.0123     -0.2793      0.2005   -757.2051      0.2005      0.2005   -757.2051     -0.0305     -0.2726    757.3928     -0.0416     -0.2726    757.3928     -0.2726
      0.6963   -204.1200    -38.4601      0.6963    204.2154    -38.4601     -0.8552   -505.8541    339.6514     -0.8552    505.9075    339.6514      0.4000   -748.5782   -441.4399      0.4000    748.7455   -441.4399     -0.0949     -1.3601    563.2321     -0.0949      1.2069    563.2321     -0.4041   -674.6653   -505.8008     -0.4041    674.7955   -505.8008      0.1071   -868.5885    199.6714      0.1071    868.6673    199.6714
      0.6963     38.4601   -204.1200      0.6963     38.4601    204.2154     -0.8552   -339.6514   -505.8541     -0.8552   -339.6514    505.9075      0.4000    441.4399   -748.5782      0.4000    441.4399    748.7455     -0.0949   -563.2321     -1.3601     -0.0949   -563.2321      1.2069     -0.4041    505.8008   -674.6653     -0.4041    505.8008    674.7955      0.1071   -199.6714   -868.5885      0.1071   -199.6714    868.6673
      0.1312   -311.7794   -311.7794      0.0720   -238.0480   -238.0479      0.0720   -238.1346   -238.1347     -0.4187    327.9299    327.9299     -0.0252     22.7185     22.7185     -0.0252     22.5265     22.5265     -0.1012   -244.4484   -244.4484     -0.0867   -335.9682   -335.9682     -0.0867   -336.1126   -336.1126      0.6668    927.2675    927.2675     -0.4841    716.3403    716.3403      0.2750    463.4391    463.4391
     -0.1022   -302.2370     -0.1022     -0.1317   -302.2370     -0.1317     -0.0104   -666.9161     -0.0104      0.3891    406.7942      0.3891     -0.1228    406.7942     -0.1228     -0.1820    -25.0371     -0.1940     -0.3624    -25.0371     -0.3505      0.1615   -408.2437      0.1615     -0.0646   -408.2437     -0.0646      1.2909   1396.4712      1.2909      0.3524    998.4868      0.3524     -0.9688    998.4868     -0.9688
      0.1312   -311.7794    311.7794      0.0720   -238.0479    238.0480      0.0720   -238.1346    238.1346     -0.4187    327.9299   -327.9299     -0.0252     22.7185    -22.7185     -0.0252     22.5265    -22.5265     -0.1012   -244.4484    244.4484     -0.0867   -335.9682    335.9682     -0.0867   -336.1126    336.1126      0.6668    927.2675   -927.2675     -0.4841    716.3403   -716.3403      0.2750    463.4391   -463.4391
      0.0979      0.0979   -487.9518      0.0979      0.0706   -487.9518     -0.1107     -0.0834    488.0007     -0.1107     -0.1107    488.0007      0.3141      0.3141  -1166.6348      0.3141      0.3141   1166.8630     -0.2793     -0.2793     -0.0123     -0.2793     -0.2793     -0.0123      0.2005      0.2005   -757.2051      0.2004      0.1927   -757.2051     -0.2725     -0.2648    757.3928     -0.2726     -0.2726    757.3928
     -0.1022     -0.1022   -302.2370     -0.1317     -0.1317   -302.2370     -0.0104     -0.0104   -666.9161      0.3891      0.3891    406.7942     -0.1228     -0.1228    406.7942     -0.1820     -0.2019    -25.0371     -0.3624     -0.3426    -25.0371      0.1615      0.1615   -408.2437     -0.0646     -0.0646   -408.2437      1.2909      1.2909   1396.4712      0.3524      0.3524    998.4868     -0.9688     -0.9688    998.4868
     -0.0991     -0.0991     -0.0991     -0.0991     -0.1018     -0.1026     -0.2153     -0.2126     -0.2118      0.1076      0.0661      0.0718      0.0793      0.0112      0.0112     -0.0120      0.0112      0.0112     -0.0121     -0.0005     -0.0121     -0.0570     -0.0121     -0.0175     -0.0851     -0.0552     -0.0439   1439.2174   1333.7226   1439.1706   1086.4194   1213.6054   1086.4815   1086.4194   1086.4194   1086.4194
      0.6963    -38.4601   -204.1200      0.6963    -38.4601    204.2154     -0.8552    339.6514   -505.8541     -0.8552    339.6514    505.9075      0.4000   -441.4399   -748.5782      0.4000   -441.4399    748.7455     -0.0949    563.2321     -1.3601     -0.0949    563.2321      1.2069     -0.4041   -505.8008   -674.6653     -0.4041   -505.8008    674.7955      0.1071    199.6714   -868.5885      0.1071    199.6714    868.6673
   -397.5956   -201.9480   -201.9480   -397.5956   -201.9480   -201.9479   -397.5956    202.1818    202.1818   -397.5956    202.1818    202.1818    698.4526   -422.9401   -422.9401    698.4526   -422.9401   -422.9401    698.4526    422.8679    422.8679    698.4526    422.8679    422.8679     -1.6580   -286.1667   -286.1667     -1.6580   -286.1667   -286.1667     -1.6580    285.8337    285.8337     -1.6580    285.8337    285.8337
   -194.1901      0.0497    194.1901   -194.1901      0.0497    194.1901   -486.2165   -501.4716    486.2165   -486.2165    501.7014    486.2165    607.6546      0.0020   -607.6546    607.6546      0.0020   -607.6546    321.1680     -0.0972   -321.1680    321.1680     -0.0972   -321.1680     47.7559   -552.2101    -47.7559     47.7559    552.3137    -47.7559     40.6946   -881.0226    -40.6946     40.6946    880.8703    -40.6946
    -38.4601   -204.1200      0.6963    -38.4601    204.2154      0.6963    339.6514   -505.8541     -0.8552    339.6514    505.9075     -0.8552   -441.4399   -748.5782      0.4000   -441.4399    748.7455      0.4000    563.2321     -1.3601     -0.0949    563.2321      1.2069     -0.0949   -505.8008   -674.6653     -0.4041   -505.8008    674.7955     -0.4041    199.6714   -868.5885      0.1071    199.6714    868.6673      0.1071
   -194.1901      0.0497   -194.1901   -194.1901      0.0497   -194.1901   -486.2165   -501.4716   -486.2165   -486.2165    501.7014   -486.2165    607.6546      0.0020    607.6546    607.6546      0.0020    607.6546    321.1680     -0.0972    321.1680    321.1680     -0.0972    321.1680     47.7559   -552.2101     47.7559     47.7559    552.3137     47.7559     40.6946   -881.0226     40.6946     40.6946    880.8703     40.6946
   -194.1901    194.1901      0.0497   -194.1901    194.1901      0.0497   -486.2165    486.2165   -501.4716   -486.2165    486.2165    501.7014    607.6546   -607.6546      0.0020    607.6546   -607.6546      0.0020    321.1680   -321.1680     -0.0972    321.1680   -321.1680     -0.0972     47.7559    -47.7559   -552.2101     47.7559    -47.7559    552.3137     40.6946    -40.6946   -881.0226     40.6946    -40.6946    880.8703
    -38.4601      0.6963   -204.1200    -38.4601      0.6963    204.2154    339.6514     -0.8552   -505.8541    339.6514     -0.8552    505.9075   -441.4399      0.4000   -748.5782   -441.4399      0.4000    748.7455    563.2321     -0.0949     -1.3601    563.2321     -0.0949      1.2069   -505.8008     -0.4041   -674.6653   -505.8008     -0.4041    674.7955    199.6714      0.1071   -868.5885    199.6714      0.1071    868.6673
   -194.1901   -194.1901      0.0497   -194.1901   -194.1901      0.0497   -486.2165   -486.2165   -501.4716   -486.2165   -486.2165    501.7014    607.6546    607.6546      0.0020    607.6546    607.6546      0.0020    321.1680    321.1680     -0.0972    321.1680    321.1680     -0.0972     47.7559     47.7559   -552.2101     47.7559     47.7559    552.3137     40.6946     40.6946   -881.0226     40.6946     40.6946    880.8703
