1848 Out of 2592 QH, Third, Fourth Freq in rad/ps and Lifetimes in ps for a 6x6x6 Ar Lattice at 10K. (atoms/UC=4)
12.5105	-0.422718	1.04225	2.49597
12.5105	-0.422718	1.04225	2.49597
12.5105	-0.422718	1.04225	2.49597
12.5105	-0.422718	1.04225	2.49597
5.70186	-0.181709	0.417893	139.95
5.70186	-0.181709	0.417893	139.95
5.70186	-0.181709	0.417893	139.95
5.70186	-0.181709	0.417893	139.95
5.70186	-0.181709	0.417893	139.95
5.70186	-0.181709	0.417893	139.95
5.70186	-0.181709	0.417893	139.95
5.70186	-0.181709	0.417893	139.95
12.2124	-0.439896	1.0181	2.8733
12.2124	-0.439896	1.0181	2.8733
12.2124	-0.439896	1.0181	2.8733
12.2124	-0.439896	1.0181	2.8733
6.34419	-0.230296	0.476882	91.5388
6.34419	-0.230296	0.476882	91.5388
6.34419	-0.230296	0.476882	91.5388
6.34419	-0.230296	0.476882	91.5388
5.70021	-0.184793	0.418206	143.985
5.70021	-0.184793	0.418206	143.985
5.70021	-0.184793	0.418206	143.985
5.70021	-0.184793	0.418206	143.985
11.3988	-0.437183	0.949682	2.93387
11.3988	-0.437183	0.949682	2.93387
11.3988	-0.437183	0.949682	2.93387
11.3988	-0.437183	0.949682	2.93387
7.75823	-0.321597	0.603353	24.9633
7.75823	-0.321597	0.603353	24.9633
7.75823	-0.321597	0.603353	24.9633
7.75823	-0.321597	0.603353	24.9633
5.69691	-0.194211	0.419049	160.923
5.69691	-0.194211	0.419049	160.923
5.69691	-0.194211	0.419049	160.923
5.69691	-0.194211	0.419049	160.923
10.6715	-0.508778	0.899004	3.05289
10.6715	-0.508778	0.899004	3.05289
10.6715	-0.508778	0.899004	3.05289
10.6715	-0.508778	0.899004	3.05289
8.75267	-0.345335	0.683879	20.0817
8.75267	-0.345335	0.683879	20.0817
8.75267	-0.345335	0.683879	20.0817
8.75267	-0.345335	0.683879	20.0817
5.69526	-0.194136	0.419155	141.548
5.69526	-0.194136	0.419155	141.548
5.69526	-0.194136	0.419155	141.548
5.69526	-0.194136	0.419155	141.548
11.3988	-0.437183	0.949682	2.93387
11.3988	-0.437183	0.949682	2.93387
11.3988	-0.437183	0.949682	2.93387
11.3988	-0.437183	0.949682	2.93387
7.75823	-0.321597	0.603353	24.9633
7.75823	-0.321597	0.603353	24.9633
7.75823	-0.321597	0.603353	24.9633
7.75823	-0.321597	0.603353	24.9633
5.69691	-0.194211	0.419049	160.923
5.69691	-0.194211	0.419049	160.923
5.69691	-0.194211	0.419049	160.923
5.69691	-0.194211	0.419049	160.923
12.2124	-0.439896	1.0181	2.8733
12.2124	-0.439896	1.0181	2.8733
12.2124	-0.439896	1.0181	2.8733
12.2124	-0.439896	1.0181	2.8733
6.34419	-0.230296	0.476882	91.5388
6.34419	-0.230296	0.476882	91.5388
6.34419	-0.230296	0.476882	91.5388
6.34419	-0.230296	0.476882	91.5388
5.70021	-0.184793	0.418206	143.985
5.70021	-0.184793	0.418206	143.985
5.70021	-0.184793	0.418206	143.985
5.70021	-0.184793	0.418206	143.985
12.2124	-0.439896	1.0181	2.8733
12.2124	-0.439896	1.0181	2.8733
12.2124	-0.439896	1.0181	2.8733
12.2124	-0.439896	1.0181	2.8733
6.34419	-0.230296	0.476882	91.5388
6.34419	-0.230296	0.476882	91.5388
6.34419	-0.230296	0.476882	91.5388
6.34419	-0.230296	0.476882	91.5388
5.70021	-0.184793	0.418206	143.985
5.70021	-0.184793	0.418206	143.985
5.70021	-0.184793	0.418206	143.985
5.70021	-0.184793	0.418206	143.985
12.2186	-0.461209	1.01181	2.73598
12.2186	-0.461209	1.01181	2.73598
11.6469	-0.378288	0.973423	3.04925
11.6469	-0.378288	0.973423	3.04925
7.29737	-0.290204	0.560847	97.9793
7.29737	-0.290204	0.560847	97.9793
6.27767	-0.21284	0.46527	136.762
6.27767	-0.21284	0.46527	136.762
5.8006	-0.191825	0.42828	95.2121
5.8006	-0.191825	0.42828	95.2121
5.77086	-0.209262	0.431566	77.5889
5.77086	-0.209262	0.431566	77.5889
11.6628	-0.466523	0.958845	2.29765
11.6628	-0.466523	0.958845	2.29765
10.6812	-0.393092	0.899374	3.22481
10.6812	-0.393092	0.899374	3.22481
8.75958	-0.368799	0.687785	36.463
8.75958	-0.368799	0.687785	36.463
6.76467	-0.257415	0.518145	62.9773
6.76467	-0.257415	0.518145	62.9773
6.65808	-0.236181	0.497397	106.43
6.65808	-0.236181	0.497397	106.43
5.40409	-0.19018	0.399973	125.484
5.40409	-0.19018	0.399973	125.484
10.9783	-0.490091	0.904618	2.71026
10.9783	-0.490091	0.904618	2.71026
9.98374	-0.40774	0.848604	6.14647
9.98374	-0.40774	0.848604	6.14647
9.81003	-0.425072	0.775215	13.3117
9.81003	-0.425072	0.775215	13.3117
7.54091	-0.30833	0.583142	69.3828
7.54091	-0.30833	0.583142	69.3828
6.77773	-0.241635	0.507452	109.288
6.77773	-0.241635	0.507452	109.288
5.26167	-0.186215	0.388945	124.585
5.26167	-0.186215	0.388945	124.585
11.6628	-0.466523	0.958845	2.29765
11.6628	-0.466523	0.958845	2.29765
10.6812	-0.393092	0.899374	3.22481
10.6812	-0.393092	0.899374	3.22481
8.75958	-0.368799	0.687785	36.463
8.75958	-0.368799	0.687785	36.463
6.76467	-0.257415	0.518145	62.9773
6.76467	-0.257415	0.518145	62.9773
6.65808	-0.236181	0.497397	106.43
6.65808	-0.236181	0.497397	106.43
5.40409	-0.19018	0.399973	125.484
5.40409	-0.19018	0.399973	125.484
12.2186	-0.461209	1.01181	2.73598
12.2186	-0.461209	1.01181	2.73598
11.6469	-0.378288	0.973423	3.04925
11.6469	-0.378288	0.973423	3.04925
7.29737	-0.290204	0.560847	97.9793
7.29737	-0.290204	0.560847	97.9793
6.27767	-0.21284	0.46527	136.762
6.27767	-0.21284	0.46527	136.762
5.8006	-0.191825	0.42828	95.2121
5.8006	-0.191825	0.42828	95.2121
5.77086	-0.209262	0.431566	77.5889
5.77086	-0.209262	0.431566	77.5889
11.3988	-0.437183	0.949682	2.93387
11.3988	-0.437183	0.949682	2.93387
11.3988	-0.437183	0.949682	2.93387
11.3988	-0.437183	0.949682	2.93387
7.75823	-0.321597	0.603353	24.9633
7.75823	-0.321597	0.603353	24.9633
7.75823	-0.321597	0.603353	24.9633
7.75823	-0.321597	0.603353	24.9633
5.69691	-0.194211	0.419049	160.923
5.69691	-0.194211	0.419049	160.923
5.69691	-0.194211	0.419049	160.923
5.69691	-0.194211	0.419049	160.923
11.6628	-0.466523	0.958845	2.29765
11.6628	-0.466523	0.958845	2.29765
10.6812	-0.393092	0.899374	3.22481
10.6812	-0.393092	0.899374	3.22481
8.75958	-0.368799	0.687785	36.463
8.75958	-0.368799	0.687785	36.463
6.76467	-0.257415	0.518145	62.9773
6.76467	-0.257415	0.518145	62.9773
6.65808	-0.236181	0.497397	106.43
6.65808	-0.236181	0.497397	106.43
5.40409	-0.19018	0.399973	125.484
5.40409	-0.19018	0.399973	125.484
11.4265	-0.503348	0.928635	2.33974
11.4265	-0.503348	0.928635	2.33974
9.74036	-0.435196	0.771232	13.1449
9.74036	-0.435196	0.771232	13.1449
9.70044	-0.364928	0.824913	5.59439
9.70044	-0.364928	0.824913	5.59439
7.57624	-0.286516	0.57664	95.5096
7.57624	-0.286516	0.57664	95.5096
5.99072	-0.201072	0.447879	84.4187
5.99072	-0.201072	0.447879	84.4187
5.9382	-0.225446	0.453691	112.09
5.9382	-0.225446	0.453691	112.09
10.909	-0.560101	0.885059	3.43317
10.909	-0.560101	0.885059	3.43317
10.5136	-0.481554	0.836418	5.17387
10.5136	-0.481554	0.836418	5.17387
9.08325	-0.3419	0.778967	7.9133
9.08325	-0.3419	0.778967	7.9133
7.9254	-0.306745	0.607993	107.295
7.9254	-0.306745	0.607993	107.295
6.50631	-0.245085	0.494752	29.6766
6.50631	-0.245085	0.494752	29.6766
5.64564	-0.195307	0.424142	117.003
5.64564	-0.195307	0.424142	117.003
11.4265	-0.503348	0.928635	2.33974
11.4265	-0.503348	0.928635	2.33974
9.74036	-0.435196	0.771232	13.1449
9.74036	-0.435196	0.771232	13.1449
9.70044	-0.364928	0.824913	5.59439
9.70044	-0.364928	0.824913	5.59439
7.57624	-0.286516	0.57664	95.5096
7.57624	-0.286516	0.57664	95.5096
5.99072	-0.201072	0.447879	84.4187
5.99072	-0.201072	0.447879	84.4187
5.9382	-0.225446	0.453691	112.09
5.9382	-0.225446	0.453691	112.09
11.6628	-0.466523	0.958845	2.29765
11.6628	-0.466523	0.958845	2.29765
10.6812	-0.393092	0.899374	3.22481
10.6812	-0.393092	0.899374	3.22481
8.75958	-0.368799	0.687785	36.463
8.75958	-0.368799	0.687785	36.463
6.76467	-0.257415	0.518145	62.9773
6.76467	-0.257415	0.518145	62.9773
6.65808	-0.236181	0.497397	106.43
6.65808	-0.236181	0.497397	106.43
5.40409	-0.19018	0.399973	125.484
5.40409	-0.19018	0.399973	125.484
10.6715	-0.508778	0.899004	3.05289
10.6715	-0.508778	0.899004	3.05289
10.6715	-0.508778	0.899004	3.05289
10.6715	-0.508778	0.899004	3.05289
8.75267	-0.345335	0.683879	20.0817
8.75267	-0.345335	0.683879	20.0817
8.75267	-0.345335	0.683879	20.0817
8.75267	-0.345335	0.683879	20.0817
5.69526	-0.194136	0.419155	141.548
5.69526	-0.194136	0.419155	141.548
5.69526	-0.194136	0.419155	141.548
5.69526	-0.194136	0.419155	141.548
10.9783	-0.490091	0.904618	2.71026
10.9783	-0.490091	0.904618	2.71026
9.98374	-0.40774	0.848604	6.14647
9.98374	-0.40774	0.848604	6.14647
9.81003	-0.425072	0.775215	13.3117
9.81003	-0.425072	0.775215	13.3117
7.54091	-0.30833	0.583142	69.3828
7.54091	-0.30833	0.583142	69.3828
6.77773	-0.241635	0.507452	109.288
6.77773	-0.241635	0.507452	109.288
5.26167	-0.186215	0.388945	124.585
5.26167	-0.186215	0.388945	124.585
10.909	-0.560101	0.885059	3.43317
10.909	-0.560101	0.885059	3.43317
10.5136	-0.481554	0.836418	5.17387
10.5136	-0.481554	0.836418	5.17387
9.08325	-0.3419	0.778967	7.9133
9.08325	-0.3419	0.778967	7.9133
7.9254	-0.306745	0.607993	107.295
7.9254	-0.306745	0.607993	107.295
6.50631	-0.245085	0.494752	29.6766
6.50631	-0.245085	0.494752	29.6766
5.64564	-0.195307	0.424142	117.003
5.64564	-0.195307	0.424142	117.003
10.7591	-0.573351	0.862992	7.03591
10.7591	-0.573351	0.862992	7.03591
10.7591	-0.573351	0.862992	7.03591
10.7591	-0.573351	0.862992	7.03591
8.53484	-0.317611	0.739201	61.3489
8.53484	-0.317611	0.739201	61.3489
8.47291	-0.348595	0.66012	77.1948
8.47291	-0.348595	0.66012	77.1948
6.08233	-0.200073	0.457095	96.4205
6.08233	-0.200073	0.457095	96.4205
6.08233	-0.200073	0.457095	96.4205
6.08233	-0.200073	0.457095	96.4205
10.909	-0.560101	0.885059	3.43317
10.909	-0.560101	0.885059	3.43317
10.5136	-0.481554	0.836418	5.17387
10.5136	-0.481554	0.836418	5.17387
9.08325	-0.3419	0.778967	7.9133
9.08325	-0.3419	0.778967	7.9133
7.9254	-0.306745	0.607993	107.295
7.9254	-0.306745	0.607993	107.295
6.50631	-0.245085	0.494752	29.6766
6.50631	-0.245085	0.494752	29.6766
5.64564	-0.195307	0.424142	117.003
5.64564	-0.195307	0.424142	117.003
10.9783	-0.490091	0.904618	2.71026
10.9783	-0.490091	0.904618	2.71026
9.98374	-0.40774	0.848604	6.14647
9.98374	-0.40774	0.848604	6.14647
9.81003	-0.425072	0.775215	13.3117
9.81003	-0.425072	0.775215	13.3117
7.54091	-0.30833	0.583142	69.3828
7.54091	-0.30833	0.583142	69.3828
6.77773	-0.241635	0.507452	109.288
6.77773	-0.241635	0.507452	109.288
5.26167	-0.186215	0.388945	124.585
5.26167	-0.186215	0.388945	124.585
11.3988	-0.437183	0.949682	2.93387
11.3988	-0.437183	0.949682	2.93387
11.3988	-0.437183	0.949682	2.93387
11.3988	-0.437183	0.949682	2.93387
7.75823	-0.321597	0.603353	24.9633
7.75823	-0.321597	0.603353	24.9633
7.75823	-0.321597	0.603353	24.9633
7.75823	-0.321597	0.603353	24.9633
5.69691	-0.194211	0.419049	160.923
5.69691	-0.194211	0.419049	160.923
5.69691	-0.194211	0.419049	160.923
5.69691	-0.194211	0.419049	160.923
11.6628	-0.466523	0.958845	2.29765
11.6628	-0.466523	0.958845	2.29765
10.6812	-0.393092	0.899374	3.22481
10.6812	-0.393092	0.899374	3.22481
8.75958	-0.368799	0.687785	36.463
8.75958	-0.368799	0.687785	36.463
6.76467	-0.257415	0.518145	62.9773
6.76467	-0.257415	0.518145	62.9773
6.65808	-0.236181	0.497397	106.43
6.65808	-0.236181	0.497397	106.43
5.40409	-0.19018	0.399973	125.484
5.40409	-0.19018	0.399973	125.484
11.4265	-0.503348	0.928635	2.33974
11.4265	-0.503348	0.928635	2.33974
9.74036	-0.435196	0.771232	13.1449
9.74036	-0.435196	0.771232	13.1449
9.70044	-0.364928	0.824913	5.59439
9.70044	-0.364928	0.824913	5.59439
7.57624	-0.286516	0.57664	95.5096
7.57624	-0.286516	0.57664	95.5096
5.99072	-0.201072	0.447879	84.4187
5.99072	-0.201072	0.447879	84.4187
5.9382	-0.225446	0.453691	112.09
5.9382	-0.225446	0.453691	112.09
10.909	-0.560101	0.885059	3.43317
10.909	-0.560101	0.885059	3.43317
10.5136	-0.481554	0.836418	5.17387
10.5136	-0.481554	0.836418	5.17387
9.08325	-0.3419	0.778967	7.9133
9.08325	-0.3419	0.778967	7.9133
7.9254	-0.306745	0.607993	107.295
7.9254	-0.306745	0.607993	107.295
6.50631	-0.245085	0.494752	29.6766
6.50631	-0.245085	0.494752	29.6766
5.64564	-0.195307	0.424142	117.003
5.64564	-0.195307	0.424142	117.003
11.4265	-0.503348	0.928635	2.33974
11.4265	-0.503348	0.928635	2.33974
9.74036	-0.435196	0.771232	13.1449
9.74036	-0.435196	0.771232	13.1449
9.70044	-0.364928	0.824913	5.59439
9.70044	-0.364928	0.824913	5.59439
7.57624	-0.286516	0.57664	95.5096
7.57624	-0.286516	0.57664	95.5096
5.99072	-0.201072	0.447879	84.4187
5.99072	-0.201072	0.447879	84.4187
5.9382	-0.225446	0.453691	112.09
5.9382	-0.225446	0.453691	112.09
11.6628	-0.466523	0.958845	2.29765
11.6628	-0.466523	0.958845	2.29765
10.6812	-0.393092	0.899374	3.22481
10.6812	-0.393092	0.899374	3.22481
8.75958	-0.368799	0.687785	36.463
8.75958	-0.368799	0.687785	36.463
6.76467	-0.257415	0.518145	62.9773
6.76467	-0.257415	0.518145	62.9773
6.65808	-0.236181	0.497397	106.43
6.65808	-0.236181	0.497397	106.43
5.40409	-0.19018	0.399973	125.484
5.40409	-0.19018	0.399973	125.484
12.2124	-0.439896	1.0181	2.8733
12.2124	-0.439896	1.0181	2.8733
12.2124	-0.439896	1.0181	2.8733
12.2124	-0.439896	1.0181	2.8733
6.34419	-0.230296	0.476882	91.5388
6.34419	-0.230296	0.476882	91.5388
6.34419	-0.230296	0.476882	91.5388
6.34419	-0.230296	0.476882	91.5388
5.70021	-0.184793	0.418206	143.985
5.70021	-0.184793	0.418206	143.985
5.70021	-0.184793	0.418206	143.985
5.70021	-0.184793	0.418206	143.985
12.2186	-0.461209	1.01181	2.73598
12.2186	-0.461209	1.01181	2.73598
11.6469	-0.378288	0.973423	3.04925
11.6469	-0.378288	0.973423	3.04925
7.29737	-0.290204	0.560847	97.9793
7.29737	-0.290204	0.560847	97.9793
6.27767	-0.21284	0.46527	136.762
6.27767	-0.21284	0.46527	136.762
5.8006	-0.191825	0.42828	95.2121
5.8006	-0.191825	0.42828	95.2121
5.77086	-0.209262	0.431566	77.5889
5.77086	-0.209262	0.431566	77.5889
11.6628	-0.466523	0.958845	2.29765
11.6628	-0.466523	0.958845	2.29765
10.6812	-0.393092	0.899374	3.22481
10.6812	-0.393092	0.899374	3.22481
8.75958	-0.368799	0.687785	36.463
8.75958	-0.368799	0.687785	36.463
6.76467	-0.257415	0.518145	62.9773
6.76467	-0.257415	0.518145	62.9773
6.65808	-0.236181	0.497397	106.43
6.65808	-0.236181	0.497397	106.43
5.40409	-0.19018	0.399973	125.484
5.40409	-0.19018	0.399973	125.484
10.9783	-0.490091	0.904618	2.71026
10.9783	-0.490091	0.904618	2.71026
9.98374	-0.40774	0.848604	6.14647
9.98374	-0.40774	0.848604	6.14647
9.81003	-0.425072	0.775215	13.3117
9.81003	-0.425072	0.775215	13.3117
7.54091	-0.30833	0.583142	69.3828
7.54091	-0.30833	0.583142	69.3828
6.77773	-0.241635	0.507452	109.288
6.77773	-0.241635	0.507452	109.288
5.26167	-0.186215	0.388945	124.585
5.26167	-0.186215	0.388945	124.585
11.6628	-0.466523	0.958845	2.29765
11.6628	-0.466523	0.958845	2.29765
10.6812	-0.393092	0.899374	3.22481
10.6812	-0.393092	0.899374	3.22481
8.75958	-0.368799	0.687785	36.463
8.75958	-0.368799	0.687785	36.463
6.76467	-0.257415	0.518145	62.9773
6.76467	-0.257415	0.518145	62.9773
6.65808	-0.236181	0.497397	106.43
6.65808	-0.236181	0.497397	106.43
5.40409	-0.19018	0.399973	125.484
5.40409	-0.19018	0.399973	125.484
12.2186	-0.461209	1.01181	2.73598
12.2186	-0.461209	1.01181	2.73598
11.6469	-0.378288	0.973423	3.04925
11.6469	-0.378288	0.973423	3.04925
7.29737	-0.290204	0.560847	97.9793
7.29737	-0.290204	0.560847	97.9793
6.27767	-0.21284	0.46527	136.762
6.27767	-0.21284	0.46527	136.762
5.8006	-0.191825	0.42828	95.2121
5.8006	-0.191825	0.42828	95.2121
5.77086	-0.209262	0.431566	77.5889
5.77086	-0.209262	0.431566	77.5889
12.2124	-0.439896	1.0181	2.8733
12.2124	-0.439896	1.0181	2.8733
12.2124	-0.439896	1.0181	2.8733
12.2124	-0.439896	1.0181	2.8733
6.34419	-0.230296	0.476882	91.5388
6.34419	-0.230296	0.476882	91.5388
6.34419	-0.230296	0.476882	91.5388
6.34419	-0.230296	0.476882	91.5388
5.70021	-0.184793	0.418206	143.985
5.70021	-0.184793	0.418206	143.985
5.70021	-0.184793	0.418206	143.985
5.70021	-0.184793	0.418206	143.985
12.2186	-0.461209	1.01181	2.73598
12.2186	-0.461209	1.01181	2.73598
11.6469	-0.378288	0.973423	3.04925
11.6469	-0.378288	0.973423	3.04925
7.29737	-0.290204	0.560847	97.9793
7.29737	-0.290204	0.560847	97.9793
6.27767	-0.21284	0.46527	136.762
6.27767	-0.21284	0.46527	136.762
5.8006	-0.191825	0.42828	95.2121
5.8006	-0.191825	0.42828	95.2121
5.77086	-0.209262	0.431566	77.5889
5.77086	-0.209262	0.431566	77.5889
11.6628	-0.466523	0.958845	2.29765
11.6628	-0.466523	0.958845	2.29765
10.6812	-0.393092	0.899374	3.22481
10.6812	-0.393092	0.899374	3.22481
8.75958	-0.368799	0.687785	36.463
8.75958	-0.368799	0.687785	36.463
6.76467	-0.257415	0.518145	62.9773
6.76467	-0.257415	0.518145	62.9773
6.65808	-0.236181	0.497397	106.43
6.65808	-0.236181	0.497397	106.43
5.40409	-0.19018	0.399973	125.484
5.40409	-0.19018	0.399973	125.484
10.9783	-0.490091	0.904618	2.71026
10.9783	-0.490091	0.904618	2.71026
9.98374	-0.40774	0.848604	6.14647
9.98374	-0.40774	0.848604	6.14647
9.81003	-0.425072	0.775215	13.3117
9.81003	-0.425072	0.775215	13.3117
7.54091	-0.30833	0.583142	69.3828
7.54091	-0.30833	0.583142	69.3828
6.77773	-0.241635	0.507452	109.288
6.77773	-0.241635	0.507452	109.288
5.26167	-0.186215	0.388945	124.585
5.26167	-0.186215	0.388945	124.585
11.6628	-0.466523	0.958845	2.29765
11.6628	-0.466523	0.958845	2.29765
10.6812	-0.393092	0.899374	3.22481
10.6812	-0.393092	0.899374	3.22481
8.75958	-0.368799	0.687785	36.463
8.75958	-0.368799	0.687785	36.463
6.76467	-0.257415	0.518145	62.9773
6.76467	-0.257415	0.518145	62.9773
6.65808	-0.236181	0.497397	106.43
6.65808	-0.236181	0.497397	106.43
5.40409	-0.19018	0.399973	125.484
5.40409	-0.19018	0.399973	125.484
12.2186	-0.461209	1.01181	2.73598
12.2186	-0.461209	1.01181	2.73598
11.6469	-0.378288	0.973423	3.04925
11.6469	-0.378288	0.973423	3.04925
7.29737	-0.290204	0.560847	97.9793
7.29737	-0.290204	0.560847	97.9793
6.27767	-0.21284	0.46527	136.762
6.27767	-0.21284	0.46527	136.762
5.8006	-0.191825	0.42828	95.2121
5.8006	-0.191825	0.42828	95.2121
5.77086	-0.209262	0.431566	77.5889
5.77086	-0.209262	0.431566	77.5889
12.2186	-0.461209	1.01181	2.73598
12.2186	-0.461209	1.01181	2.73598
11.6469	-0.378288	0.973423	3.04925
11.6469	-0.378288	0.973423	3.04925
7.29737	-0.290204	0.560847	97.9793
7.29737	-0.290204	0.560847	97.9793
6.27767	-0.21284	0.46527	136.762
6.27767	-0.21284	0.46527	136.762
5.8006	-0.191825	0.42828	95.2121
5.8006	-0.191825	0.42828	95.2121
5.77086	-0.209262	0.431566	77.5889
5.77086	-0.209262	0.431566	77.5889
11.9928	-0.416822	0.989519	3.25422
11.9928	-0.416822	0.989519	3.25422
11.9928	-0.416822	0.989519	3.25422
10.7338	-0.371395	0.909645	4.15637
7.4594	-0.30002	0.576263	100.787
7.4594	-0.30002	0.576263	100.787
7.4594	-0.30002	0.576263	100.787
6.54118	-0.220142	0.486224	94.5188
6.54118	-0.220142	0.486224	94.5188
6.54118	-0.220142	0.486224	94.5188
4.94442	-0.159915	0.361668	151.149
4.94442	-0.159915	0.361668	151.149
11.6898	-0.444553	0.95186	2.3838
11.4101	-0.454373	0.944213	3.10713
11.4101	-0.454373	0.944213	3.10713
9.46695	-0.369346	0.812403	27.2947
9.26169	-0.400325	0.732701	27.6848
8.14896	-0.328881	0.632928	70.9505
8.14896	-0.328881	0.632928	70.9505
7.03257	-0.23526	0.524477	92.1083
6.80163	-0.241274	0.51086	101.271
6.80163	-0.241274	0.51086	101.271
5.43372	-0.197927	0.410235	117.577
4.20219	-0.140826	0.304816	201.164
10.9733	-0.435969	0.909186	2.41618
10.9733	-0.435969	0.909186	2.41618
10.7921	-0.533053	0.8665	6.49261
10.6992	-0.491464	0.870107	8.19128
8.70829	-0.355998	0.676871	35.9329
8.70829	-0.355998	0.676871	35.9329
8.60609	-0.315975	0.744277	11.0752
7.20393	-0.246601	0.538214	67.0819
6.84927	-0.251592	0.517052	73.8161
6.84927	-0.251592	0.517052	73.8161
6.14774	-0.235499	0.470564	78.8371
3.89351	-0.136482	0.281479	240.879
11.6898	-0.444553	0.95186	2.3838
11.4101	-0.454373	0.944213	3.10713
11.4101	-0.454373	0.944213	3.10713
9.46695	-0.369346	0.812403	27.2947
9.26169	-0.400325	0.732701	27.6848
8.14896	-0.328881	0.632928	70.9505
8.14896	-0.328881	0.632928	70.9505
7.03257	-0.23526	0.524477	92.1083
6.80163	-0.241274	0.51086	101.271
6.80163	-0.241274	0.51086	101.271
5.43372	-0.197927	0.410235	117.577
4.20219	-0.140826	0.304816	201.164
11.9928	-0.416822	0.989519	3.25422
11.9928	-0.416822	0.989519	3.25422
11.9928	-0.416822	0.989519	3.25422
10.7338	-0.371395	0.909645	4.15637
7.4594	-0.30002	0.576263	100.787
7.4594	-0.30002	0.576263	100.787
7.4594	-0.30002	0.576263	100.787
6.54118	-0.220142	0.486224	94.5188
6.54118	-0.220142	0.486224	94.5188
6.54118	-0.220142	0.486224	94.5188
4.94442	-0.159915	0.361668	151.149
4.94442	-0.159915	0.361668	151.149
11.6628	-0.466523	0.958845	2.29765
11.6628	-0.466523	0.958845	2.29765
10.6812	-0.393092	0.899374	3.22481
10.6812	-0.393092	0.899374	3.22481
8.75958	-0.368799	0.687785	36.463
8.75958	-0.368799	0.687785	36.463
6.76467	-0.257415	0.518145	62.9773
6.76467	-0.257415	0.518145	62.9773
6.65808	-0.236181	0.497397	106.43
6.65808	-0.236181	0.497397	106.43
5.40409	-0.19018	0.399973	125.484
5.40409	-0.19018	0.399973	125.484
11.6898	-0.444553	0.95186	2.3838
11.4101	-0.454373	0.944213	3.10713
11.4101	-0.454373	0.944213	3.10713
9.46695	-0.369346	0.812403	27.2947
9.26169	-0.400325	0.732701	27.6848
8.14896	-0.328881	0.632928	70.9505
8.14896	-0.328881	0.632928	70.9505
7.03257	-0.23526	0.524477	92.1083
6.80163	-0.241274	0.51086	101.271
6.80163	-0.241274	0.51086	101.271
5.43372	-0.197927	0.410235	117.577
4.20219	-0.140826	0.304816	201.164
11.5835	-0.492488	0.942021	2.46112
11.5835	-0.492488	0.942021	2.46112
11.014	-0.418473	0.914648	3.14672
9.47938	-0.431984	0.748521	15.5995
9.47938	-0.431984	0.748521	15.5995
7.98634	-0.307384	0.693522	35.8607
7.73544	-0.299135	0.59575	92.2306
7.68187	-0.272463	0.581127	71.8225
7.68187	-0.272463	0.581127	71.8225
7.19179	-0.240592	0.540355	69.9264
4.4668	-0.15216	0.331273	189.08
3.99996	-0.146227	0.299452	205.719
11.5215	-0.488893	0.936104	2.30108
11.4527	-0.560571	0.925019	2.33918
10.7886	-0.471135	0.903214	3.37496
10.1637	-0.497015	0.812667	32.0297
9.46972	-0.426961	0.740925	36.1858
8.04811	-0.308284	0.617691	89.9129
7.96455	-0.284722	0.603987	79.1105
7.79736	-0.28876	0.594726	63.6776
7.21915	-0.248577	0.54551	104.388
7.00997	-0.249268	0.615511	38.3839
4.87341	-0.178215	0.368428	113.278
3.68114	-0.132157	0.273692	153.326
11.5835	-0.492488	0.942021	2.46112
11.5835	-0.492488	0.942021	2.46112
11.014	-0.418473	0.914648	3.14672
9.47938	-0.431984	0.748521	15.5995
9.47938	-0.431984	0.748521	15.5995
7.98634	-0.307384	0.693522	35.8607
7.73544	-0.299135	0.59575	92.2306
7.68187	-0.272463	0.581127	71.8225
7.68187	-0.272463	0.581127	71.8225
7.19179	-0.240592	0.540355	69.9264
4.4668	-0.15216	0.331273	189.08
3.99996	-0.146227	0.299452	205.719
11.6898	-0.444553	0.95186	2.3838
11.4101	-0.454373	0.944213	3.10713
11.4101	-0.454373	0.944213	3.10713
9.46695	-0.369346	0.812403	27.2947
9.26169	-0.400325	0.732701	27.6848
8.14896	-0.328881	0.632928	70.9505
8.14896	-0.328881	0.632928	70.9505
7.03257	-0.23526	0.524477	92.1083
6.80163	-0.241274	0.51086	101.271
6.80163	-0.241274	0.51086	101.271
5.43372	-0.197927	0.410235	117.577
4.20219	-0.140826	0.304816	201.164
10.9783	-0.490091	0.904618	2.71026
10.9783	-0.490091	0.904618	2.71026
9.98374	-0.40774	0.848604	6.14647
9.98374	-0.40774	0.848604	6.14647
9.81003	-0.425072	0.775215	13.3117
9.81003	-0.425072	0.775215	13.3117
7.54091	-0.30833	0.583142	69.3828
7.54091	-0.30833	0.583142	69.3828
6.77773	-0.241635	0.507452	109.288
6.77773	-0.241635	0.507452	109.288
5.26167	-0.186215	0.388945	124.585
5.26167	-0.186215	0.388945	124.585
10.9733	-0.435969	0.909186	2.41618
10.9733	-0.435969	0.909186	2.41618
10.7921	-0.533053	0.8665	6.49261
10.6992	-0.491464	0.870107	8.19128
8.70829	-0.355998	0.676871	35.9329
8.70829	-0.355998	0.676871	35.9329
8.60609	-0.315975	0.744277	11.0752
7.20393	-0.246601	0.538214	67.0819
6.84927	-0.251592	0.517052	73.8161
6.84927	-0.251592	0.517052	73.8161
6.14774	-0.235499	0.470564	78.8371
3.89351	-0.136482	0.281479	240.879
11.5215	-0.488893	0.936104	2.30108
11.4527	-0.560571	0.925019	2.33918
10.7886	-0.471135	0.903214	3.37496
10.1637	-0.497015	0.812667	32.0297
9.46972	-0.426961	0.740925	36.1858
8.04811	-0.308284	0.617691	89.9129
7.96455	-0.284722	0.603987	79.1105
7.79736	-0.28876	0.594726	63.6776
7.21915	-0.248577	0.54551	104.388
7.00997	-0.249268	0.615511	38.3839
4.87341	-0.178215	0.368428	113.278
3.68114	-0.132157	0.273692	153.326
11.6841	-0.529972	0.942682	1.68699
11.6841	-0.529972	0.942682	1.68699
10.6674	-0.470863	0.89634	4.51832
9.7332	-0.427585	0.761423	83.4603
9.7332	-0.427585	0.761423	83.4603
8.49794	-0.331431	0.657072	73.8742
8.49794	-0.331431	0.657072	73.8742
7.43476	-0.242985	0.560619	87.8893
7.43476	-0.242985	0.560619	87.8893
5.89209	-0.222715	0.53295	73.6447
4.31147	-0.150607	0.323151	112.913
4.31147	-0.150607	0.323151	112.913
11.5215	-0.488893	0.936104	2.30108
11.4527	-0.560571	0.925019	2.33918
10.7886	-0.471135	0.903214	3.37496
10.1637	-0.497015	0.812667	32.0297
9.46972	-0.426961	0.740925	36.1858
8.04811	-0.308284	0.617691	89.9129
7.96455	-0.284722	0.603987	79.1105
7.79736	-0.28876	0.594726	63.6776
7.21915	-0.248577	0.54551	104.388
7.00997	-0.249268	0.615511	38.3839
4.87341	-0.178215	0.368428	113.278
3.68114	-0.132157	0.273692	153.326
10.9733	-0.435969	0.909186	2.41618
10.9733	-0.435969	0.909186	2.41618
10.7921	-0.533053	0.8665	6.49261
10.6992	-0.491464	0.870107	8.19128
8.70829	-0.355998	0.676871	35.9329
8.70829	-0.355998	0.676871	35.9329
8.60609	-0.315975	0.744277	11.0752
7.20393	-0.246601	0.538214	67.0819
6.84927	-0.251592	0.517052	73.8161
6.84927	-0.251592	0.517052	73.8161
6.14774	-0.235499	0.470564	78.8371
3.89351	-0.136482	0.281479	240.879
11.6628	-0.466523	0.958845	2.29765
11.6628	-0.466523	0.958845	2.29765
10.6812	-0.393092	0.899374	3.22481
10.6812	-0.393092	0.899374	3.22481
8.75958	-0.368799	0.687785	36.463
8.75958	-0.368799	0.687785	36.463
6.76467	-0.257415	0.518145	62.9773
6.76467	-0.257415	0.518145	62.9773
6.65808	-0.236181	0.497397	106.43
6.65808	-0.236181	0.497397	106.43
5.40409	-0.19018	0.399973	125.484
5.40409	-0.19018	0.399973	125.484
11.6898	-0.444553	0.95186	2.3838
11.4101	-0.454373	0.944213	3.10713
11.4101	-0.454373	0.944213	3.10713
9.46695	-0.369346	0.812403	27.2947
9.26169	-0.400325	0.732701	27.6848
8.14896	-0.328881	0.632928	70.9505
8.14896	-0.328881	0.632928	70.9505
7.03257	-0.23526	0.524477	92.1083
6.80163	-0.241274	0.51086	101.271
6.80163	-0.241274	0.51086	101.271
5.43372	-0.197927	0.410235	117.577
4.20219	-0.140826	0.304816	201.164
11.5835	-0.492488	0.942021	2.46112
11.5835	-0.492488	0.942021	2.46112
11.014	-0.418473	0.914648	3.14672
9.47938	-0.431984	0.748521	15.5995
9.47938	-0.431984	0.748521	15.5995
7.98634	-0.307384	0.693522	35.8607
7.73544	-0.299135	0.59575	92.2306
7.68187	-0.272463	0.581127	71.8225
7.68187	-0.272463	0.581127	71.8225
7.19179	-0.240592	0.540355	69.9264
4.4668	-0.15216	0.331273	189.08
3.99996	-0.146227	0.299452	205.719
11.5215	-0.488893	0.936104	2.30108
11.4527	-0.560571	0.925019	2.33918
10.7886	-0.471135	0.903214	3.37496
10.1637	-0.497015	0.812667	32.0297
9.46972	-0.426961	0.740925	36.1858
8.04811	-0.308284	0.617691	89.9129
7.96455	-0.284722	0.603987	79.1105
7.79736	-0.28876	0.594726	63.6776
7.21915	-0.248577	0.54551	104.388
7.00997	-0.249268	0.615511	38.3839
4.87341	-0.178215	0.368428	113.278
3.68114	-0.132157	0.273692	153.326
11.5835	-0.492488	0.942021	2.46112
11.5835	-0.492488	0.942021	2.46112
11.014	-0.418473	0.914648	3.14672
9.47938	-0.431984	0.748521	15.5995
9.47938	-0.431984	0.748521	15.5995
7.98634	-0.307384	0.693522	35.8607
7.73544	-0.299135	0.59575	92.2306
7.68187	-0.272463	0.581127	71.8225
7.68187	-0.272463	0.581127	71.8225
7.19179	-0.240592	0.540355	69.9264
4.4668	-0.15216	0.331273	189.08
3.99996	-0.146227	0.299452	205.719
11.6898	-0.444553	0.95186	2.3838
11.4101	-0.454373	0.944213	3.10713
11.4101	-0.454373	0.944213	3.10713
9.46695	-0.369346	0.812403	27.2947
9.26169	-0.400325	0.732701	27.6848
8.14896	-0.328881	0.632928	70.9505
8.14896	-0.328881	0.632928	70.9505
7.03257	-0.23526	0.524477	92.1083
6.80163	-0.241274	0.51086	101.271
6.80163	-0.241274	0.51086	101.271
5.43372	-0.197927	0.410235	117.577
4.20219	-0.140826	0.304816	201.164
12.2186	-0.461209	1.01181	2.73598
12.2186	-0.461209	1.01181	2.73598
11.6469	-0.378288	0.973423	3.04925
11.6469	-0.378288	0.973423	3.04925
7.29737	-0.290204	0.560847	97.9793
7.29737	-0.290204	0.560847	97.9793
6.27767	-0.21284	0.46527	136.762
6.27767	-0.21284	0.46527	136.762
5.8006	-0.191825	0.42828	95.2121
5.8006	-0.191825	0.42828	95.2121
5.77086	-0.209262	0.431566	77.5889
5.77086	-0.209262	0.431566	77.5889
11.9928	-0.416822	0.989519	3.25422
11.9928	-0.416822	0.989519	3.25422
11.9928	-0.416822	0.989519	3.25422
10.7338	-0.371395	0.909645	4.15637
7.4594	-0.30002	0.576263	100.787
7.4594	-0.30002	0.576263	100.787
7.4594	-0.30002	0.576263	100.787
6.54118	-0.220142	0.486224	94.5188
6.54118	-0.220142	0.486224	94.5188
6.54118	-0.220142	0.486224	94.5188
4.94442	-0.159915	0.361668	151.149
4.94442	-0.159915	0.361668	151.149
11.6898	-0.444553	0.95186	2.3838
11.4101	-0.454373	0.944213	3.10713
11.4101	-0.454373	0.944213	3.10713
9.46695	-0.369346	0.812403	27.2947
9.26169	-0.400325	0.732701	27.6848
8.14896	-0.328881	0.632928	70.9505
8.14896	-0.328881	0.632928	70.9505
7.03257	-0.23526	0.524477	92.1083
6.80163	-0.241274	0.51086	101.271
6.80163	-0.241274	0.51086	101.271
5.43372	-0.197927	0.410235	117.577
4.20219	-0.140826	0.304816	201.164
10.9733	-0.435969	0.909186	2.41618
10.9733	-0.435969	0.909186	2.41618
10.7921	-0.533053	0.8665	6.49261
10.6992	-0.491464	0.870107	8.19128
8.70829	-0.355998	0.676871	35.9329
8.70829	-0.355998	0.676871	35.9329
8.60609	-0.315975	0.744277	11.0752
7.20393	-0.246601	0.538214	67.0819
6.84927	-0.251592	0.517052	73.8161
6.84927	-0.251592	0.517052	73.8161
6.14774	-0.235499	0.470564	78.8371
3.89351	-0.136482	0.281479	240.879
11.6898	-0.444553	0.95186	2.3838
11.4101	-0.454373	0.944213	3.10713
11.4101	-0.454373	0.944213	3.10713
9.46695	-0.369346	0.812403	27.2947
9.26169	-0.400325	0.732701	27.6848
8.14896	-0.328881	0.632928	70.9505
8.14896	-0.328881	0.632928	70.9505
7.03257	-0.23526	0.524477	92.1083
6.80163	-0.241274	0.51086	101.271
6.80163	-0.241274	0.51086	101.271
5.43372	-0.197927	0.410235	117.577
4.20219	-0.140826	0.304816	201.164
11.9928	-0.416822	0.989519	3.25422
11.9928	-0.416822	0.989519	3.25422
11.9928	-0.416822	0.989519	3.25422
10.7338	-0.371395	0.909645	4.15637
7.4594	-0.30002	0.576263	100.787
7.4594	-0.30002	0.576263	100.787
7.4594	-0.30002	0.576263	100.787
6.54118	-0.220142	0.486224	94.5188
6.54118	-0.220142	0.486224	94.5188
6.54118	-0.220142	0.486224	94.5188
4.94442	-0.159915	0.361668	151.149
4.94442	-0.159915	0.361668	151.149
11.3988	-0.437183	0.949682	2.93387
11.3988	-0.437183	0.949682	2.93387
11.3988	-0.437183	0.949682	2.93387
11.3988	-0.437183	0.949682	2.93387
7.75823	-0.321597	0.603353	24.9633
7.75823	-0.321597	0.603353	24.9633
7.75823	-0.321597	0.603353	24.9633
7.75823	-0.321597	0.603353	24.9633
5.69691	-0.194211	0.419049	160.923
5.69691	-0.194211	0.419049	160.923
5.69691	-0.194211	0.419049	160.923
5.69691	-0.194211	0.419049	160.923
11.6628	-0.466523	0.958845	2.29765
11.6628	-0.466523	0.958845	2.29765
10.6812	-0.393092	0.899374	3.22481
10.6812	-0.393092	0.899374	3.22481
8.75958	-0.368799	0.687785	36.463
8.75958	-0.368799	0.687785	36.463
6.76467	-0.257415	0.518145	62.9773
6.76467	-0.257415	0.518145	62.9773
6.65808	-0.236181	0.497397	106.43
6.65808	-0.236181	0.497397	106.43
5.40409	-0.19018	0.399973	125.484
5.40409	-0.19018	0.399973	125.484
11.4265	-0.503348	0.928635	2.33974
11.4265	-0.503348	0.928635	2.33974
9.74036	-0.435196	0.771232	13.1449
9.74036	-0.435196	0.771232	13.1449
9.70044	-0.364928	0.824913	5.59439
9.70044	-0.364928	0.824913	5.59439
7.57624	-0.286516	0.57664	95.5096
7.57624	-0.286516	0.57664	95.5096
5.99072	-0.201072	0.447879	84.4187
5.99072	-0.201072	0.447879	84.4187
5.9382	-0.225446	0.453691	112.09
5.9382	-0.225446	0.453691	112.09
10.909	-0.560101	0.885059	3.43317
10.909	-0.560101	0.885059	3.43317
10.5136	-0.481554	0.836418	5.17387
10.5136	-0.481554	0.836418	5.17387
9.08325	-0.3419	0.778967	7.9133
9.08325	-0.3419	0.778967	7.9133
7.9254	-0.306745	0.607993	107.295
7.9254	-0.306745	0.607993	107.295
6.50631	-0.245085	0.494752	29.6766
6.50631	-0.245085	0.494752	29.6766
5.64564	-0.195307	0.424142	117.003
5.64564	-0.195307	0.424142	117.003
11.4265	-0.503348	0.928635	2.33974
11.4265	-0.503348	0.928635	2.33974
9.74036	-0.435196	0.771232	13.1449
9.74036	-0.435196	0.771232	13.1449
9.70044	-0.364928	0.824913	5.59439
9.70044	-0.364928	0.824913	5.59439
7.57624	-0.286516	0.57664	95.5096
7.57624	-0.286516	0.57664	95.5096
5.99072	-0.201072	0.447879	84.4187
5.99072	-0.201072	0.447879	84.4187
5.9382	-0.225446	0.453691	112.09
5.9382	-0.225446	0.453691	112.09
11.6628	-0.466523	0.958845	2.29765
11.6628	-0.466523	0.958845	2.29765
10.6812	-0.393092	0.899374	3.22481
10.6812	-0.393092	0.899374	3.22481
8.75958	-0.368799	0.687785	36.463
8.75958	-0.368799	0.687785	36.463
6.76467	-0.257415	0.518145	62.9773
6.76467	-0.257415	0.518145	62.9773
6.65808	-0.236181	0.497397	106.43
6.65808	-0.236181	0.497397	106.43
5.40409	-0.19018	0.399973	125.484
5.40409	-0.19018	0.399973	125.484
11.6628	-0.466523	0.958845	2.29765
11.6628	-0.466523	0.958845	2.29765
10.6812	-0.393092	0.899374	3.22481
10.6812	-0.393092	0.899374	3.22481
8.75958	-0.368799	0.687785	36.463
8.75958	-0.368799	0.687785	36.463
6.76467	-0.257415	0.518145	62.9773
6.76467	-0.257415	0.518145	62.9773
6.65808	-0.236181	0.497397	106.43
6.65808	-0.236181	0.497397	106.43
5.40409	-0.19018	0.399973	125.484
5.40409	-0.19018	0.399973	125.484
11.6898	-0.444553	0.95186	2.3838
11.4101	-0.454373	0.944213	3.10713
11.4101	-0.454373	0.944213	3.10713
9.46695	-0.369346	0.812403	27.2947
9.26169	-0.400325	0.732701	27.6848
8.14896	-0.328881	0.632928	70.9505
8.14896	-0.328881	0.632928	70.9505
7.03257	-0.23526	0.524477	92.1083
6.80163	-0.241274	0.51086	101.271
6.80163	-0.241274	0.51086	101.271
5.43372	-0.197927	0.410235	117.577
4.20219	-0.140826	0.304816	201.164
11.5835	-0.492488	0.942021	2.46112
11.5835	-0.492488	0.942021	2.46112
11.014	-0.418473	0.914648	3.14672
9.47938	-0.431984	0.748521	15.5995
9.47938	-0.431984	0.748521	15.5995
7.98634	-0.307384	0.693522	35.8607
7.73544	-0.299135	0.59575	92.2306
7.68187	-0.272463	0.581127	71.8225
7.68187	-0.272463	0.581127	71.8225
7.19179	-0.240592	0.540355	69.9264
4.4668	-0.15216	0.331273	189.08
3.99996	-0.146227	0.299452	205.719
11.5215	-0.488893	0.936104	2.30108
11.4527	-0.560571	0.925019	2.33918
10.7886	-0.471135	0.903214	3.37496
10.1637	-0.497015	0.812667	32.0297
9.46972	-0.426961	0.740925	36.1858
8.04811	-0.308284	0.617691	89.9129
7.96455	-0.284722	0.603987	79.1105
7.79736	-0.28876	0.594726	63.6776
7.21915	-0.248577	0.54551	104.388
7.00997	-0.249268	0.615511	38.3839
4.87341	-0.178215	0.368428	113.278
3.68114	-0.132157	0.273692	153.326
11.5835	-0.492488	0.942021	2.46112
11.5835	-0.492488	0.942021	2.46112
11.014	-0.418473	0.914648	3.14672
9.47938	-0.431984	0.748521	15.5995
9.47938	-0.431984	0.748521	15.5995
7.98634	-0.307384	0.693522	35.8607
7.73544	-0.299135	0.59575	92.2306
7.68187	-0.272463	0.581127	71.8225
7.68187	-0.272463	0.581127	71.8225
7.19179	-0.240592	0.540355	69.9264
4.4668	-0.15216	0.331273	189.08
3.99996	-0.146227	0.299452	205.719
11.6898	-0.444553	0.95186	2.3838
11.4101	-0.454373	0.944213	3.10713
11.4101	-0.454373	0.944213	3.10713
9.46695	-0.369346	0.812403	27.2947
9.26169	-0.400325	0.732701	27.6848
8.14896	-0.328881	0.632928	70.9505
8.14896	-0.328881	0.632928	70.9505
7.03257	-0.23526	0.524477	92.1083
6.80163	-0.241274	0.51086	101.271
6.80163	-0.241274	0.51086	101.271
5.43372	-0.197927	0.410235	117.577
4.20219	-0.140826	0.304816	201.164
11.4265	-0.503348	0.928635	2.33974
11.4265	-0.503348	0.928635	2.33974
9.74036	-0.435196	0.771232	13.1449
9.74036	-0.435196	0.771232	13.1449
9.70044	-0.364928	0.824913	5.59439
9.70044	-0.364928	0.824913	5.59439
7.57624	-0.286516	0.57664	95.5096
7.57624	-0.286516	0.57664	95.5096
5.99072	-0.201072	0.447879	84.4187
5.99072	-0.201072	0.447879	84.4187
5.9382	-0.225446	0.453691	112.09
5.9382	-0.225446	0.453691	112.09
11.5835	-0.492488	0.942021	2.46112
11.5835	-0.492488	0.942021	2.46112
11.014	-0.418473	0.914648	3.14672
9.47938	-0.431984	0.748521	15.5995
9.47938	-0.431984	0.748521	15.5995
7.98634	-0.307384	0.693522	35.8607
7.73544	-0.299135	0.59575	92.2306
7.68187	-0.272463	0.581127	71.8225
7.68187	-0.272463	0.581127	71.8225
7.19179	-0.240592	0.540355	69.9264
4.4668	-0.15216	0.331273	189.08
3.99996	-0.146227	0.299452	205.719
11.8199	-0.500187	0.964848	2.19053
11.8199	-0.500187	0.964848	2.19053
11.8199	-0.500187	0.964848	2.19053
8.97101	-0.381151	0.698535	51.3699
8.97101	-0.381151	0.698535	51.3699
8.97101	-0.381151	0.698535	51.3699
7.95462	-0.261326	0.598922	75.7121
7.95462	-0.261326	0.598922	75.7121
7.95462	-0.261326	0.598922	75.7121
6.07934	-0.258637	0.536585	46.5251
2.86212	-0.0985834	0.208752	250.97
2.86212	-0.0985834	0.208752	250.97
12.0871	-0.469318	0.974982	1.32813
11.9158	-0.496397	0.973927	1.97211
11.9158	-0.496397	0.973927	1.97211
9.41174	-0.398542	0.735668	62.6581
8.61824	-0.309324	0.658	68.5069
8.61824	-0.309324	0.658	68.5069
8.21594	-0.269319	0.619043	94.4807
8.21064	-0.284536	0.62397	99.6707
8.21064	-0.284536	0.62397	99.6707
4.77723	-0.1987	0.428154	69.1937
3.16935	-0.11813	0.238381	278.448
1.96536	-0.0710733	0.139722	603.357
11.8199	-0.500187	0.964848	2.19053
11.8199	-0.500187	0.964848	2.19053
11.8199	-0.500187	0.964848	2.19053
8.97101	-0.381151	0.698535	51.3699
8.97101	-0.381151	0.698535	51.3699
8.97101	-0.381151	0.698535	51.3699
7.95462	-0.261326	0.598922	75.7121
7.95462	-0.261326	0.598922	75.7121
7.95462	-0.261326	0.598922	75.7121
6.07934	-0.258637	0.536585	46.5251
2.86212	-0.0985834	0.208752	250.97
2.86212	-0.0985834	0.208752	250.97
11.5835	-0.492488	0.942021	2.46112
11.5835	-0.492488	0.942021	2.46112
11.014	-0.418473	0.914648	3.14672
9.47938	-0.431984	0.748521	15.5995
9.47938	-0.431984	0.748521	15.5995
7.98634	-0.307384	0.693522	35.8607
7.73544	-0.299135	0.59575	92.2306
7.68187	-0.272463	0.581127	71.8225
7.68187	-0.272463	0.581127	71.8225
7.19179	-0.240592	0.540355	69.9264
4.4668	-0.15216	0.331273	189.08
3.99996	-0.146227	0.299452	205.719
10.909	-0.560101	0.885059	3.43317
10.909	-0.560101	0.885059	3.43317
10.5136	-0.481554	0.836418	5.17387
10.5136	-0.481554	0.836418	5.17387
9.08325	-0.3419	0.778967	7.9133
9.08325	-0.3419	0.778967	7.9133
7.9254	-0.306745	0.607993	107.295
7.9254	-0.306745	0.607993	107.295
6.50631	-0.245085	0.494752	29.6766
6.50631	-0.245085	0.494752	29.6766
5.64564	-0.195307	0.424142	117.003
5.64564	-0.195307	0.424142	117.003
11.5215	-0.488893	0.936104	2.30108
11.4527	-0.560571	0.925019	2.33918
10.7886	-0.471135	0.903214	3.37496
10.1637	-0.497015	0.812667	32.0297
9.46972	-0.426961	0.740925	36.1858
8.04811	-0.308284	0.617691	89.9129
7.96455	-0.284722	0.603987	79.1105
7.79736	-0.28876	0.594726	63.6776
7.21915	-0.248577	0.54551	104.388
7.00997	-0.249268	0.615511	38.3839
4.87341	-0.178215	0.368428	113.278
3.68114	-0.132157	0.273692	153.326
12.0871	-0.469318	0.974982	1.32813
11.9158	-0.496397	0.973927	1.97211
11.9158	-0.496397	0.973927	1.97211
9.41174	-0.398542	0.735668	62.6581
8.61824	-0.309324	0.658	68.5069
8.61824	-0.309324	0.658	68.5069
8.21594	-0.269319	0.619043	94.4807
8.21064	-0.284536	0.62397	99.6707
8.21064	-0.284536	0.62397	99.6707
4.77723	-0.1987	0.428154	69.1937
3.16935	-0.11813	0.238381	278.448
1.96536	-0.0710733	0.139722	603.357
12.3096	-0.390981	0.989346	1.21401
12.3096	-0.390981	0.989346	1.21401
12.0507	-0.545164	0.990591	1.57836
8.89954	-0.319774	0.679925	91.692
8.89954	-0.319774	0.679925	91.692
8.54776	-0.298035	0.651128	90.855
8.54776	-0.298035	0.651128	90.855
8.28324	-0.269137	0.625755	86.2216
8.28324	-0.269137	0.625755	86.2216
2.98908	-0.126308	0.281364	455.207
2.23652	-0.0819166	0.16724	514.102
2.23652	-0.0819166	0.16724	514.102
12.0871	-0.469318	0.974982	1.32813
11.9158	-0.496397	0.973927	1.97211
11.9158	-0.496397	0.973927	1.97211
9.41174	-0.398542	0.735668	62.6581
8.61824	-0.309324	0.658	68.5069
8.61824	-0.309324	0.658	68.5069
8.21594	-0.269319	0.619043	94.4807
8.21064	-0.284536	0.62397	99.6707
8.21064	-0.284536	0.62397	99.6707
4.77723	-0.1987	0.428154	69.1937
3.16935	-0.11813	0.238381	278.448
1.96536	-0.0710733	0.139722	603.357
11.5215	-0.488893	0.936104	2.30108
11.4527	-0.560571	0.925019	2.33918
10.7886	-0.471135	0.903214	3.37496
10.1637	-0.497015	0.812667	32.0297
9.46972	-0.426961	0.740925	36.1858
8.04811	-0.308284	0.617691	89.9129
7.96455	-0.284722	0.603987	79.1105
7.79736	-0.28876	0.594726	63.6776
7.21915	-0.248577	0.54551	104.388
7.00997	-0.249268	0.615511	38.3839
4.87341	-0.178215	0.368428	113.278
3.68114	-0.132157	0.273692	153.326
11.4265	-0.503348	0.928635	2.33974
11.4265	-0.503348	0.928635	2.33974
9.74036	-0.435196	0.771232	13.1449
9.74036	-0.435196	0.771232	13.1449
9.70044	-0.364928	0.824913	5.59439
9.70044	-0.364928	0.824913	5.59439
7.57624	-0.286516	0.57664	95.5096
7.57624	-0.286516	0.57664	95.5096
5.99072	-0.201072	0.447879	84.4187
5.99072	-0.201072	0.447879	84.4187
5.9382	-0.225446	0.453691	112.09
5.9382	-0.225446	0.453691	112.09
11.5835	-0.492488	0.942021	2.46112
11.5835	-0.492488	0.942021	2.46112
11.014	-0.418473	0.914648	3.14672
9.47938	-0.431984	0.748521	15.5995
9.47938	-0.431984	0.748521	15.5995
7.98634	-0.307384	0.693522	35.8607
7.73544	-0.299135	0.59575	92.2306
7.68187	-0.272463	0.581127	71.8225
7.68187	-0.272463	0.581127	71.8225
7.19179	-0.240592	0.540355	69.9264
4.4668	-0.15216	0.331273	189.08
3.99996	-0.146227	0.299452	205.719
11.8199	-0.500187	0.964848	2.19053
11.8199	-0.500187	0.964848	2.19053
11.8199	-0.500187	0.964848	2.19053
8.97101	-0.381151	0.698535	51.3699
8.97101	-0.381151	0.698535	51.3699
8.97101	-0.381151	0.698535	51.3699
7.95462	-0.261326	0.598922	75.7121
7.95462	-0.261326	0.598922	75.7121
7.95462	-0.261326	0.598922	75.7121
6.07934	-0.258637	0.536585	46.5251
2.86212	-0.0985834	0.208752	250.97
2.86212	-0.0985834	0.208752	250.97
12.0871	-0.469318	0.974982	1.32813
11.9158	-0.496397	0.973927	1.97211
11.9158	-0.496397	0.973927	1.97211
9.41174	-0.398542	0.735668	62.6581
8.61824	-0.309324	0.658	68.5069
8.61824	-0.309324	0.658	68.5069
8.21594	-0.269319	0.619043	94.4807
8.21064	-0.284536	0.62397	99.6707
8.21064	-0.284536	0.62397	99.6707
4.77723	-0.1987	0.428154	69.1937
3.16935	-0.11813	0.238381	278.448
1.96536	-0.0710733	0.139722	603.357
11.8199	-0.500187	0.964848	2.19053
11.8199	-0.500187	0.964848	2.19053
11.8199	-0.500187	0.964848	2.19053
8.97101	-0.381151	0.698535	51.3699
8.97101	-0.381151	0.698535	51.3699
8.97101	-0.381151	0.698535	51.3699
7.95462	-0.261326	0.598922	75.7121
7.95462	-0.261326	0.598922	75.7121
7.95462	-0.261326	0.598922	75.7121
6.07934	-0.258637	0.536585	46.5251
2.86212	-0.0985834	0.208752	250.97
2.86212	-0.0985834	0.208752	250.97
11.5835	-0.492488	0.942021	2.46112
11.5835	-0.492488	0.942021	2.46112
11.014	-0.418473	0.914648	3.14672
9.47938	-0.431984	0.748521	15.5995
9.47938	-0.431984	0.748521	15.5995
7.98634	-0.307384	0.693522	35.8607
7.73544	-0.299135	0.59575	92.2306
7.68187	-0.272463	0.581127	71.8225
7.68187	-0.272463	0.581127	71.8225
7.19179	-0.240592	0.540355	69.9264
4.4668	-0.15216	0.331273	189.08
3.99996	-0.146227	0.299452	205.719
11.6628	-0.466523	0.958845	2.29765
11.6628	-0.466523	0.958845	2.29765
10.6812	-0.393092	0.899374	3.22481
10.6812	-0.393092	0.899374	3.22481
8.75958	-0.368799	0.687785	36.463
8.75958	-0.368799	0.687785	36.463
6.76467	-0.257415	0.518145	62.9773
6.76467	-0.257415	0.518145	62.9773
6.65808	-0.236181	0.497397	106.43
6.65808	-0.236181	0.497397	106.43
5.40409	-0.19018	0.399973	125.484
5.40409	-0.19018	0.399973	125.484
11.6898	-0.444553	0.95186	2.3838
11.4101	-0.454373	0.944213	3.10713
11.4101	-0.454373	0.944213	3.10713
9.46695	-0.369346	0.812403	27.2947
9.26169	-0.400325	0.732701	27.6848
8.14896	-0.328881	0.632928	70.9505
8.14896	-0.328881	0.632928	70.9505
7.03257	-0.23526	0.524477	92.1083
6.80163	-0.241274	0.51086	101.271
6.80163	-0.241274	0.51086	101.271
5.43372	-0.197927	0.410235	117.577
4.20219	-0.140826	0.304816	201.164
11.5835	-0.492488	0.942021	2.46112
11.5835	-0.492488	0.942021	2.46112
11.014	-0.418473	0.914648	3.14672
9.47938	-0.431984	0.748521	15.5995
9.47938	-0.431984	0.748521	15.5995
7.98634	-0.307384	0.693522	35.8607
7.73544	-0.299135	0.59575	92.2306
7.68187	-0.272463	0.581127	71.8225
7.68187	-0.272463	0.581127	71.8225
7.19179	-0.240592	0.540355	69.9264
4.4668	-0.15216	0.331273	189.08
3.99996	-0.146227	0.299452	205.719
11.5215	-0.488893	0.936104	2.30108
11.4527	-0.560571	0.925019	2.33918
10.7886	-0.471135	0.903214	3.37496
10.1637	-0.497015	0.812667	32.0297
9.46972	-0.426961	0.740925	36.1858
8.04811	-0.308284	0.617691	89.9129
7.96455	-0.284722	0.603987	79.1105
7.79736	-0.28876	0.594726	63.6776
7.21915	-0.248577	0.54551	104.388
7.00997	-0.249268	0.615511	38.3839
4.87341	-0.178215	0.368428	113.278
3.68114	-0.132157	0.273692	153.326
11.5835	-0.492488	0.942021	2.46112
11.5835	-0.492488	0.942021	2.46112
11.014	-0.418473	0.914648	3.14672
9.47938	-0.431984	0.748521	15.5995
9.47938	-0.431984	0.748521	15.5995
7.98634	-0.307384	0.693522	35.8607
7.73544	-0.299135	0.59575	92.2306
7.68187	-0.272463	0.581127	71.8225
7.68187	-0.272463	0.581127	71.8225
7.19179	-0.240592	0.540355	69.9264
4.4668	-0.15216	0.331273	189.08
3.99996	-0.146227	0.299452	205.719
11.6898	-0.444553	0.95186	2.3838
11.4101	-0.454373	0.944213	3.10713
11.4101	-0.454373	0.944213	3.10713
9.46695	-0.369346	0.812403	27.2947
9.26169	-0.400325	0.732701	27.6848
8.14896	-0.328881	0.632928	70.9505
8.14896	-0.328881	0.632928	70.9505
7.03257	-0.23526	0.524477	92.1083
6.80163	-0.241274	0.51086	101.271
6.80163	-0.241274	0.51086	101.271
5.43372	-0.197927	0.410235	117.577
4.20219	-0.140826	0.304816	201.164
10.6715	-0.508778	0.899004	3.05289
10.6715	-0.508778	0.899004	3.05289
10.6715	-0.508778	0.899004	3.05289
10.6715	-0.508778	0.899004	3.05289
8.75267	-0.345335	0.683879	20.0817
8.75267	-0.345335	0.683879	20.0817
8.75267	-0.345335	0.683879	20.0817
8.75267	-0.345335	0.683879	20.0817
5.69526	-0.194136	0.419155	141.548
5.69526	-0.194136	0.419155	141.548
5.69526	-0.194136	0.419155	141.548
5.69526	-0.194136	0.419155	141.548
10.9783	-0.490091	0.904618	2.71026
10.9783	-0.490091	0.904618	2.71026
9.98374	-0.40774	0.848604	6.14647
9.98374	-0.40774	0.848604	6.14647
9.81003	-0.425072	0.775215	13.3117
9.81003	-0.425072	0.775215	13.3117
7.54091	-0.30833	0.583142	69.3828
7.54091	-0.30833	0.583142	69.3828
6.77773	-0.241635	0.507452	109.288
6.77773	-0.241635	0.507452	109.288
5.26167	-0.186215	0.388945	124.585
5.26167	-0.186215	0.388945	124.585
10.909	-0.560101	0.885059	3.43317
10.909	-0.560101	0.885059	3.43317
10.5136	-0.481554	0.836418	5.17387
10.5136	-0.481554	0.836418	5.17387
9.08325	-0.3419	0.778967	7.9133
9.08325	-0.3419	0.778967	7.9133
7.9254	-0.306745	0.607993	107.295
7.9254	-0.306745	0.607993	107.295
6.50631	-0.245085	0.494752	29.6766
6.50631	-0.245085	0.494752	29.6766
5.64564	-0.195307	0.424142	117.003
5.64564	-0.195307	0.424142	117.003
10.7591	-0.573351	0.862992	7.03591
10.7591	-0.573351	0.862992	7.03591
10.7591	-0.573351	0.862992	7.03591
10.7591	-0.573351	0.862992	7.03591
8.53484	-0.317611	0.739201	61.3489
8.53484	-0.317611	0.739201	61.3489
8.47291	-0.348595	0.66012	77.1948
8.47291	-0.348595	0.66012	77.1948
6.08233	-0.200073	0.457095	96.4205
6.08233	-0.200073	0.457095	96.4205
6.08233	-0.200073	0.457095	96.4205
6.08233	-0.200073	0.457095	96.4205
10.909	-0.560101	0.885059	3.43317
10.909	-0.560101	0.885059	3.43317
10.5136	-0.481554	0.836418	5.17387
10.5136	-0.481554	0.836418	5.17387
9.08325	-0.3419	0.778967	7.9133
9.08325	-0.3419	0.778967	7.9133
7.9254	-0.306745	0.607993	107.295
7.9254	-0.306745	0.607993	107.295
6.50631	-0.245085	0.494752	29.6766
6.50631	-0.245085	0.494752	29.6766
5.64564	-0.195307	0.424142	117.003
5.64564	-0.195307	0.424142	117.003
10.9783	-0.490091	0.904618	2.71026
10.9783	-0.490091	0.904618	2.71026
9.98374	-0.40774	0.848604	6.14647
9.98374	-0.40774	0.848604	6.14647
9.81003	-0.425072	0.775215	13.3117
9.81003	-0.425072	0.775215	13.3117
7.54091	-0.30833	0.583142	69.3828
7.54091	-0.30833	0.583142	69.3828
6.77773	-0.241635	0.507452	109.288
6.77773	-0.241635	0.507452	109.288
5.26167	-0.186215	0.388945	124.585
5.26167	-0.186215	0.388945	124.585
10.9783	-0.490091	0.904618	2.71026
10.9783	-0.490091	0.904618	2.71026
9.98374	-0.40774	0.848604	6.14647
9.98374	-0.40774	0.848604	6.14647
9.81003	-0.425072	0.775215	13.3117
9.81003	-0.425072	0.775215	13.3117
7.54091	-0.30833	0.583142	69.3828
7.54091	-0.30833	0.583142	69.3828
6.77773	-0.241635	0.507452	109.288
6.77773	-0.241635	0.507452	109.288
5.26167	-0.186215	0.388945	124.585
5.26167	-0.186215	0.388945	124.585
10.9733	-0.435969	0.909186	2.41618
10.9733	-0.435969	0.909186	2.41618
10.7921	-0.533053	0.8665	6.49261
10.6992	-0.491464	0.870107	8.19128
8.70829	-0.355998	0.676871	35.9329
8.70829	-0.355998	0.676871	35.9329
8.60609	-0.315975	0.744277	11.0752
7.20393	-0.246601	0.538214	67.0819
6.84927	-0.251592	0.517052	73.8161
6.84927	-0.251592	0.517052	73.8161
6.14774	-0.235499	0.470564	78.8371
3.89351	-0.136482	0.281479	240.879
11.5215	-0.488893	0.936104	2.30108
11.4527	-0.560571	0.925019	2.33918
10.7886	-0.471135	0.903214	3.37496
10.1637	-0.497015	0.812667	32.0297
9.46972	-0.426961	0.740925	36.1858
8.04811	-0.308284	0.617691	89.9129
7.96455	-0.284722	0.603987	79.1105
7.79736	-0.28876	0.594726	63.6776
7.21915	-0.248577	0.54551	104.388
7.00997	-0.249268	0.615511	38.3839
4.87341	-0.178215	0.368428	113.278
3.68114	-0.132157	0.273692	153.326
11.6841	-0.529972	0.942682	1.68699
11.6841	-0.529972	0.942682	1.68699
10.6674	-0.470863	0.89634	4.51832
9.7332	-0.427585	0.761423	83.4603
9.7332	-0.427585	0.761423	83.4603
8.49794	-0.331431	0.657072	73.8742
8.49794	-0.331431	0.657072	73.8742
7.43476	-0.242985	0.560619	87.8893
7.43476	-0.242985	0.560619	87.8893
5.89209	-0.222715	0.53295	73.6447
4.31147	-0.150607	0.323151	112.913
4.31147	-0.150607	0.323151	112.913
11.5215	-0.488893	0.936104	2.30108
11.4527	-0.560571	0.925019	2.33918
10.7886	-0.471135	0.903214	3.37496
10.1637	-0.497015	0.812667	32.0297
9.46972	-0.426961	0.740925	36.1858
8.04811	-0.308284	0.617691	89.9129
7.96455	-0.284722	0.603987	79.1105
7.79736	-0.28876	0.594726	63.6776
7.21915	-0.248577	0.54551	104.388
7.00997	-0.249268	0.615511	38.3839
4.87341	-0.178215	0.368428	113.278
3.68114	-0.132157	0.273692	153.326
10.9733	-0.435969	0.909186	2.41618
10.9733	-0.435969	0.909186	2.41618
10.7921	-0.533053	0.8665	6.49261
10.6992	-0.491464	0.870107	8.19128
8.70829	-0.355998	0.676871	35.9329
8.70829	-0.355998	0.676871	35.9329
8.60609	-0.315975	0.744277	11.0752
7.20393	-0.246601	0.538214	67.0819
6.84927	-0.251592	0.517052	73.8161
6.84927	-0.251592	0.517052	73.8161
6.14774	-0.235499	0.470564	78.8371
3.89351	-0.136482	0.281479	240.879
10.909	-0.560101	0.885059	3.43317
10.909	-0.560101	0.885059	3.43317
10.5136	-0.481554	0.836418	5.17387
10.5136	-0.481554	0.836418	5.17387
9.08325	-0.3419	0.778967	7.9133
9.08325	-0.3419	0.778967	7.9133
7.9254	-0.306745	0.607993	107.295
7.9254	-0.306745	0.607993	107.295
6.50631	-0.245085	0.494752	29.6766
6.50631	-0.245085	0.494752	29.6766
5.64564	-0.195307	0.424142	117.003
5.64564	-0.195307	0.424142	117.003
11.5215	-0.488893	0.936104	2.30108
11.4527	-0.560571	0.925019	2.33918
10.7886	-0.471135	0.903214	3.37496
10.1637	-0.497015	0.812667	32.0297
9.46972	-0.426961	0.740925	36.1858
8.04811	-0.308284	0.617691	89.9129
7.96455	-0.284722	0.603987	79.1105
7.79736	-0.28876	0.594726	63.6776
7.21915	-0.248577	0.54551	104.388
7.00997	-0.249268	0.615511	38.3839
4.87341	-0.178215	0.368428	113.278
3.68114	-0.132157	0.273692	153.326
12.0871	-0.469318	0.974982	1.32813
11.9158	-0.496397	0.973927	1.97211
11.9158	-0.496397	0.973927	1.97211
9.41174	-0.398542	0.735668	62.6581
8.61824	-0.309324	0.658	68.5069
8.61824	-0.309324	0.658	68.5069
8.21594	-0.269319	0.619043	94.4807
8.21064	-0.284536	0.62397	99.6707
8.21064	-0.284536	0.62397	99.6707
4.77723	-0.1987	0.428154	69.1937
3.16935	-0.11813	0.238381	278.448
1.96536	-0.0710733	0.139722	603.357
12.3096	-0.390981	0.989346	1.21401
12.3096	-0.390981	0.989346	1.21401
12.0507	-0.545164	0.990591	1.57836
8.89954	-0.319774	0.679925	91.692
8.89954	-0.319774	0.679925	91.692
8.54776	-0.298035	0.651128	90.855
8.54776	-0.298035	0.651128	90.855
8.28324	-0.269137	0.625755	86.2216
8.28324	-0.269137	0.625755	86.2216
2.98908	-0.126308	0.281364	455.207
2.23652	-0.0819166	0.16724	514.102
2.23652	-0.0819166	0.16724	514.102
12.0871	-0.469318	0.974982	1.32813
11.9158	-0.496397	0.973927	1.97211
11.9158	-0.496397	0.973927	1.97211
9.41174	-0.398542	0.735668	62.6581
8.61824	-0.309324	0.658	68.5069
8.61824	-0.309324	0.658	68.5069
8.21594	-0.269319	0.619043	94.4807
8.21064	-0.284536	0.62397	99.6707
8.21064	-0.284536	0.62397	99.6707
4.77723	-0.1987	0.428154	69.1937
3.16935	-0.11813	0.238381	278.448
1.96536	-0.0710733	0.139722	603.357
11.5215	-0.488893	0.936104	2.30108
11.4527	-0.560571	0.925019	2.33918
10.7886	-0.471135	0.903214	3.37496
10.1637	-0.497015	0.812667	32.0297
9.46972	-0.426961	0.740925	36.1858
8.04811	-0.308284	0.617691	89.9129
7.96455	-0.284722	0.603987	79.1105
7.79736	-0.28876	0.594726	63.6776
7.21915	-0.248577	0.54551	104.388
7.00997	-0.249268	0.615511	38.3839
4.87341	-0.178215	0.368428	113.278
3.68114	-0.132157	0.273692	153.326
10.7591	-0.573351	0.862992	7.03591
10.7591	-0.573351	0.862992	7.03591
10.7591	-0.573351	0.862992	7.03591
10.7591	-0.573351	0.862992	7.03591
8.53484	-0.317611	0.739201	61.3489
8.53484	-0.317611	0.739201	61.3489
8.47291	-0.348595	0.66012	77.1948
8.47291	-0.348595	0.66012	77.1948
6.08233	-0.200073	0.457095	96.4205
6.08233	-0.200073	0.457095	96.4205
6.08233	-0.200073	0.457095	96.4205
6.08233	-0.200073	0.457095	96.4205
11.6841	-0.529972	0.942682	1.68699
11.6841	-0.529972	0.942682	1.68699
10.6674	-0.470863	0.89634	4.51832
9.7332	-0.427585	0.761423	83.4603
9.7332	-0.427585	0.761423	83.4603
8.49794	-0.331431	0.657072	73.8742
8.49794	-0.331431	0.657072	73.8742
7.43476	-0.242985	0.560619	87.8893
7.43476	-0.242985	0.560619	87.8893
5.89209	-0.222715	0.53295	73.6447
4.31147	-0.150607	0.323151	112.913
4.31147	-0.150607	0.323151	112.913
12.3096	-0.390981	0.989346	1.21401
12.3096	-0.390981	0.989346	1.21401
12.0507	-0.545164	0.990591	1.57836
8.89954	-0.319774	0.679925	91.692
8.89954	-0.319774	0.679925	91.692
8.54776	-0.298035	0.651128	90.855
8.54776	-0.298035	0.651128	90.855
8.28324	-0.269137	0.625755	86.2216
8.28324	-0.269137	0.625755	86.2216
2.98908	-0.126308	0.281364	455.207
2.23652	-0.0819166	0.16724	514.102
2.23652	-0.0819166	0.16724	514.102
12.529	-0.301416	1.00302	1.3568
12.529	-0.301416	1.00302	1.3568
12.529	-0.301416	1.00302	1.3568
8.57257	-0.27961	0.648083	96.9068
8.57257	-0.27961	0.648083	96.9068
8.57257	-0.27961	0.648083	96.9068
8.57257	-0.27961	0.648083	96.9068
8.57257	-0.27961	0.648083	96.9068
8.57257	-0.27961	0.648083	96.9068
0	0	0	0
0	0	0	0
0	0	0	0
10.909	-0.560101	0.885059	3.43317
10.909	-0.560101	0.885059	3.43317
10.5136	-0.481554	0.836418	5.17387
10.5136	-0.481554	0.836418	5.17387
9.08325	-0.3419	0.778967	7.9133
9.08325	-0.3419	0.778967	7.9133
7.9254	-0.306745	0.607993	107.295
7.9254	-0.306745	0.607993	107.295
6.50631	-0.245085	0.494752	29.6766
6.50631	-0.245085	0.494752	29.6766
5.64564	-0.195307	0.424142	117.003
5.64564	-0.195307	0.424142	117.003
10.9783	-0.490091	0.904618	2.71026
10.9783	-0.490091	0.904618	2.71026
9.98374	-0.40774	0.848604	6.14647
9.98374	-0.40774	0.848604	6.14647
9.81003	-0.425072	0.775215	13.3117
9.81003	-0.425072	0.775215	13.3117
7.54091	-0.30833	0.583142	69.3828
7.54091	-0.30833	0.583142	69.3828
6.77773	-0.241635	0.507452	109.288
6.77773	-0.241635	0.507452	109.288
5.26167	-0.186215	0.388945	124.585
5.26167	-0.186215	0.388945	124.585
11.3988	-0.437183	0.949682	2.93387
11.3988	-0.437183	0.949682	2.93387
11.3988	-0.437183	0.949682	2.93387
11.3988	-0.437183	0.949682	2.93387
7.75823	-0.321597	0.603353	24.9633
7.75823	-0.321597	0.603353	24.9633
7.75823	-0.321597	0.603353	24.9633
7.75823	-0.321597	0.603353	24.9633
5.69691	-0.194211	0.419049	160.923
5.69691	-0.194211	0.419049	160.923
5.69691	-0.194211	0.419049	160.923
5.69691	-0.194211	0.419049	160.923
11.6628	-0.466523	0.958845	2.29765
11.6628	-0.466523	0.958845	2.29765
10.6812	-0.393092	0.899374	3.22481
10.6812	-0.393092	0.899374	3.22481
8.75958	-0.368799	0.687785	36.463
8.75958	-0.368799	0.687785	36.463
6.76467	-0.257415	0.518145	62.9773
6.76467	-0.257415	0.518145	62.9773
6.65808	-0.236181	0.497397	106.43
6.65808	-0.236181	0.497397	106.43
5.40409	-0.19018	0.399973	125.484
5.40409	-0.19018	0.399973	125.484
11.4265	-0.503348	0.928635	2.33974
11.4265	-0.503348	0.928635	2.33974
9.74036	-0.435196	0.771232	13.1449
9.74036	-0.435196	0.771232	13.1449
9.70044	-0.364928	0.824913	5.59439
9.70044	-0.364928	0.824913	5.59439
7.57624	-0.286516	0.57664	95.5096
7.57624	-0.286516	0.57664	95.5096
5.99072	-0.201072	0.447879	84.4187
5.99072	-0.201072	0.447879	84.4187
5.9382	-0.225446	0.453691	112.09
5.9382	-0.225446	0.453691	112.09
10.909	-0.560101	0.885059	3.43317
10.909	-0.560101	0.885059	3.43317
10.5136	-0.481554	0.836418	5.17387
10.5136	-0.481554	0.836418	5.17387
9.08325	-0.3419	0.778967	7.9133
9.08325	-0.3419	0.778967	7.9133
7.9254	-0.306745	0.607993	107.295
7.9254	-0.306745	0.607993	107.295
6.50631	-0.245085	0.494752	29.6766
6.50631	-0.245085	0.494752	29.6766
5.64564	-0.195307	0.424142	117.003
5.64564	-0.195307	0.424142	117.003
11.4265	-0.503348	0.928635	2.33974
11.4265	-0.503348	0.928635	2.33974
9.74036	-0.435196	0.771232	13.1449
9.74036	-0.435196	0.771232	13.1449
9.70044	-0.364928	0.824913	5.59439
9.70044	-0.364928	0.824913	5.59439
7.57624	-0.286516	0.57664	95.5096
7.57624	-0.286516	0.57664	95.5096
5.99072	-0.201072	0.447879	84.4187
5.99072	-0.201072	0.447879	84.4187
5.9382	-0.225446	0.453691	112.09
5.9382	-0.225446	0.453691	112.09
11.6628	-0.466523	0.958845	2.29765
11.6628	-0.466523	0.958845	2.29765
10.6812	-0.393092	0.899374	3.22481
10.6812	-0.393092	0.899374	3.22481
8.75958	-0.368799	0.687785	36.463
8.75958	-0.368799	0.687785	36.463
6.76467	-0.257415	0.518145	62.9773
6.76467	-0.257415	0.518145	62.9773
6.65808	-0.236181	0.497397	106.43
6.65808	-0.236181	0.497397	106.43
5.40409	-0.19018	0.399973	125.484
5.40409	-0.19018	0.399973	125.484
11.6628	-0.466523	0.958845	2.29765
11.6628	-0.466523	0.958845	2.29765
10.6812	-0.393092	0.899374	3.22481
10.6812	-0.393092	0.899374	3.22481
8.75958	-0.368799	0.687785	36.463
8.75958	-0.368799	0.687785	36.463
6.76467	-0.257415	0.518145	62.9773
6.76467	-0.257415	0.518145	62.9773
6.65808	-0.236181	0.497397	106.43
6.65808	-0.236181	0.497397	106.43
5.40409	-0.19018	0.399973	125.484
5.40409	-0.19018	0.399973	125.484
11.4265	-0.503348	0.928635	2.33974
11.4265	-0.503348	0.928635	2.33974
9.74036	-0.435196	0.771232	13.1449
9.74036	-0.435196	0.771232	13.1449
9.70044	-0.364928	0.824913	5.59439
9.70044	-0.364928	0.824913	5.59439
7.57624	-0.286516	0.57664	95.5096
7.57624	-0.286516	0.57664	95.5096
5.99072	-0.201072	0.447879	84.4187
5.99072	-0.201072	0.447879	84.4187
5.9382	-0.225446	0.453691	112.09
5.9382	-0.225446	0.453691	112.09
10.909	-0.560101	0.885059	3.43317
10.909	-0.560101	0.885059	3.43317
10.5136	-0.481554	0.836418	5.17387
10.5136	-0.481554	0.836418	5.17387
9.08325	-0.3419	0.778967	7.9133
9.08325	-0.3419	0.778967	7.9133
7.9254	-0.306745	0.607993	107.295
7.9254	-0.306745	0.607993	107.295
6.50631	-0.245085	0.494752	29.6766
6.50631	-0.245085	0.494752	29.6766
5.64564	-0.195307	0.424142	117.003
5.64564	-0.195307	0.424142	117.003
11.4265	-0.503348	0.928635	2.33974
11.4265	-0.503348	0.928635	2.33974
9.74036	-0.435196	0.771232	13.1449
9.74036	-0.435196	0.771232	13.1449
9.70044	-0.364928	0.824913	5.59439
9.70044	-0.364928	0.824913	5.59439
7.57624	-0.286516	0.57664	95.5096
7.57624	-0.286516	0.57664	95.5096
5.99072	-0.201072	0.447879	84.4187
5.99072	-0.201072	0.447879	84.4187
5.9382	-0.225446	0.453691	112.09
5.9382	-0.225446	0.453691	112.09
11.6628	-0.466523	0.958845	2.29765
11.6628	-0.466523	0.958845	2.29765
10.6812	-0.393092	0.899374	3.22481
10.6812	-0.393092	0.899374	3.22481
8.75958	-0.368799	0.687785	36.463
8.75958	-0.368799	0.687785	36.463
6.76467	-0.257415	0.518145	62.9773
6.76467	-0.257415	0.518145	62.9773
6.65808	-0.236181	0.497397	106.43
6.65808	-0.236181	0.497397	106.43
5.40409	-0.19018	0.399973	125.484
5.40409	-0.19018	0.399973	125.484
12.2124	-0.439896	1.0181	2.8733
12.2124	-0.439896	1.0181	2.8733
12.2124	-0.439896	1.0181	2.8733
12.2124	-0.439896	1.0181	2.8733
6.34419	-0.230296	0.476882	91.5388
6.34419	-0.230296	0.476882	91.5388
6.34419	-0.230296	0.476882	91.5388
6.34419	-0.230296	0.476882	91.5388
5.70021	-0.184793	0.418206	143.985
5.70021	-0.184793	0.418206	143.985
5.70021	-0.184793	0.418206	143.985
5.70021	-0.184793	0.418206	143.985
12.2186	-0.461209	1.01181	2.73598
12.2186	-0.461209	1.01181	2.73598
11.6469	-0.378288	0.973423	3.04925
11.6469	-0.378288	0.973423	3.04925
7.29737	-0.290204	0.560847	97.9793
7.29737	-0.290204	0.560847	97.9793
6.27767	-0.21284	0.46527	136.762
6.27767	-0.21284	0.46527	136.762
5.8006	-0.191825	0.42828	95.2121
5.8006	-0.191825	0.42828	95.2121
5.77086	-0.209262	0.431566	77.5889
5.77086	-0.209262	0.431566	77.5889
11.6628	-0.466523	0.958845	2.29765
11.6628	-0.466523	0.958845	2.29765
10.6812	-0.393092	0.899374	3.22481
10.6812	-0.393092	0.899374	3.22481
8.75958	-0.368799	0.687785	36.463
8.75958	-0.368799	0.687785	36.463
6.76467	-0.257415	0.518145	62.9773
6.76467	-0.257415	0.518145	62.9773
6.65808	-0.236181	0.497397	106.43
6.65808	-0.236181	0.497397	106.43
5.40409	-0.19018	0.399973	125.484
5.40409	-0.19018	0.399973	125.484
10.9783	-0.490091	0.904618	2.71026
10.9783	-0.490091	0.904618	2.71026
9.98374	-0.40774	0.848604	6.14647
9.98374	-0.40774	0.848604	6.14647
9.81003	-0.425072	0.775215	13.3117
9.81003	-0.425072	0.775215	13.3117
7.54091	-0.30833	0.583142	69.3828
7.54091	-0.30833	0.583142	69.3828
6.77773	-0.241635	0.507452	109.288
6.77773	-0.241635	0.507452	109.288
5.26167	-0.186215	0.388945	124.585
5.26167	-0.186215	0.388945	124.585
11.6628	-0.466523	0.958845	2.29765
11.6628	-0.466523	0.958845	2.29765
10.6812	-0.393092	0.899374	3.22481
10.6812	-0.393092	0.899374	3.22481
8.75958	-0.368799	0.687785	36.463
8.75958	-0.368799	0.687785	36.463
6.76467	-0.257415	0.518145	62.9773
6.76467	-0.257415	0.518145	62.9773
6.65808	-0.236181	0.497397	106.43
6.65808	-0.236181	0.497397	106.43
5.40409	-0.19018	0.399973	125.484
5.40409	-0.19018	0.399973	125.484
12.2186	-0.461209	1.01181	2.73598
12.2186	-0.461209	1.01181	2.73598
11.6469	-0.378288	0.973423	3.04925
11.6469	-0.378288	0.973423	3.04925
7.29737	-0.290204	0.560847	97.9793
7.29737	-0.290204	0.560847	97.9793
6.27767	-0.21284	0.46527	136.762
6.27767	-0.21284	0.46527	136.762
5.8006	-0.191825	0.42828	95.2121
5.8006	-0.191825	0.42828	95.2121
5.77086	-0.209262	0.431566	77.5889
5.77086	-0.209262	0.431566	77.5889
12.2186	-0.461209	1.01181	2.73598
12.2186	-0.461209	1.01181	2.73598
11.6469	-0.378288	0.973423	3.04925
11.6469	-0.378288	0.973423	3.04925
7.29737	-0.290204	0.560847	97.9793
7.29737	-0.290204	0.560847	97.9793
6.27767	-0.21284	0.46527	136.762
6.27767	-0.21284	0.46527	136.762
5.8006	-0.191825	0.42828	95.2121
5.8006	-0.191825	0.42828	95.2121
5.77086	-0.209262	0.431566	77.5889
5.77086	-0.209262	0.431566	77.5889
11.6628	-0.466523	0.958845	2.29765
11.6628	-0.466523	0.958845	2.29765
10.6812	-0.393092	0.899374	3.22481
10.6812	-0.393092	0.899374	3.22481
8.75958	-0.368799	0.687785	36.463
8.75958	-0.368799	0.687785	36.463
6.76467	-0.257415	0.518145	62.9773
6.76467	-0.257415	0.518145	62.9773
6.65808	-0.236181	0.497397	106.43
6.65808	-0.236181	0.497397	106.43
5.40409	-0.19018	0.399973	125.484
5.40409	-0.19018	0.399973	125.484
10.9783	-0.490091	0.904618	2.71026
10.9783	-0.490091	0.904618	2.71026
9.98374	-0.40774	0.848604	6.14647
9.98374	-0.40774	0.848604	6.14647
9.81003	-0.425072	0.775215	13.3117
9.81003	-0.425072	0.775215	13.3117
7.54091	-0.30833	0.583142	69.3828
7.54091	-0.30833	0.583142	69.3828
6.77773	-0.241635	0.507452	109.288
6.77773	-0.241635	0.507452	109.288
5.26167	-0.186215	0.388945	124.585
5.26167	-0.186215	0.388945	124.585
11.6628	-0.466523	0.958845	2.29765
11.6628	-0.466523	0.958845	2.29765
10.6812	-0.393092	0.899374	3.22481
10.6812	-0.393092	0.899374	3.22481
8.75958	-0.368799	0.687785	36.463
8.75958	-0.368799	0.687785	36.463
6.76467	-0.257415	0.518145	62.9773
6.76467	-0.257415	0.518145	62.9773
6.65808	-0.236181	0.497397	106.43
6.65808	-0.236181	0.497397	106.43
5.40409	-0.19018	0.399973	125.484
5.40409	-0.19018	0.399973	125.484
12.2186	-0.461209	1.01181	2.73598
12.2186	-0.461209	1.01181	2.73598
11.6469	-0.378288	0.973423	3.04925
11.6469	-0.378288	0.973423	3.04925
7.29737	-0.290204	0.560847	97.9793
7.29737	-0.290204	0.560847	97.9793
6.27767	-0.21284	0.46527	136.762
6.27767	-0.21284	0.46527	136.762
5.8006	-0.191825	0.42828	95.2121
5.8006	-0.191825	0.42828	95.2121
5.77086	-0.209262	0.431566	77.5889
5.77086	-0.209262	0.431566	77.5889
