1848 Out of 2592 QH, Third, Fourth Freq in rad/ps and Lifetimes in ps for a 6x6x6 Ar Lattice at 10K. (atoms/UC=4)
12.5105	-0.422777	1.04226	2.49557
12.5105	-0.422777	1.04226	2.49557
12.5105	-0.422777	1.04226	2.49557
12.5105	-0.422777	1.04226	2.49557
5.70186	-0.181712	0.417892	139.257
5.70186	-0.181712	0.417892	139.257
5.70186	-0.181712	0.417892	139.257
5.70186	-0.181712	0.417892	139.257
5.70186	-0.181712	0.417892	139.257
5.70186	-0.181712	0.417892	139.257
5.70186	-0.181712	0.417892	139.257
5.70186	-0.181712	0.417892	139.257
12.2124	-0.43989	1.01809	2.87249
12.2124	-0.43989	1.01809	2.87249
12.2124	-0.43989	1.01809	2.87249
12.2124	-0.43989	1.01809	2.87249
6.34419	-0.230289	0.47688	91.2865
6.34419	-0.230289	0.47688	91.2865
6.34419	-0.230289	0.47688	91.2865
6.34419	-0.230289	0.47688	91.2865
5.70021	-0.184793	0.418205	143.505
5.70021	-0.184793	0.418205	143.505
5.70021	-0.184793	0.418205	143.505
5.70021	-0.184793	0.418205	143.505
11.3988	-0.437101	0.949667	2.93268
11.3988	-0.437101	0.949667	2.93268
11.3988	-0.437101	0.949667	2.93268
11.3988	-0.437101	0.949667	2.93268
7.75823	-0.321591	0.603352	24.9355
7.75823	-0.321591	0.603352	24.9355
7.75823	-0.321591	0.603352	24.9355
7.75823	-0.321591	0.603352	24.9355
5.69691	-0.194209	0.419047	160.532
5.69691	-0.194209	0.419047	160.532
5.69691	-0.194209	0.419047	160.532
5.69691	-0.194209	0.419047	160.532
10.6715	-0.50842	0.898958	3.04985
10.6715	-0.50842	0.898958	3.04985
10.6715	-0.50842	0.898958	3.04985
10.6715	-0.50842	0.898958	3.04985
8.75267	-0.345449	0.683906	19.9192
8.75267	-0.345449	0.683906	19.9192
8.75267	-0.345449	0.683906	19.9192
8.75267	-0.345449	0.683906	19.9192
5.69526	-0.194136	0.419154	141.153
5.69526	-0.194136	0.419154	141.153
5.69526	-0.194136	0.419154	141.153
5.69526	-0.194136	0.419154	141.153
11.3988	-0.437101	0.949667	2.93268
11.3988	-0.437101	0.949667	2.93268
11.3988	-0.437101	0.949667	2.93268
11.3988	-0.437101	0.949667	2.93268
7.75823	-0.321591	0.603352	24.9355
7.75823	-0.321591	0.603352	24.9355
7.75823	-0.321591	0.603352	24.9355
7.75823	-0.321591	0.603352	24.9355
5.69691	-0.194209	0.419047	160.532
5.69691	-0.194209	0.419047	160.532
5.69691	-0.194209	0.419047	160.532
5.69691	-0.194209	0.419047	160.532
12.2124	-0.43989	1.01809	2.87249
12.2124	-0.43989	1.01809	2.87249
12.2124	-0.43989	1.01809	2.87249
12.2124	-0.43989	1.01809	2.87249
6.34419	-0.230289	0.47688	91.2865
6.34419	-0.230289	0.47688	91.2865
6.34419	-0.230289	0.47688	91.2865
6.34419	-0.230289	0.47688	91.2865
5.70021	-0.184793	0.418205	143.505
5.70021	-0.184793	0.418205	143.505
5.70021	-0.184793	0.418205	143.505
5.70021	-0.184793	0.418205	143.505
12.2124	-0.43989	1.01809	2.87249
12.2124	-0.43989	1.01809	2.87249
12.2124	-0.43989	1.01809	2.87249
12.2124	-0.43989	1.01809	2.87249
6.34419	-0.230289	0.47688	91.2865
6.34419	-0.230289	0.47688	91.2865
6.34419	-0.230289	0.47688	91.2865
6.34419	-0.230289	0.47688	91.2865
5.70021	-0.184793	0.418205	143.505
5.70021	-0.184793	0.418205	143.505
5.70021	-0.184793	0.418205	143.505
5.70021	-0.184793	0.418205	143.505
12.2186	-0.461191	1.01181	2.73533
12.2186	-0.461191	1.01181	2.73533
11.6469	-0.378286	0.97342	3.04863
11.6469	-0.378286	0.97342	3.04863
7.29737	-0.290204	0.560846	97.8493
7.29737	-0.290204	0.560846	97.8493
6.27767	-0.212844	0.465269	136.093
6.27767	-0.212844	0.465269	136.093
5.8006	-0.191826	0.428279	95.0464
5.8006	-0.191826	0.428279	95.0464
5.77086	-0.209264	0.431565	77.5683
5.77086	-0.209264	0.431565	77.5683
11.6628	-0.466482	0.958836	2.29743
11.6628	-0.466482	0.958836	2.29743
10.6812	-0.39306	0.899368	3.22519
10.6812	-0.39306	0.899368	3.22519
8.75958	-0.368812	0.687786	36.3743
8.75958	-0.368812	0.687786	36.3743
6.76467	-0.257416	0.518144	62.7686
6.76467	-0.257416	0.518144	62.7686
6.65808	-0.23618	0.497396	106.24
6.65808	-0.23618	0.497396	106.24
5.40409	-0.19018	0.399972	125.249
5.40409	-0.19018	0.399972	125.249
10.9783	-0.490067	0.904612	2.71002
10.9783	-0.490067	0.904612	2.71002
9.98374	-0.40766	0.848592	6.14454
9.98374	-0.40766	0.848592	6.14454
9.81003	-0.425052	0.775211	13.2895
9.81003	-0.425052	0.775211	13.2895
7.54091	-0.308316	0.58314	69.0076
7.54091	-0.308316	0.58314	69.0076
6.77773	-0.241634	0.507451	109.098
6.77773	-0.241634	0.507451	109.098
5.26167	-0.186218	0.388944	124.257
5.26167	-0.186218	0.388944	124.257
11.6628	-0.466482	0.958836	2.29743
11.6628	-0.466482	0.958836	2.29743
10.6812	-0.39306	0.899368	3.22519
10.6812	-0.39306	0.899368	3.22519
8.75958	-0.368812	0.687786	36.3743
8.75958	-0.368812	0.687786	36.3743
6.76467	-0.257416	0.518144	62.7686
6.76467	-0.257416	0.518144	62.7686
6.65808	-0.23618	0.497396	106.24
6.65808	-0.23618	0.497396	106.24
5.40409	-0.19018	0.399972	125.249
5.40409	-0.19018	0.399972	125.249
12.2186	-0.461191	1.01181	2.73533
12.2186	-0.461191	1.01181	2.73533
11.6469	-0.378286	0.97342	3.04863
11.6469	-0.378286	0.97342	3.04863
7.29737	-0.290204	0.560846	97.8493
7.29737	-0.290204	0.560846	97.8493
6.27767	-0.212844	0.465269	136.093
6.27767	-0.212844	0.465269	136.093
5.8006	-0.191826	0.428279	95.0464
5.8006	-0.191826	0.428279	95.0464
5.77086	-0.209264	0.431565	77.5683
5.77086	-0.209264	0.431565	77.5683
11.3988	-0.437101	0.949667	2.93268
11.3988	-0.437101	0.949667	2.93268
11.3988	-0.437101	0.949667	2.93268
11.3988	-0.437101	0.949667	2.93268
7.75823	-0.321591	0.603352	24.9355
7.75823	-0.321591	0.603352	24.9355
7.75823	-0.321591	0.603352	24.9355
7.75823	-0.321591	0.603352	24.9355
5.69691	-0.194209	0.419047	160.532
5.69691	-0.194209	0.419047	160.532
5.69691	-0.194209	0.419047	160.532
5.69691	-0.194209	0.419047	160.532
11.6628	-0.466482	0.958836	2.29743
11.6628	-0.466482	0.958836	2.29743
10.6812	-0.39306	0.899368	3.22519
10.6812	-0.39306	0.899368	3.22519
8.75958	-0.368812	0.687786	36.3743
8.75958	-0.368812	0.687786	36.3743
6.76467	-0.257416	0.518144	62.7686
6.76467	-0.257416	0.518144	62.7686
6.65808	-0.23618	0.497396	106.24
6.65808	-0.23618	0.497396	106.24
5.40409	-0.19018	0.399972	125.249
5.40409	-0.19018	0.399972	125.249
11.4265	-0.503299	0.928625	2.33942
11.4265	-0.503299	0.928625	2.33942
9.74036	-0.435167	0.771226	13.1439
9.74036	-0.435167	0.771226	13.1439
9.70044	-0.364934	0.824912	5.59029
9.70044	-0.364934	0.824912	5.59029
7.57624	-0.286515	0.576639	95.2231
7.57624	-0.286515	0.576639	95.2231
5.99072	-0.201072	0.447878	84.2832
5.99072	-0.201072	0.447878	84.2832
5.9382	-0.225446	0.45369	111.819
5.9382	-0.225446	0.45369	111.819
10.909	-0.559952	0.885034	3.4286
10.909	-0.559952	0.885034	3.4286
10.5136	-0.481586	0.836419	5.17349
10.5136	-0.481586	0.836419	5.17349
9.08325	-0.342021	0.778986	7.90152
9.08325	-0.342021	0.778986	7.90152
7.9254	-0.306749	0.607992	106.822
7.9254	-0.306749	0.607992	106.822
6.50631	-0.244767	0.494731	29.0122
6.50631	-0.244767	0.494731	29.0122
5.64564	-0.195307	0.424141	116.767
5.64564	-0.195307	0.424141	116.767
11.4265	-0.503299	0.928625	2.33942
11.4265	-0.503299	0.928625	2.33942
9.74036	-0.435167	0.771226	13.1439
9.74036	-0.435167	0.771226	13.1439
9.70044	-0.364934	0.824912	5.59029
9.70044	-0.364934	0.824912	5.59029
7.57624	-0.286515	0.576639	95.2231
7.57624	-0.286515	0.576639	95.2231
5.99072	-0.201072	0.447878	84.2832
5.99072	-0.201072	0.447878	84.2832
5.9382	-0.225446	0.45369	111.819
5.9382	-0.225446	0.45369	111.819
11.6628	-0.466482	0.958836	2.29743
11.6628	-0.466482	0.958836	2.29743
10.6812	-0.39306	0.899368	3.22519
10.6812	-0.39306	0.899368	3.22519
8.75958	-0.368812	0.687786	36.3743
8.75958	-0.368812	0.687786	36.3743
6.76467	-0.257416	0.518144	62.7686
6.76467	-0.257416	0.518144	62.7686
6.65808	-0.23618	0.497396	106.24
6.65808	-0.23618	0.497396	106.24
5.40409	-0.19018	0.399972	125.249
5.40409	-0.19018	0.399972	125.249
10.6715	-0.50842	0.898958	3.04985
10.6715	-0.50842	0.898958	3.04985
10.6715	-0.50842	0.898958	3.04985
10.6715	-0.50842	0.898958	3.04985
8.75267	-0.345449	0.683906	19.9192
8.75267	-0.345449	0.683906	19.9192
8.75267	-0.345449	0.683906	19.9192
8.75267	-0.345449	0.683906	19.9192
5.69526	-0.194136	0.419154	141.153
5.69526	-0.194136	0.419154	141.153
5.69526	-0.194136	0.419154	141.153
5.69526	-0.194136	0.419154	141.153
10.9783	-0.490067	0.904612	2.71002
10.9783	-0.490067	0.904612	2.71002
9.98374	-0.40766	0.848592	6.14454
9.98374	-0.40766	0.848592	6.14454
9.81003	-0.425052	0.775211	13.2895
9.81003	-0.425052	0.775211	13.2895
7.54091	-0.308316	0.58314	69.0076
7.54091	-0.308316	0.58314	69.0076
6.77773	-0.241634	0.507451	109.098
6.77773	-0.241634	0.507451	109.098
5.26167	-0.186218	0.388944	124.257
5.26167	-0.186218	0.388944	124.257
10.909	-0.559952	0.885034	3.4286
10.909	-0.559952	0.885034	3.4286
10.5136	-0.481586	0.836419	5.17349
10.5136	-0.481586	0.836419	5.17349
9.08325	-0.342021	0.778986	7.90152
9.08325	-0.342021	0.778986	7.90152
7.9254	-0.306749	0.607992	106.822
7.9254	-0.306749	0.607992	106.822
6.50631	-0.244767	0.494731	29.0122
6.50631	-0.244767	0.494731	29.0122
5.64564	-0.195307	0.424141	116.767
5.64564	-0.195307	0.424141	116.767
10.7591	-0.57324	0.862983	6.94873
10.7591	-0.57324	0.862983	6.94873
10.7591	-0.57324	0.862983	6.94873
10.7591	-0.57324	0.862983	6.94873
8.53484	-0.317609	0.739202	60.2831
8.53484	-0.317609	0.739202	60.2831
8.47291	-0.34859	0.660118	77.0965
8.47291	-0.34859	0.660118	77.0965
6.08233	-0.200071	0.457093	96.2873
6.08233	-0.200071	0.457093	96.2873
6.08233	-0.200071	0.457093	96.2873
6.08233	-0.200071	0.457093	96.2873
10.909	-0.559952	0.885034	3.4286
10.909	-0.559952	0.885034	3.4286
10.5136	-0.481586	0.836419	5.17349
10.5136	-0.481586	0.836419	5.17349
9.08325	-0.342021	0.778986	7.90152
9.08325	-0.342021	0.778986	7.90152
7.9254	-0.306749	0.607992	106.822
7.9254	-0.306749	0.607992	106.822
6.50631	-0.244767	0.494731	29.0122
6.50631	-0.244767	0.494731	29.0122
5.64564	-0.195307	0.424141	116.767
5.64564	-0.195307	0.424141	116.767
10.9783	-0.490067	0.904612	2.71002
10.9783	-0.490067	0.904612	2.71002
9.98374	-0.40766	0.848592	6.14454
9.98374	-0.40766	0.848592	6.14454
9.81003	-0.425052	0.775211	13.2895
9.81003	-0.425052	0.775211	13.2895
7.54091	-0.308316	0.58314	69.0076
7.54091	-0.308316	0.58314	69.0076
6.77773	-0.241634	0.507451	109.098
6.77773	-0.241634	0.507451	109.098
5.26167	-0.186218	0.388944	124.257
5.26167	-0.186218	0.388944	124.257
11.3988	-0.437101	0.949667	2.93268
11.3988	-0.437101	0.949667	2.93268
11.3988	-0.437101	0.949667	2.93268
11.3988	-0.437101	0.949667	2.93268
7.75823	-0.321591	0.603352	24.9355
7.75823	-0.321591	0.603352	24.9355
7.75823	-0.321591	0.603352	24.9355
7.75823	-0.321591	0.603352	24.9355
5.69691	-0.194209	0.419047	160.532
5.69691	-0.194209	0.419047	160.532
5.69691	-0.194209	0.419047	160.532
5.69691	-0.194209	0.419047	160.532
11.6628	-0.466482	0.958836	2.29743
11.6628	-0.466482	0.958836	2.29743
10.6812	-0.39306	0.899368	3.22519
10.6812	-0.39306	0.899368	3.22519
8.75958	-0.368812	0.687786	36.3743
8.75958	-0.368812	0.687786	36.3743
6.76467	-0.257416	0.518144	62.7686
6.76467	-0.257416	0.518144	62.7686
6.65808	-0.23618	0.497396	106.24
6.65808	-0.23618	0.497396	106.24
5.40409	-0.19018	0.399972	125.249
5.40409	-0.19018	0.399972	125.249
11.4265	-0.503299	0.928625	2.33942
11.4265	-0.503299	0.928625	2.33942
9.74036	-0.435167	0.771226	13.1439
9.74036	-0.435167	0.771226	13.1439
9.70044	-0.364934	0.824912	5.59029
9.70044	-0.364934	0.824912	5.59029
7.57624	-0.286515	0.576639	95.2231
7.57624	-0.286515	0.576639	95.2231
5.99072	-0.201072	0.447878	84.2832
5.99072	-0.201072	0.447878	84.2832
5.9382	-0.225446	0.45369	111.819
5.9382	-0.225446	0.45369	111.819
10.909	-0.559952	0.885034	3.4286
10.909	-0.559952	0.885034	3.4286
10.5136	-0.481586	0.836419	5.17349
10.5136	-0.481586	0.836419	5.17349
9.08325	-0.342021	0.778986	7.90152
9.08325	-0.342021	0.778986	7.90152
7.9254	-0.306749	0.607992	106.822
7.9254	-0.306749	0.607992	106.822
6.50631	-0.244767	0.494731	29.0122
6.50631	-0.244767	0.494731	29.0122
5.64564	-0.195307	0.424141	116.767
5.64564	-0.195307	0.424141	116.767
11.4265	-0.503299	0.928625	2.33942
11.4265	-0.503299	0.928625	2.33942
9.74036	-0.435167	0.771226	13.1439
9.74036	-0.435167	0.771226	13.1439
9.70044	-0.364934	0.824912	5.59029
9.70044	-0.364934	0.824912	5.59029
7.57624	-0.286515	0.576639	95.2231
7.57624	-0.286515	0.576639	95.2231
5.99072	-0.201072	0.447878	84.2832
5.99072	-0.201072	0.447878	84.2832
5.9382	-0.225446	0.45369	111.819
5.9382	-0.225446	0.45369	111.819
11.6628	-0.466482	0.958836	2.29743
11.6628	-0.466482	0.958836	2.29743
10.6812	-0.39306	0.899368	3.22519
10.6812	-0.39306	0.899368	3.22519
8.75958	-0.368812	0.687786	36.3743
8.75958	-0.368812	0.687786	36.3743
6.76467	-0.257416	0.518144	62.7686
6.76467	-0.257416	0.518144	62.7686
6.65808	-0.23618	0.497396	106.24
6.65808	-0.23618	0.497396	106.24
5.40409	-0.19018	0.399972	125.249
5.40409	-0.19018	0.399972	125.249
12.2124	-0.43989	1.01809	2.87249
12.2124	-0.43989	1.01809	2.87249
12.2124	-0.43989	1.01809	2.87249
12.2124	-0.43989	1.01809	2.87249
6.34419	-0.230289	0.47688	91.2865
6.34419	-0.230289	0.47688	91.2865
6.34419	-0.230289	0.47688	91.2865
6.34419	-0.230289	0.47688	91.2865
5.70021	-0.184793	0.418205	143.505
5.70021	-0.184793	0.418205	143.505
5.70021	-0.184793	0.418205	143.505
5.70021	-0.184793	0.418205	143.505
12.2186	-0.461191	1.01181	2.73533
12.2186	-0.461191	1.01181	2.73533
11.6469	-0.378286	0.97342	3.04863
11.6469	-0.378286	0.97342	3.04863
7.29737	-0.290204	0.560846	97.8493
7.29737	-0.290204	0.560846	97.8493
6.27767	-0.212844	0.465269	136.093
6.27767	-0.212844	0.465269	136.093
5.8006	-0.191826	0.428279	95.0464
5.8006	-0.191826	0.428279	95.0464
5.77086	-0.209264	0.431565	77.5683
5.77086	-0.209264	0.431565	77.5683
11.6628	-0.466482	0.958836	2.29743
11.6628	-0.466482	0.958836	2.29743
10.6812	-0.39306	0.899368	3.22519
10.6812	-0.39306	0.899368	3.22519
8.75958	-0.368812	0.687786	36.3743
8.75958	-0.368812	0.687786	36.3743
6.76467	-0.257416	0.518144	62.7686
6.76467	-0.257416	0.518144	62.7686
6.65808	-0.23618	0.497396	106.24
6.65808	-0.23618	0.497396	106.24
5.40409	-0.19018	0.399972	125.249
5.40409	-0.19018	0.399972	125.249
10.9783	-0.490067	0.904612	2.71002
10.9783	-0.490067	0.904612	2.71002
9.98374	-0.40766	0.848592	6.14454
9.98374	-0.40766	0.848592	6.14454
9.81003	-0.425052	0.775211	13.2895
9.81003	-0.425052	0.775211	13.2895
7.54091	-0.308316	0.58314	69.0076
7.54091	-0.308316	0.58314	69.0076
6.77773	-0.241634	0.507451	109.098
6.77773	-0.241634	0.507451	109.098
5.26167	-0.186218	0.388944	124.257
5.26167	-0.186218	0.388944	124.257
11.6628	-0.466482	0.958836	2.29743
11.6628	-0.466482	0.958836	2.29743
10.6812	-0.39306	0.899368	3.22519
10.6812	-0.39306	0.899368	3.22519
8.75958	-0.368812	0.687786	36.3743
8.75958	-0.368812	0.687786	36.3743
6.76467	-0.257416	0.518144	62.7686
6.76467	-0.257416	0.518144	62.7686
6.65808	-0.23618	0.497396	106.24
6.65808	-0.23618	0.497396	106.24
5.40409	-0.19018	0.399972	125.249
5.40409	-0.19018	0.399972	125.249
12.2186	-0.461191	1.01181	2.73533
12.2186	-0.461191	1.01181	2.73533
11.6469	-0.378286	0.97342	3.04863
11.6469	-0.378286	0.97342	3.04863
7.29737	-0.290204	0.560846	97.8493
7.29737	-0.290204	0.560846	97.8493
6.27767	-0.212844	0.465269	136.093
6.27767	-0.212844	0.465269	136.093
5.8006	-0.191826	0.428279	95.0464
5.8006	-0.191826	0.428279	95.0464
5.77086	-0.209264	0.431565	77.5683
5.77086	-0.209264	0.431565	77.5683
12.2124	-0.43989	1.01809	2.87249
12.2124	-0.43989	1.01809	2.87249
12.2124	-0.43989	1.01809	2.87249
12.2124	-0.43989	1.01809	2.87249
6.34419	-0.230289	0.47688	91.2865
6.34419	-0.230289	0.47688	91.2865
6.34419	-0.230289	0.47688	91.2865
6.34419	-0.230289	0.47688	91.2865
5.70021	-0.184793	0.418205	143.505
5.70021	-0.184793	0.418205	143.505
5.70021	-0.184793	0.418205	143.505
5.70021	-0.184793	0.418205	143.505
12.2186	-0.461191	1.01181	2.73533
12.2186	-0.461191	1.01181	2.73533
11.6469	-0.378286	0.97342	3.04863
11.6469	-0.378286	0.97342	3.04863
7.29737	-0.290204	0.560846	97.8493
7.29737	-0.290204	0.560846	97.8493
6.27767	-0.212844	0.465269	136.093
6.27767	-0.212844	0.465269	136.093
5.8006	-0.191826	0.428279	95.0464
5.8006	-0.191826	0.428279	95.0464
5.77086	-0.209264	0.431565	77.5683
5.77086	-0.209264	0.431565	77.5683
11.6628	-0.466482	0.958836	2.29743
11.6628	-0.466482	0.958836	2.29743
10.6812	-0.39306	0.899368	3.22519
10.6812	-0.39306	0.899368	3.22519
8.75958	-0.368812	0.687786	36.3743
8.75958	-0.368812	0.687786	36.3743
6.76467	-0.257416	0.518144	62.7686
6.76467	-0.257416	0.518144	62.7686
6.65808	-0.23618	0.497396	106.24
6.65808	-0.23618	0.497396	106.24
5.40409	-0.19018	0.399972	125.249
5.40409	-0.19018	0.399972	125.249
10.9783	-0.490067	0.904612	2.71002
10.9783	-0.490067	0.904612	2.71002
9.98374	-0.40766	0.848592	6.14454
9.98374	-0.40766	0.848592	6.14454
9.81003	-0.425052	0.775211	13.2895
9.81003	-0.425052	0.775211	13.2895
7.54091	-0.308316	0.58314	69.0076
7.54091	-0.308316	0.58314	69.0076
6.77773	-0.241634	0.507451	109.098
6.77773	-0.241634	0.507451	109.098
5.26167	-0.186218	0.388944	124.257
5.26167	-0.186218	0.388944	124.257
11.6628	-0.466482	0.958836	2.29743
11.6628	-0.466482	0.958836	2.29743
10.6812	-0.39306	0.899368	3.22519
10.6812	-0.39306	0.899368	3.22519
8.75958	-0.368812	0.687786	36.3743
8.75958	-0.368812	0.687786	36.3743
6.76467	-0.257416	0.518144	62.7686
6.76467	-0.257416	0.518144	62.7686
6.65808	-0.23618	0.497396	106.24
6.65808	-0.23618	0.497396	106.24
5.40409	-0.19018	0.399972	125.249
5.40409	-0.19018	0.399972	125.249
12.2186	-0.461191	1.01181	2.73533
12.2186	-0.461191	1.01181	2.73533
11.6469	-0.378286	0.97342	3.04863
11.6469	-0.378286	0.97342	3.04863
7.29737	-0.290204	0.560846	97.8493
7.29737	-0.290204	0.560846	97.8493
6.27767	-0.212844	0.465269	136.093
6.27767	-0.212844	0.465269	136.093
5.8006	-0.191826	0.428279	95.0464
5.8006	-0.191826	0.428279	95.0464
5.77086	-0.209264	0.431565	77.5683
5.77086	-0.209264	0.431565	77.5683
12.2186	-0.461191	1.01181	2.73533
12.2186	-0.461191	1.01181	2.73533
11.6469	-0.378286	0.97342	3.04863
11.6469	-0.378286	0.97342	3.04863
7.29737	-0.290204	0.560846	97.8493
7.29737	-0.290204	0.560846	97.8493
6.27767	-0.212844	0.465269	136.093
6.27767	-0.212844	0.465269	136.093
5.8006	-0.191826	0.428279	95.0464
5.8006	-0.191826	0.428279	95.0464
5.77086	-0.209264	0.431565	77.5683
5.77086	-0.209264	0.431565	77.5683
11.9928	-0.416873	0.98952	3.25039
11.9928	-0.416873	0.98952	3.25039
11.9928	-0.416873	0.98952	3.25039
10.7338	-0.371333	0.909635	4.15572
7.4594	-0.300017	0.576262	100.592
7.4594	-0.300017	0.576262	100.592
7.4594	-0.300017	0.576262	100.592
6.54118	-0.220141	0.486223	94.2737
6.54118	-0.220141	0.486223	94.2737
6.54118	-0.220141	0.486223	94.2737
4.94442	-0.159917	0.361667	150.607
4.94442	-0.159917	0.361667	150.607
11.6898	-0.444534	0.951855	2.3836
11.4101	-0.454313	0.944203	3.10604
11.4101	-0.454313	0.944203	3.10604
9.46695	-0.369252	0.812404	26.1371
9.26169	-0.400366	0.732707	27.5953
8.14896	-0.328869	0.632926	70.7372
8.14896	-0.328869	0.632926	70.7372
7.03257	-0.235261	0.524476	91.8399
6.80163	-0.241271	0.510859	101.08
6.80163	-0.241271	0.510859	101.08
5.43372	-0.197925	0.410234	117.351
4.20219	-0.140837	0.304816	199.576
10.9733	-0.436009	0.909189	2.41653
10.9733	-0.436009	0.909189	2.41653
10.7921	-0.532928	0.866479	6.46119
10.6992	-0.491431	0.870124	8.03701
8.70829	-0.35597	0.676868	35.3847
8.70829	-0.35597	0.676868	35.3847
8.60609	-0.315966	0.744272	11.065
7.20393	-0.246599	0.538213	66.9514
6.84927	-0.251591	0.517051	73.7543
6.84927	-0.251591	0.517051	73.7543
6.14774	-0.235527	0.470567	78.3195
3.89351	-0.136482	0.281478	240.085
11.6898	-0.444534	0.951855	2.3836
11.4101	-0.454313	0.944203	3.10604
11.4101	-0.454313	0.944203	3.10604
9.46695	-0.369252	0.812404	26.1371
9.26169	-0.400366	0.732707	27.5953
8.14896	-0.328869	0.632926	70.7372
8.14896	-0.328869	0.632926	70.7372
7.03257	-0.235261	0.524476	91.8399
6.80163	-0.241271	0.510859	101.08
6.80163	-0.241271	0.510859	101.08
5.43372	-0.197925	0.410234	117.351
4.20219	-0.140837	0.304816	199.576
11.9928	-0.416873	0.98952	3.25039
11.9928	-0.416873	0.98952	3.25039
11.9928	-0.416873	0.98952	3.25039
10.7338	-0.371333	0.909635	4.15572
7.4594	-0.300017	0.576262	100.592
7.4594	-0.300017	0.576262	100.592
7.4594	-0.300017	0.576262	100.592
6.54118	-0.220141	0.486223	94.2737
6.54118	-0.220141	0.486223	94.2737
6.54118	-0.220141	0.486223	94.2737
4.94442	-0.159917	0.361667	150.607
4.94442	-0.159917	0.361667	150.607
11.6628	-0.466482	0.958836	2.29743
11.6628	-0.466482	0.958836	2.29743
10.6812	-0.39306	0.899368	3.22519
10.6812	-0.39306	0.899368	3.22519
8.75958	-0.368812	0.687786	36.3743
8.75958	-0.368812	0.687786	36.3743
6.76467	-0.257416	0.518144	62.7686
6.76467	-0.257416	0.518144	62.7686
6.65808	-0.23618	0.497396	106.24
6.65808	-0.23618	0.497396	106.24
5.40409	-0.19018	0.399972	125.249
5.40409	-0.19018	0.399972	125.249
11.6898	-0.444534	0.951855	2.3836
11.4101	-0.454313	0.944203	3.10604
11.4101	-0.454313	0.944203	3.10604
9.46695	-0.369252	0.812404	26.1371
9.26169	-0.400366	0.732707	27.5953
8.14896	-0.328869	0.632926	70.7372
8.14896	-0.328869	0.632926	70.7372
7.03257	-0.235261	0.524476	91.8399
6.80163	-0.241271	0.510859	101.08
6.80163	-0.241271	0.510859	101.08
5.43372	-0.197925	0.410234	117.351
4.20219	-0.140837	0.304816	199.576
11.5835	-0.492477	0.942016	2.46071
11.5835	-0.492477	0.942016	2.46071
11.014	-0.418412	0.914637	3.1459
9.47938	-0.431946	0.748515	15.5877
9.47938	-0.431946	0.748515	15.5877
7.98634	-0.307336	0.693517	35.0221
7.73544	-0.299134	0.595749	92.0269
7.68187	-0.272459	0.581126	71.7415
7.68187	-0.272459	0.581126	71.7415
7.19179	-0.240587	0.540354	69.8693
4.4668	-0.15216	0.331272	188.697
3.99996	-0.146227	0.299451	205.067
11.5215	-0.488893	0.936101	2.30068
11.4527	-0.56052	0.925009	2.3387
10.7886	-0.471057	0.9032	3.37337
10.1637	-0.496941	0.812658	30.3948
9.46972	-0.42695	0.740924	35.9634
8.04811	-0.308282	0.617689	89.7296
7.96455	-0.284716	0.603985	78.8034
7.79736	-0.288757	0.594724	63.4384
7.21915	-0.248576	0.545508	104.218
7.00997	-0.249383	0.615531	37.4636
4.87341	-0.178213	0.368427	112.963
3.68114	-0.132185	0.273693	151.202
11.5835	-0.492477	0.942016	2.46071
11.5835	-0.492477	0.942016	2.46071
11.014	-0.418412	0.914637	3.1459
9.47938	-0.431946	0.748515	15.5877
9.47938	-0.431946	0.748515	15.5877
7.98634	-0.307336	0.693517	35.0221
7.73544	-0.299134	0.595749	92.0269
7.68187	-0.272459	0.581126	71.7415
7.68187	-0.272459	0.581126	71.7415
7.19179	-0.240587	0.540354	69.8693
4.4668	-0.15216	0.331272	188.697
3.99996	-0.146227	0.299451	205.067
11.6898	-0.444534	0.951855	2.3836
11.4101	-0.454313	0.944203	3.10604
11.4101	-0.454313	0.944203	3.10604
9.46695	-0.369252	0.812404	26.1371
9.26169	-0.400366	0.732707	27.5953
8.14896	-0.328869	0.632926	70.7372
8.14896	-0.328869	0.632926	70.7372
7.03257	-0.235261	0.524476	91.8399
6.80163	-0.241271	0.510859	101.08
6.80163	-0.241271	0.510859	101.08
5.43372	-0.197925	0.410234	117.351
4.20219	-0.140837	0.304816	199.576
10.9783	-0.490067	0.904612	2.71002
10.9783	-0.490067	0.904612	2.71002
9.98374	-0.40766	0.848592	6.14454
9.98374	-0.40766	0.848592	6.14454
9.81003	-0.425052	0.775211	13.2895
9.81003	-0.425052	0.775211	13.2895
7.54091	-0.308316	0.58314	69.0076
7.54091	-0.308316	0.58314	69.0076
6.77773	-0.241634	0.507451	109.098
6.77773	-0.241634	0.507451	109.098
5.26167	-0.186218	0.388944	124.257
5.26167	-0.186218	0.388944	124.257
10.9733	-0.436009	0.909189	2.41653
10.9733	-0.436009	0.909189	2.41653
10.7921	-0.532928	0.866479	6.46119
10.6992	-0.491431	0.870124	8.03701
8.70829	-0.35597	0.676868	35.3847
8.70829	-0.35597	0.676868	35.3847
8.60609	-0.315966	0.744272	11.065
7.20393	-0.246599	0.538213	66.9514
6.84927	-0.251591	0.517051	73.7543
6.84927	-0.251591	0.517051	73.7543
6.14774	-0.235527	0.470567	78.3195
3.89351	-0.136482	0.281478	240.085
11.5215	-0.488893	0.936101	2.30068
11.4527	-0.56052	0.925009	2.3387
10.7886	-0.471057	0.9032	3.37337
10.1637	-0.496941	0.812658	30.3948
9.46972	-0.42695	0.740924	35.9634
8.04811	-0.308282	0.617689	89.7296
7.96455	-0.284716	0.603985	78.8034
7.79736	-0.288757	0.594724	63.4384
7.21915	-0.248576	0.545508	104.218
7.00997	-0.249383	0.615531	37.4636
4.87341	-0.178213	0.368427	112.963
3.68114	-0.132185	0.273693	151.202
11.6841	-0.529919	0.942672	1.68691
11.6841	-0.529919	0.942672	1.68691
10.6674	-0.470611	0.89631	4.49985
9.7332	-0.427584	0.761422	83.1081
9.7332	-0.427584	0.761422	83.1081
8.49794	-0.331455	0.657073	73.7029
8.49794	-0.331455	0.657073	73.7029
7.43476	-0.242982	0.560618	87.7559
7.43476	-0.242982	0.560618	87.7559
5.89209	-0.222753	0.532953	72.0309
4.31147	-0.150599	0.323149	112.619
4.31147	-0.150599	0.323149	112.619
11.5215	-0.488893	0.936101	2.30068
11.4527	-0.56052	0.925009	2.3387
10.7886	-0.471057	0.9032	3.37337
10.1637	-0.496941	0.812658	30.3948
9.46972	-0.42695	0.740924	35.9634
8.04811	-0.308282	0.617689	89.7296
7.96455	-0.284716	0.603985	78.8034
7.79736	-0.288757	0.594724	63.4384
7.21915	-0.248576	0.545508	104.218
7.00997	-0.249383	0.615531	37.4636
4.87341	-0.178213	0.368427	112.963
3.68114	-0.132185	0.273693	151.202
10.9733	-0.436009	0.909189	2.41653
10.9733	-0.436009	0.909189	2.41653
10.7921	-0.532928	0.866479	6.46119
10.6992	-0.491431	0.870124	8.03701
8.70829	-0.35597	0.676868	35.3847
8.70829	-0.35597	0.676868	35.3847
8.60609	-0.315966	0.744272	11.065
7.20393	-0.246599	0.538213	66.9514
6.84927	-0.251591	0.517051	73.7543
6.84927	-0.251591	0.517051	73.7543
6.14774	-0.235527	0.470567	78.3195
3.89351	-0.136482	0.281478	240.085
11.6628	-0.466482	0.958836	2.29743
11.6628	-0.466482	0.958836	2.29743
10.6812	-0.39306	0.899368	3.22519
10.6812	-0.39306	0.899368	3.22519
8.75958	-0.368812	0.687786	36.3743
8.75958	-0.368812	0.687786	36.3743
6.76467	-0.257416	0.518144	62.7686
6.76467	-0.257416	0.518144	62.7686
6.65808	-0.23618	0.497396	106.24
6.65808	-0.23618	0.497396	106.24
5.40409	-0.19018	0.399972	125.249
5.40409	-0.19018	0.399972	125.249
11.6898	-0.444534	0.951855	2.3836
11.4101	-0.454313	0.944203	3.10604
11.4101	-0.454313	0.944203	3.10604
9.46695	-0.369252	0.812404	26.1371
9.26169	-0.400366	0.732707	27.5953
8.14896	-0.328869	0.632926	70.7372
8.14896	-0.328869	0.632926	70.7372
7.03257	-0.235261	0.524476	91.8399
6.80163	-0.241271	0.510859	101.08
6.80163	-0.241271	0.510859	101.08
5.43372	-0.197925	0.410234	117.351
4.20219	-0.140837	0.304816	199.576
11.5835	-0.492477	0.942016	2.46071
11.5835	-0.492477	0.942016	2.46071
11.014	-0.418412	0.914637	3.1459
9.47938	-0.431946	0.748515	15.5877
9.47938	-0.431946	0.748515	15.5877
7.98634	-0.307336	0.693517	35.0221
7.73544	-0.299134	0.595749	92.0269
7.68187	-0.272459	0.581126	71.7415
7.68187	-0.272459	0.581126	71.7415
7.19179	-0.240587	0.540354	69.8693
4.4668	-0.15216	0.331272	188.697
3.99996	-0.146227	0.299451	205.067
11.5215	-0.488893	0.936101	2.30068
11.4527	-0.56052	0.925009	2.3387
10.7886	-0.471057	0.9032	3.37337
10.1637	-0.496941	0.812658	30.3948
9.46972	-0.42695	0.740924	35.9634
8.04811	-0.308282	0.617689	89.7296
7.96455	-0.284716	0.603985	78.8034
7.79736	-0.288757	0.594724	63.4384
7.21915	-0.248576	0.545508	104.218
7.00997	-0.249383	0.615531	37.4636
4.87341	-0.178213	0.368427	112.963
3.68114	-0.132185	0.273693	151.202
11.5835	-0.492477	0.942016	2.46071
11.5835	-0.492477	0.942016	2.46071
11.014	-0.418412	0.914637	3.1459
9.47938	-0.431946	0.748515	15.5877
9.47938	-0.431946	0.748515	15.5877
7.98634	-0.307336	0.693517	35.0221
7.73544	-0.299134	0.595749	92.0269
7.68187	-0.272459	0.581126	71.7415
7.68187	-0.272459	0.581126	71.7415
7.19179	-0.240587	0.540354	69.8693
4.4668	-0.15216	0.331272	188.697
3.99996	-0.146227	0.299451	205.067
11.6898	-0.444534	0.951855	2.3836
11.4101	-0.454313	0.944203	3.10604
11.4101	-0.454313	0.944203	3.10604
9.46695	-0.369252	0.812404	26.1371
9.26169	-0.400366	0.732707	27.5953
8.14896	-0.328869	0.632926	70.7372
8.14896	-0.328869	0.632926	70.7372
7.03257	-0.235261	0.524476	91.8399
6.80163	-0.241271	0.510859	101.08
6.80163	-0.241271	0.510859	101.08
5.43372	-0.197925	0.410234	117.351
4.20219	-0.140837	0.304816	199.576
12.2186	-0.461191	1.01181	2.73533
12.2186	-0.461191	1.01181	2.73533
11.6469	-0.378286	0.97342	3.04863
11.6469	-0.378286	0.97342	3.04863
7.29737	-0.290204	0.560846	97.8493
7.29737	-0.290204	0.560846	97.8493
6.27767	-0.212844	0.465269	136.093
6.27767	-0.212844	0.465269	136.093
5.8006	-0.191826	0.428279	95.0464
5.8006	-0.191826	0.428279	95.0464
5.77086	-0.209264	0.431565	77.5683
5.77086	-0.209264	0.431565	77.5683
11.9928	-0.416873	0.98952	3.25039
11.9928	-0.416873	0.98952	3.25039
11.9928	-0.416873	0.98952	3.25039
10.7338	-0.371333	0.909635	4.15572
7.4594	-0.300017	0.576262	100.592
7.4594	-0.300017	0.576262	100.592
7.4594	-0.300017	0.576262	100.592
6.54118	-0.220141	0.486223	94.2737
6.54118	-0.220141	0.486223	94.2737
6.54118	-0.220141	0.486223	94.2737
4.94442	-0.159917	0.361667	150.607
4.94442	-0.159917	0.361667	150.607
11.6898	-0.444534	0.951855	2.3836
11.4101	-0.454313	0.944203	3.10604
11.4101	-0.454313	0.944203	3.10604
9.46695	-0.369252	0.812404	26.1371
9.26169	-0.400366	0.732707	27.5953
8.14896	-0.328869	0.632926	70.7372
8.14896	-0.328869	0.632926	70.7372
7.03257	-0.235261	0.524476	91.8399
6.80163	-0.241271	0.510859	101.08
6.80163	-0.241271	0.510859	101.08
5.43372	-0.197925	0.410234	117.351
4.20219	-0.140837	0.304816	199.576
10.9733	-0.436009	0.909189	2.41653
10.9733	-0.436009	0.909189	2.41653
10.7921	-0.532928	0.866479	6.46119
10.6992	-0.491431	0.870124	8.03701
8.70829	-0.35597	0.676868	35.3847
8.70829	-0.35597	0.676868	35.3847
8.60609	-0.315966	0.744272	11.065
7.20393	-0.246599	0.538213	66.9514
6.84927	-0.251591	0.517051	73.7543
6.84927	-0.251591	0.517051	73.7543
6.14774	-0.235527	0.470567	78.3195
3.89351	-0.136482	0.281478	240.085
11.6898	-0.444534	0.951855	2.3836
11.4101	-0.454313	0.944203	3.10604
11.4101	-0.454313	0.944203	3.10604
9.46695	-0.369252	0.812404	26.1371
9.26169	-0.400366	0.732707	27.5953
8.14896	-0.328869	0.632926	70.7372
8.14896	-0.328869	0.632926	70.7372
7.03257	-0.235261	0.524476	91.8399
6.80163	-0.241271	0.510859	101.08
6.80163	-0.241271	0.510859	101.08
5.43372	-0.197925	0.410234	117.351
4.20219	-0.140837	0.304816	199.576
11.9928	-0.416873	0.98952	3.25039
11.9928	-0.416873	0.98952	3.25039
11.9928	-0.416873	0.98952	3.25039
10.7338	-0.371333	0.909635	4.15572
7.4594	-0.300017	0.576262	100.592
7.4594	-0.300017	0.576262	100.592
7.4594	-0.300017	0.576262	100.592
6.54118	-0.220141	0.486223	94.2737
6.54118	-0.220141	0.486223	94.2737
6.54118	-0.220141	0.486223	94.2737
4.94442	-0.159917	0.361667	150.607
4.94442	-0.159917	0.361667	150.607
11.3988	-0.437101	0.949667	2.93268
11.3988	-0.437101	0.949667	2.93268
11.3988	-0.437101	0.949667	2.93268
11.3988	-0.437101	0.949667	2.93268
7.75823	-0.321591	0.603352	24.9355
7.75823	-0.321591	0.603352	24.9355
7.75823	-0.321591	0.603352	24.9355
7.75823	-0.321591	0.603352	24.9355
5.69691	-0.194209	0.419047	160.532
5.69691	-0.194209	0.419047	160.532
5.69691	-0.194209	0.419047	160.532
5.69691	-0.194209	0.419047	160.532
11.6628	-0.466482	0.958836	2.29743
11.6628	-0.466482	0.958836	2.29743
10.6812	-0.39306	0.899368	3.22519
10.6812	-0.39306	0.899368	3.22519
8.75958	-0.368812	0.687786	36.3743
8.75958	-0.368812	0.687786	36.3743
6.76467	-0.257416	0.518144	62.7686
6.76467	-0.257416	0.518144	62.7686
6.65808	-0.23618	0.497396	106.24
6.65808	-0.23618	0.497396	106.24
5.40409	-0.19018	0.399972	125.249
5.40409	-0.19018	0.399972	125.249
11.4265	-0.503299	0.928625	2.33942
11.4265	-0.503299	0.928625	2.33942
9.74036	-0.435167	0.771226	13.1439
9.74036	-0.435167	0.771226	13.1439
9.70044	-0.364934	0.824912	5.59029
9.70044	-0.364934	0.824912	5.59029
7.57624	-0.286515	0.576639	95.2231
7.57624	-0.286515	0.576639	95.2231
5.99072	-0.201072	0.447878	84.2832
5.99072	-0.201072	0.447878	84.2832
5.9382	-0.225446	0.45369	111.819
5.9382	-0.225446	0.45369	111.819
10.909	-0.559952	0.885034	3.4286
10.909	-0.559952	0.885034	3.4286
10.5136	-0.481586	0.836419	5.17349
10.5136	-0.481586	0.836419	5.17349
9.08325	-0.342021	0.778986	7.90152
9.08325	-0.342021	0.778986	7.90152
7.9254	-0.306749	0.607992	106.822
7.9254	-0.306749	0.607992	106.822
6.50631	-0.244767	0.494731	29.0122
6.50631	-0.244767	0.494731	29.0122
5.64564	-0.195307	0.424141	116.767
5.64564	-0.195307	0.424141	116.767
11.4265	-0.503299	0.928625	2.33942
11.4265	-0.503299	0.928625	2.33942
9.74036	-0.435167	0.771226	13.1439
9.74036	-0.435167	0.771226	13.1439
9.70044	-0.364934	0.824912	5.59029
9.70044	-0.364934	0.824912	5.59029
7.57624	-0.286515	0.576639	95.2231
7.57624	-0.286515	0.576639	95.2231
5.99072	-0.201072	0.447878	84.2832
5.99072	-0.201072	0.447878	84.2832
5.9382	-0.225446	0.45369	111.819
5.9382	-0.225446	0.45369	111.819
11.6628	-0.466482	0.958836	2.29743
11.6628	-0.466482	0.958836	2.29743
10.6812	-0.39306	0.899368	3.22519
10.6812	-0.39306	0.899368	3.22519
8.75958	-0.368812	0.687786	36.3743
8.75958	-0.368812	0.687786	36.3743
6.76467	-0.257416	0.518144	62.7686
6.76467	-0.257416	0.518144	62.7686
6.65808	-0.23618	0.497396	106.24
6.65808	-0.23618	0.497396	106.24
5.40409	-0.19018	0.399972	125.249
5.40409	-0.19018	0.399972	125.249
11.6628	-0.466482	0.958836	2.29743
11.6628	-0.466482	0.958836	2.29743
10.6812	-0.39306	0.899368	3.22519
10.6812	-0.39306	0.899368	3.22519
8.75958	-0.368812	0.687786	36.3743
8.75958	-0.368812	0.687786	36.3743
6.76467	-0.257416	0.518144	62.7686
6.76467	-0.257416	0.518144	62.7686
6.65808	-0.23618	0.497396	106.24
6.65808	-0.23618	0.497396	106.24
5.40409	-0.19018	0.399972	125.249
5.40409	-0.19018	0.399972	125.249
11.6898	-0.444534	0.951855	2.3836
11.4101	-0.454313	0.944203	3.10604
11.4101	-0.454313	0.944203	3.10604
9.46695	-0.369252	0.812404	26.1371
9.26169	-0.400366	0.732707	27.5953
8.14896	-0.328869	0.632926	70.7372
8.14896	-0.328869	0.632926	70.7372
7.03257	-0.235261	0.524476	91.8399
6.80163	-0.241271	0.510859	101.08
6.80163	-0.241271	0.510859	101.08
5.43372	-0.197925	0.410234	117.351
4.20219	-0.140837	0.304816	199.576
11.5835	-0.492477	0.942016	2.46071
11.5835	-0.492477	0.942016	2.46071
11.014	-0.418412	0.914637	3.1459
9.47938	-0.431946	0.748515	15.5877
9.47938	-0.431946	0.748515	15.5877
7.98634	-0.307336	0.693517	35.0221
7.73544	-0.299134	0.595749	92.0269
7.68187	-0.272459	0.581126	71.7415
7.68187	-0.272459	0.581126	71.7415
7.19179	-0.240587	0.540354	69.8693
4.4668	-0.15216	0.331272	188.697
3.99996	-0.146227	0.299451	205.067
11.5215	-0.488893	0.936101	2.30068
11.4527	-0.56052	0.925009	2.3387
10.7886	-0.471057	0.9032	3.37337
10.1637	-0.496941	0.812658	30.3948
9.46972	-0.42695	0.740924	35.9634
8.04811	-0.308282	0.617689	89.7296
7.96455	-0.284716	0.603985	78.8034
7.79736	-0.288757	0.594724	63.4384
7.21915	-0.248576	0.545508	104.218
7.00997	-0.249383	0.615531	37.4636
4.87341	-0.178213	0.368427	112.963
3.68114	-0.132185	0.273693	151.202
11.5835	-0.492477	0.942016	2.46071
11.5835	-0.492477	0.942016	2.46071
11.014	-0.418412	0.914637	3.1459
9.47938	-0.431946	0.748515	15.5877
9.47938	-0.431946	0.748515	15.5877
7.98634	-0.307336	0.693517	35.0221
7.73544	-0.299134	0.595749	92.0269
7.68187	-0.272459	0.581126	71.7415
7.68187	-0.272459	0.581126	71.7415
7.19179	-0.240587	0.540354	69.8693
4.4668	-0.15216	0.331272	188.697
3.99996	-0.146227	0.299451	205.067
11.6898	-0.444534	0.951855	2.3836
11.4101	-0.454313	0.944203	3.10604
11.4101	-0.454313	0.944203	3.10604
9.46695	-0.369252	0.812404	26.1371
9.26169	-0.400366	0.732707	27.5953
8.14896	-0.328869	0.632926	70.7372
8.14896	-0.328869	0.632926	70.7372
7.03257	-0.235261	0.524476	91.8399
6.80163	-0.241271	0.510859	101.08
6.80163	-0.241271	0.510859	101.08
5.43372	-0.197925	0.410234	117.351
4.20219	-0.140837	0.304816	199.576
11.4265	-0.503299	0.928625	2.33942
11.4265	-0.503299	0.928625	2.33942
9.74036	-0.435167	0.771226	13.1439
9.74036	-0.435167	0.771226	13.1439
9.70044	-0.364934	0.824912	5.59029
9.70044	-0.364934	0.824912	5.59029
7.57624	-0.286515	0.576639	95.2231
7.57624	-0.286515	0.576639	95.2231
5.99072	-0.201072	0.447878	84.2832
5.99072	-0.201072	0.447878	84.2832
5.9382	-0.225446	0.45369	111.819
5.9382	-0.225446	0.45369	111.819
11.5835	-0.492477	0.942016	2.46071
11.5835	-0.492477	0.942016	2.46071
11.014	-0.418412	0.914637	3.1459
9.47938	-0.431946	0.748515	15.5877
9.47938	-0.431946	0.748515	15.5877
7.98634	-0.307336	0.693517	35.0221
7.73544	-0.299134	0.595749	92.0269
7.68187	-0.272459	0.581126	71.7415
7.68187	-0.272459	0.581126	71.7415
7.19179	-0.240587	0.540354	69.8693
4.4668	-0.15216	0.331272	188.697
3.99996	-0.146227	0.299451	205.067
11.8199	-0.500165	0.964843	2.19025
11.8199	-0.500165	0.964843	2.19025
11.8199	-0.500165	0.964843	2.19025
8.97101	-0.381142	0.69853	50.9981
8.97101	-0.381142	0.69853	50.9981
8.97101	-0.381142	0.69853	50.9981
7.95462	-0.261328	0.598921	75.3458
7.95462	-0.261328	0.598921	75.3458
7.95462	-0.261328	0.598921	75.3458
6.07934	-0.258449	0.536583	45.1149
2.86212	-0.0986043	0.208753	247.293
2.86212	-0.0986043	0.208753	247.293
12.0871	-0.469279	0.974974	1.3282
11.9158	-0.496367	0.973919	1.97174
11.9158	-0.496367	0.973919	1.97174
9.41174	-0.39854	0.735666	62.4608
8.61824	-0.309326	0.657999	68.4061
8.61824	-0.309326	0.657999	68.4061
8.21594	-0.269317	0.619042	94.2947
8.21064	-0.284533	0.623969	99.4893
8.21064	-0.284533	0.623969	99.4893
4.77723	-0.198642	0.428143	68.1273
3.16935	-0.11813	0.23838	276.309
1.96536	-0.0710747	0.139722	597.788
11.8199	-0.500165	0.964843	2.19025
11.8199	-0.500165	0.964843	2.19025
11.8199	-0.500165	0.964843	2.19025
8.97101	-0.381142	0.69853	50.9981
8.97101	-0.381142	0.69853	50.9981
8.97101	-0.381142	0.69853	50.9981
7.95462	-0.261328	0.598921	75.3458
7.95462	-0.261328	0.598921	75.3458
7.95462	-0.261328	0.598921	75.3458
6.07934	-0.258449	0.536583	45.1149
2.86212	-0.0986043	0.208753	247.293
2.86212	-0.0986043	0.208753	247.293
11.5835	-0.492477	0.942016	2.46071
11.5835	-0.492477	0.942016	2.46071
11.014	-0.418412	0.914637	3.1459
9.47938	-0.431946	0.748515	15.5877
9.47938	-0.431946	0.748515	15.5877
7.98634	-0.307336	0.693517	35.0221
7.73544	-0.299134	0.595749	92.0269
7.68187	-0.272459	0.581126	71.7415
7.68187	-0.272459	0.581126	71.7415
7.19179	-0.240587	0.540354	69.8693
4.4668	-0.15216	0.331272	188.697
3.99996	-0.146227	0.299451	205.067
10.909	-0.559952	0.885034	3.4286
10.909	-0.559952	0.885034	3.4286
10.5136	-0.481586	0.836419	5.17349
10.5136	-0.481586	0.836419	5.17349
9.08325	-0.342021	0.778986	7.90152
9.08325	-0.342021	0.778986	7.90152
7.9254	-0.306749	0.607992	106.822
7.9254	-0.306749	0.607992	106.822
6.50631	-0.244767	0.494731	29.0122
6.50631	-0.244767	0.494731	29.0122
5.64564	-0.195307	0.424141	116.767
5.64564	-0.195307	0.424141	116.767
11.5215	-0.488893	0.936101	2.30068
11.4527	-0.56052	0.925009	2.3387
10.7886	-0.471057	0.9032	3.37337
10.1637	-0.496941	0.812658	30.3948
9.46972	-0.42695	0.740924	35.9634
8.04811	-0.308282	0.617689	89.7296
7.96455	-0.284716	0.603985	78.8034
7.79736	-0.288757	0.594724	63.4384
7.21915	-0.248576	0.545508	104.218
7.00997	-0.249383	0.615531	37.4636
4.87341	-0.178213	0.368427	112.963
3.68114	-0.132185	0.273693	151.202
12.0871	-0.469279	0.974974	1.3282
11.9158	-0.496367	0.973919	1.97174
11.9158	-0.496367	0.973919	1.97174
9.41174	-0.39854	0.735666	62.4608
8.61824	-0.309326	0.657999	68.4061
8.61824	-0.309326	0.657999	68.4061
8.21594	-0.269317	0.619042	94.2947
8.21064	-0.284533	0.623969	99.4893
8.21064	-0.284533	0.623969	99.4893
4.77723	-0.198642	0.428143	68.1273
3.16935	-0.11813	0.23838	276.309
1.96536	-0.0710747	0.139722	597.788
12.3096	-0.390926	0.989338	1.21408
12.3096	-0.390926	0.989338	1.21408
12.0507	-0.54475	0.990541	1.57751
8.89954	-0.319774	0.679923	91.501
8.89954	-0.319774	0.679923	91.501
8.54776	-0.298033	0.651127	90.6825
8.54776	-0.298033	0.651127	90.6825
8.28324	-0.269127	0.625752	86.1117
8.28324	-0.269127	0.625752	86.1117
2.98908	-0.126309	0.281363	450.102
2.23652	-0.0819117	0.167239	507.077
2.23652	-0.0819117	0.167239	507.077
12.0871	-0.469279	0.974974	1.3282
11.9158	-0.496367	0.973919	1.97174
11.9158	-0.496367	0.973919	1.97174
9.41174	-0.39854	0.735666	62.4608
8.61824	-0.309326	0.657999	68.4061
8.61824	-0.309326	0.657999	68.4061
8.21594	-0.269317	0.619042	94.2947
8.21064	-0.284533	0.623969	99.4893
8.21064	-0.284533	0.623969	99.4893
4.77723	-0.198642	0.428143	68.1273
3.16935	-0.11813	0.23838	276.309
1.96536	-0.0710747	0.139722	597.788
11.5215	-0.488893	0.936101	2.30068
11.4527	-0.56052	0.925009	2.3387
10.7886	-0.471057	0.9032	3.37337
10.1637	-0.496941	0.812658	30.3948
9.46972	-0.42695	0.740924	35.9634
8.04811	-0.308282	0.617689	89.7296
7.96455	-0.284716	0.603985	78.8034
7.79736	-0.288757	0.594724	63.4384
7.21915	-0.248576	0.545508	104.218
7.00997	-0.249383	0.615531	37.4636
4.87341	-0.178213	0.368427	112.963
3.68114	-0.132185	0.273693	151.202
11.4265	-0.503299	0.928625	2.33942
11.4265	-0.503299	0.928625	2.33942
9.74036	-0.435167	0.771226	13.1439
9.74036	-0.435167	0.771226	13.1439
9.70044	-0.364934	0.824912	5.59029
9.70044	-0.364934	0.824912	5.59029
7.57624	-0.286515	0.576639	95.2231
7.57624	-0.286515	0.576639	95.2231
5.99072	-0.201072	0.447878	84.2832
5.99072	-0.201072	0.447878	84.2832
5.9382	-0.225446	0.45369	111.819
5.9382	-0.225446	0.45369	111.819
11.5835	-0.492477	0.942016	2.46071
11.5835	-0.492477	0.942016	2.46071
11.014	-0.418412	0.914637	3.1459
9.47938	-0.431946	0.748515	15.5878
9.47938	-0.431946	0.748515	15.5878
7.98634	-0.307336	0.693517	35.0221
7.73544	-0.299134	0.595749	92.0269
7.68187	-0.272459	0.581126	71.7415
7.68187	-0.272459	0.581126	71.7415
7.19179	-0.240587	0.540354	69.8693
4.4668	-0.15216	0.331272	188.697
3.99996	-0.146227	0.299451	205.067
11.8199	-0.500165	0.964843	2.19025
11.8199	-0.500165	0.964843	2.19025
11.8199	-0.500165	0.964843	2.19025
8.97101	-0.381142	0.69853	50.9981
8.97101	-0.381142	0.69853	50.9981
8.97101	-0.381142	0.69853	50.9981
7.95462	-0.261328	0.598921	75.3458
7.95462	-0.261328	0.598921	75.3458
7.95462	-0.261328	0.598921	75.3458
6.07934	-0.258449	0.536583	45.1149
2.86212	-0.0986043	0.208753	247.293
2.86212	-0.0986043	0.208753	247.293
12.0871	-0.469279	0.974974	1.3282
11.9158	-0.496367	0.973919	1.97174
11.9158	-0.496367	0.973919	1.97174
9.41174	-0.39854	0.735666	62.4608
8.61824	-0.309326	0.657999	68.4061
8.61824	-0.309326	0.657999	68.4061
8.21594	-0.269317	0.619042	94.2947
8.21064	-0.284533	0.623969	99.4893
8.21064	-0.284533	0.623969	99.4893
4.77723	-0.198642	0.428143	68.1273
3.16935	-0.11813	0.23838	276.309
1.96536	-0.0710747	0.139722	597.788
11.8199	-0.500165	0.964843	2.19025
11.8199	-0.500165	0.964843	2.19025
11.8199	-0.500165	0.964843	2.19025
8.97101	-0.381142	0.69853	50.9981
8.97101	-0.381142	0.69853	50.9981
8.97101	-0.381142	0.69853	50.9981
7.95462	-0.261328	0.598921	75.3458
7.95462	-0.261328	0.598921	75.3458
7.95462	-0.261328	0.598921	75.3458
6.07934	-0.258449	0.536583	45.1149
2.86212	-0.0986043	0.208753	247.293
2.86212	-0.0986043	0.208753	247.293
11.5835	-0.492477	0.942016	2.46071
11.5835	-0.492477	0.942016	2.46071
11.014	-0.418412	0.914637	3.1459
9.47938	-0.431946	0.748515	15.5877
9.47938	-0.431946	0.748515	15.5877
7.98634	-0.307336	0.693517	35.0221
7.73544	-0.299134	0.595749	92.0269
7.68187	-0.272459	0.581126	71.7415
7.68187	-0.272459	0.581126	71.7415
7.19179	-0.240587	0.540354	69.8693
4.4668	-0.15216	0.331272	188.697
3.99996	-0.146227	0.299451	205.067
11.6628	-0.466482	0.958836	2.29743
11.6628	-0.466482	0.958836	2.29743
10.6812	-0.39306	0.899368	3.22519
10.6812	-0.39306	0.899368	3.22519
8.75958	-0.368812	0.687786	36.3743
8.75958	-0.368812	0.687786	36.3743
6.76467	-0.257416	0.518144	62.7686
6.76467	-0.257416	0.518144	62.7686
6.65808	-0.23618	0.497396	106.24
6.65808	-0.23618	0.497396	106.24
5.40409	-0.19018	0.399972	125.249
5.40409	-0.19018	0.399972	125.249
11.6898	-0.444534	0.951855	2.3836
11.4101	-0.454313	0.944203	3.10604
11.4101	-0.454313	0.944203	3.10604
9.46695	-0.369252	0.812404	26.1371
9.26169	-0.400366	0.732707	27.5953
8.14896	-0.328869	0.632926	70.7372
8.14896	-0.328869	0.632926	70.7372
7.03257	-0.235261	0.524476	91.8399
6.80163	-0.241271	0.510859	101.08
6.80163	-0.241271	0.510859	101.08
5.43372	-0.197925	0.410234	117.351
4.20219	-0.140837	0.304816	199.576
11.5835	-0.492477	0.942016	2.46071
11.5835	-0.492477	0.942016	2.46071
11.014	-0.418412	0.914637	3.1459
9.47938	-0.431946	0.748515	15.5877
9.47938	-0.431946	0.748515	15.5877
7.98634	-0.307336	0.693517	35.0221
7.73544	-0.299134	0.595749	92.0269
7.68187	-0.272459	0.581126	71.7415
7.68187	-0.272459	0.581126	71.7415
7.19179	-0.240587	0.540354	69.8693
4.4668	-0.15216	0.331272	188.697
3.99996	-0.146227	0.299451	205.067
11.5215	-0.488893	0.936101	2.30068
11.4527	-0.56052	0.925009	2.3387
10.7886	-0.471057	0.9032	3.37337
10.1637	-0.496941	0.812658	30.3948
9.46972	-0.42695	0.740924	35.9634
8.04811	-0.308282	0.617689	89.7296
7.96455	-0.284716	0.603985	78.8034
7.79736	-0.288757	0.594724	63.4384
7.21915	-0.248576	0.545508	104.218
7.00997	-0.249383	0.615531	37.4636
4.87341	-0.178213	0.368427	112.963
3.68114	-0.132185	0.273693	151.202
11.5835	-0.492477	0.942016	2.46071
11.5835	-0.492477	0.942016	2.46071
11.014	-0.418412	0.914637	3.1459
9.47938	-0.431946	0.748515	15.5877
9.47938	-0.431946	0.748515	15.5877
7.98634	-0.307336	0.693517	35.0221
7.73544	-0.299134	0.595749	92.0269
7.68187	-0.272459	0.581126	71.7415
7.68187	-0.272459	0.581126	71.7415
7.19179	-0.240587	0.540354	69.8693
4.4668	-0.15216	0.331272	188.697
3.99996	-0.146227	0.299451	205.067
11.6898	-0.444534	0.951855	2.3836
11.4101	-0.454313	0.944203	3.10604
11.4101	-0.454313	0.944203	3.10604
9.46695	-0.369252	0.812404	26.1371
9.26169	-0.400366	0.732707	27.5953
8.14896	-0.328869	0.632926	70.7372
8.14896	-0.328869	0.632926	70.7372
7.03257	-0.235261	0.524476	91.8399
6.80163	-0.241271	0.510859	101.08
6.80163	-0.241271	0.510859	101.08
5.43372	-0.197925	0.410234	117.351
4.20219	-0.140837	0.304816	199.576
10.6715	-0.50842	0.898958	3.04985
10.6715	-0.50842	0.898958	3.04985
10.6715	-0.50842	0.898958	3.04985
10.6715	-0.50842	0.898958	3.04985
8.75267	-0.345449	0.683906	19.9192
8.75267	-0.345449	0.683906	19.9192
8.75267	-0.345449	0.683906	19.9192
8.75267	-0.345449	0.683906	19.9192
5.69526	-0.194136	0.419154	141.153
5.69526	-0.194136	0.419154	141.153
5.69526	-0.194136	0.419154	141.153
5.69526	-0.194136	0.419154	141.153
10.9783	-0.490067	0.904612	2.71002
10.9783	-0.490067	0.904612	2.71002
9.98374	-0.40766	0.848592	6.14454
9.98374	-0.40766	0.848592	6.14454
9.81003	-0.425052	0.775211	13.2895
9.81003	-0.425052	0.775211	13.2895
7.54091	-0.308316	0.58314	69.0076
7.54091	-0.308316	0.58314	69.0076
6.77773	-0.241634	0.507451	109.098
6.77773	-0.241634	0.507451	109.098
5.26167	-0.186218	0.388944	124.257
5.26167	-0.186218	0.388944	124.257
10.909	-0.559952	0.885034	3.4286
10.909	-0.559952	0.885034	3.4286
10.5136	-0.481586	0.836419	5.17349
10.5136	-0.481586	0.836419	5.17349
9.08325	-0.342021	0.778986	7.90152
9.08325	-0.342021	0.778986	7.90152
7.9254	-0.306749	0.607992	106.822
7.9254	-0.306749	0.607992	106.822
6.50631	-0.244767	0.494731	29.0122
6.50631	-0.244767	0.494731	29.0122
5.64564	-0.195307	0.424141	116.767
5.64564	-0.195307	0.424141	116.767
10.7591	-0.57324	0.862983	6.94873
10.7591	-0.57324	0.862983	6.94873
10.7591	-0.57324	0.862983	6.94873
10.7591	-0.57324	0.862983	6.94873
8.53484	-0.317609	0.739202	60.2831
8.53484	-0.317609	0.739202	60.2831
8.47291	-0.34859	0.660118	77.0965
8.47291	-0.34859	0.660118	77.0965
6.08233	-0.200071	0.457093	96.2873
6.08233	-0.200071	0.457093	96.2873
6.08233	-0.200071	0.457093	96.2873
6.08233	-0.200071	0.457093	96.2873
10.909	-0.559952	0.885034	3.4286
10.909	-0.559952	0.885034	3.4286
10.5136	-0.481586	0.836419	5.17349
10.5136	-0.481586	0.836419	5.17349
9.08325	-0.342021	0.778986	7.90152
9.08325	-0.342021	0.778986	7.90152
7.9254	-0.306749	0.607992	106.822
7.9254	-0.306749	0.607992	106.822
6.50631	-0.244767	0.494731	29.0122
6.50631	-0.244767	0.494731	29.0122
5.64564	-0.195307	0.424141	116.767
5.64564	-0.195307	0.424141	116.767
10.9783	-0.490067	0.904612	2.71002
10.9783	-0.490067	0.904612	2.71002
9.98374	-0.40766	0.848592	6.14454
9.98374	-0.40766	0.848592	6.14454
9.81003	-0.425052	0.775211	13.2895
9.81003	-0.425052	0.775211	13.2895
7.54091	-0.308316	0.58314	69.0076
7.54091	-0.308316	0.58314	69.0076
6.77773	-0.241634	0.507451	109.098
6.77773	-0.241634	0.507451	109.098
5.26167	-0.186218	0.388944	124.257
5.26167	-0.186218	0.388944	124.257
10.9783	-0.490067	0.904612	2.71002
10.9783	-0.490067	0.904612	2.71002
9.98374	-0.40766	0.848592	6.14454
9.98374	-0.40766	0.848592	6.14454
9.81003	-0.425052	0.775211	13.2895
9.81003	-0.425052	0.775211	13.2895
7.54091	-0.308316	0.58314	69.0076
7.54091	-0.308316	0.58314	69.0076
6.77773	-0.241634	0.507451	109.098
6.77773	-0.241634	0.507451	109.098
5.26167	-0.186218	0.388944	124.257
5.26167	-0.186218	0.388944	124.257
10.9733	-0.436009	0.909189	2.41653
10.9733	-0.436009	0.909189	2.41653
10.7921	-0.532928	0.866479	6.46119
10.6992	-0.491431	0.870124	8.03701
8.70829	-0.35597	0.676868	35.3847
8.70829	-0.35597	0.676868	35.3847
8.60609	-0.315966	0.744272	11.065
7.20393	-0.246599	0.538213	66.9514
6.84927	-0.251591	0.517051	73.7543
6.84927	-0.251591	0.517051	73.7543
6.14774	-0.235527	0.470567	78.3195
3.89351	-0.136482	0.281478	240.085
11.5215	-0.488893	0.936101	2.30068
11.4527	-0.56052	0.925009	2.3387
10.7886	-0.471057	0.9032	3.37337
10.1637	-0.496941	0.812658	30.3948
9.46972	-0.42695	0.740924	35.9634
8.04811	-0.308282	0.617689	89.7296
7.96455	-0.284716	0.603985	78.8034
7.79736	-0.288757	0.594724	63.4384
7.21915	-0.248576	0.545508	104.218
7.00997	-0.249383	0.615531	37.4636
4.87341	-0.178213	0.368427	112.963
3.68114	-0.132185	0.273693	151.202
11.6841	-0.529919	0.942672	1.68691
11.6841	-0.529919	0.942672	1.68691
10.6674	-0.470611	0.89631	4.49985
9.7332	-0.427584	0.761422	83.1081
9.7332	-0.427584	0.761422	83.1081
8.49794	-0.331455	0.657073	73.7029
8.49794	-0.331455	0.657073	73.7029
7.43476	-0.242982	0.560618	87.7559
7.43476	-0.242982	0.560618	87.7559
5.89209	-0.222753	0.532953	72.0309
4.31147	-0.150599	0.323149	112.619
4.31147	-0.150599	0.323149	112.619
11.5215	-0.488893	0.936101	2.30068
11.4527	-0.56052	0.925009	2.3387
10.7886	-0.471057	0.9032	3.37337
10.1637	-0.496941	0.812658	30.3948
9.46972	-0.42695	0.740924	35.9634
8.04811	-0.308282	0.617689	89.7296
7.96455	-0.284716	0.603985	78.8034
7.79736	-0.288757	0.594724	63.4384
7.21915	-0.248576	0.545508	104.218
7.00997	-0.249383	0.615531	37.4636
4.87341	-0.178213	0.368427	112.963
3.68114	-0.132185	0.273693	151.202
10.9733	-0.436009	0.909189	2.41653
10.9733	-0.436009	0.909189	2.41653
10.7921	-0.532928	0.866479	6.46119
10.6992	-0.491431	0.870124	8.03701
8.70829	-0.35597	0.676868	35.3847
8.70829	-0.35597	0.676868	35.3847
8.60609	-0.315966	0.744272	11.065
7.20393	-0.246599	0.538213	66.9514
6.84927	-0.251591	0.517051	73.7543
6.84927	-0.251591	0.517051	73.7543
6.14774	-0.235527	0.470567	78.3195
3.89351	-0.136482	0.281478	240.085
10.909	-0.559952	0.885034	3.4286
10.909	-0.559952	0.885034	3.4286
10.5136	-0.481586	0.836419	5.17349
10.5136	-0.481586	0.836419	5.17349
9.08325	-0.342021	0.778986	7.90152
9.08325	-0.342021	0.778986	7.90152
7.9254	-0.306749	0.607992	106.822
7.9254	-0.306749	0.607992	106.822
6.50631	-0.244767	0.494731	29.0122
6.50631	-0.244767	0.494731	29.0122
5.64564	-0.195307	0.424141	116.767
5.64564	-0.195307	0.424141	116.767
11.5215	-0.488893	0.936101	2.30068
11.4527	-0.56052	0.925009	2.3387
10.7886	-0.471057	0.9032	3.37337
10.1637	-0.496941	0.812658	30.3948
9.46972	-0.42695	0.740924	35.9634
8.04811	-0.308282	0.617689	89.7296
7.96455	-0.284716	0.603985	78.8034
7.79736	-0.288757	0.594724	63.4384
7.21915	-0.248576	0.545508	104.218
7.00997	-0.249383	0.615531	37.4636
4.87341	-0.178213	0.368427	112.963
3.68114	-0.132185	0.273693	151.202
12.0871	-0.469279	0.974974	1.3282
11.9158	-0.496367	0.973919	1.97174
11.9158	-0.496367	0.973919	1.97174
9.41174	-0.39854	0.735666	62.4608
8.61824	-0.309326	0.657999	68.4061
8.61824	-0.309326	0.657999	68.4061
8.21594	-0.269317	0.619042	94.2947
8.21064	-0.284533	0.623969	99.4893
8.21064	-0.284533	0.623969	99.4893
4.77723	-0.198642	0.428143	68.1273
3.16935	-0.11813	0.23838	276.309
1.96536	-0.0710747	0.139722	597.788
12.3096	-0.390926	0.989338	1.21408
12.3096	-0.390926	0.989338	1.21408
12.0507	-0.54475	0.990541	1.57751
8.89954	-0.319774	0.679923	91.501
8.89954	-0.319774	0.679923	91.501
8.54776	-0.298033	0.651127	90.6825
8.54776	-0.298033	0.651127	90.6825
8.28324	-0.269127	0.625752	86.1117
8.28324	-0.269127	0.625752	86.1117
2.98908	-0.126309	0.281363	450.102
2.23652	-0.0819117	0.167239	507.077
2.23652	-0.0819117	0.167239	507.077
12.0871	-0.469279	0.974974	1.3282
11.9158	-0.496367	0.973919	1.97174
11.9158	-0.496367	0.973919	1.97174
9.41174	-0.39854	0.735666	62.4608
8.61824	-0.309326	0.657999	68.4061
8.61824	-0.309326	0.657999	68.4061
8.21594	-0.269317	0.619042	94.2947
8.21064	-0.284533	0.623969	99.4893
8.21064	-0.284533	0.623969	99.4893
4.77723	-0.198642	0.428143	68.1273
3.16935	-0.11813	0.23838	276.309
1.96536	-0.0710747	0.139722	597.788
11.5215	-0.488893	0.936101	2.30068
11.4527	-0.56052	0.925009	2.3387
10.7886	-0.471057	0.9032	3.37337
10.1637	-0.496941	0.812658	30.3948
9.46972	-0.42695	0.740924	35.9634
8.04811	-0.308282	0.617689	89.7296
7.96455	-0.284716	0.603985	78.8034
7.79736	-0.288757	0.594724	63.4384
7.21915	-0.248576	0.545508	104.218
7.00997	-0.249383	0.615531	37.4636
4.87341	-0.178213	0.368427	112.963
3.68114	-0.132185	0.273693	151.202
10.7591	-0.57324	0.862983	6.94873
10.7591	-0.57324	0.862983	6.94873
10.7591	-0.57324	0.862983	6.94873
10.7591	-0.57324	0.862983	6.94873
8.53484	-0.317609	0.739202	60.2831
8.53484	-0.317609	0.739202	60.2831
8.47291	-0.34859	0.660118	77.0965
8.47291	-0.34859	0.660118	77.0965
6.08233	-0.200071	0.457093	96.2873
6.08233	-0.200071	0.457093	96.2873
6.08233	-0.200071	0.457093	96.2873
6.08233	-0.200071	0.457093	96.2873
11.6841	-0.529919	0.942672	1.68691
11.6841	-0.529919	0.942672	1.68691
10.6674	-0.470611	0.89631	4.49985
9.7332	-0.427584	0.761422	83.1081
9.7332	-0.427584	0.761422	83.1081
8.49794	-0.331455	0.657073	73.7029
8.49794	-0.331455	0.657073	73.7029
7.43476	-0.242982	0.560618	87.7559
7.43476	-0.242982	0.560618	87.7559
5.89209	-0.222753	0.532953	72.0309
4.31147	-0.150599	0.323149	112.619
4.31147	-0.150599	0.323149	112.619
12.3096	-0.390926	0.989338	1.21408
12.3096	-0.390926	0.989338	1.21408
12.0507	-0.54475	0.990541	1.57751
8.89954	-0.319774	0.679923	91.501
8.89954	-0.319774	0.679923	91.501
8.54776	-0.298033	0.651127	90.6825
8.54776	-0.298033	0.651127	90.6825
8.28324	-0.269127	0.625752	86.1117
8.28324	-0.269127	0.625752	86.1117
2.98908	-0.126309	0.281363	450.102
2.23652	-0.0819117	0.167239	507.077
2.23652	-0.0819117	0.167239	507.077
12.529	-0.301317	1.00301	1.35695
12.529	-0.301317	1.00301	1.35695
12.529	-0.301317	1.00301	1.35695
8.57257	-0.279608	0.648081	96.7313
8.57257	-0.279608	0.648081	96.7313
8.57257	-0.279608	0.648081	96.7313
8.57257	-0.279608	0.648081	96.7313
8.57257	-0.279608	0.648081	96.7313
8.57257	-0.279608	0.648081	96.7313
0	0	0	0
0	0	0	0
0	0	0	0
10.909	-0.559952	0.885034	3.4286
10.909	-0.559952	0.885034	3.4286
10.5136	-0.481586	0.836419	5.17349
10.5136	-0.481586	0.836419	5.17349
9.08325	-0.342021	0.778986	7.90152
9.08325	-0.342021	0.778986	7.90152
7.9254	-0.306749	0.607992	106.822
7.9254	-0.306749	0.607992	106.822
6.50631	-0.244767	0.494731	29.0122
6.50631	-0.244767	0.494731	29.0122
5.64564	-0.195307	0.424141	116.767
5.64564	-0.195307	0.424141	116.767
10.9783	-0.490067	0.904612	2.71002
10.9783	-0.490067	0.904612	2.71002
9.98374	-0.40766	0.848592	6.14454
9.98374	-0.40766	0.848592	6.14454
9.81003	-0.425052	0.775211	13.2895
9.81003	-0.425052	0.775211	13.2895
7.54091	-0.308316	0.58314	69.0076
7.54091	-0.308316	0.58314	69.0076
6.77773	-0.241634	0.507451	109.098
6.77773	-0.241634	0.507451	109.098
5.26167	-0.186218	0.388944	124.257
5.26167	-0.186218	0.388944	124.257
11.3988	-0.437101	0.949667	2.93268
11.3988	-0.437101	0.949667	2.93268
11.3988	-0.437101	0.949667	2.93268
11.3988	-0.437101	0.949667	2.93268
7.75823	-0.321591	0.603352	24.9355
7.75823	-0.321591	0.603352	24.9355
7.75823	-0.321591	0.603352	24.9355
7.75823	-0.321591	0.603352	24.9355
5.69691	-0.194209	0.419047	160.532
5.69691	-0.194209	0.419047	160.532
5.69691	-0.194209	0.419047	160.532
5.69691	-0.194209	0.419047	160.532
11.6628	-0.466482	0.958836	2.29743
11.6628	-0.466482	0.958836	2.29743
10.6812	-0.39306	0.899368	3.22519
10.6812	-0.39306	0.899368	3.22519
8.75958	-0.368812	0.687786	36.3743
8.75958	-0.368812	0.687786	36.3743
6.76467	-0.257416	0.518144	62.7686
6.76467	-0.257416	0.518144	62.7686
6.65808	-0.23618	0.497396	106.24
6.65808	-0.23618	0.497396	106.24
5.40409	-0.19018	0.399972	125.249
5.40409	-0.19018	0.399972	125.249
11.4265	-0.503299	0.928625	2.33942
11.4265	-0.503299	0.928625	2.33942
9.74036	-0.435167	0.771226	13.1439
9.74036	-0.435167	0.771226	13.1439
9.70044	-0.364934	0.824912	5.59029
9.70044	-0.364934	0.824912	5.59029
7.57624	-0.286515	0.576639	95.2231
7.57624	-0.286515	0.576639	95.2231
5.99072	-0.201072	0.447878	84.2832
5.99072	-0.201072	0.447878	84.2832
5.9382	-0.225446	0.45369	111.819
5.9382	-0.225446	0.45369	111.819
10.909	-0.559952	0.885034	3.4286
10.909	-0.559952	0.885034	3.4286
10.5136	-0.481586	0.836419	5.17349
10.5136	-0.481586	0.836419	5.17349
9.08325	-0.342021	0.778986	7.90152
9.08325	-0.342021	0.778986	7.90152
7.9254	-0.306749	0.607992	106.822
7.9254	-0.306749	0.607992	106.822
6.50631	-0.244767	0.494731	29.0122
6.50631	-0.244767	0.494731	29.0122
5.64564	-0.195307	0.424141	116.767
5.64564	-0.195307	0.424141	116.767
11.4265	-0.503299	0.928625	2.33942
11.4265	-0.503299	0.928625	2.33942
9.74036	-0.435167	0.771226	13.1439
9.74036	-0.435167	0.771226	13.1439
9.70044	-0.364934	0.824912	5.59029
9.70044	-0.364934	0.824912	5.59029
7.57624	-0.286515	0.576639	95.2231
7.57624	-0.286515	0.576639	95.2231
5.99072	-0.201072	0.447878	84.2832
5.99072	-0.201072	0.447878	84.2832
5.9382	-0.225446	0.45369	111.819
5.9382	-0.225446	0.45369	111.819
11.6628	-0.466482	0.958836	2.29743
11.6628	-0.466482	0.958836	2.29743
10.6812	-0.39306	0.899368	3.22519
10.6812	-0.39306	0.899368	3.22519
8.75958	-0.368812	0.687786	36.3743
8.75958	-0.368812	0.687786	36.3743
6.76467	-0.257416	0.518144	62.7686
6.76467	-0.257416	0.518144	62.7686
6.65808	-0.23618	0.497396	106.24
6.65808	-0.23618	0.497396	106.24
5.40409	-0.19018	0.399972	125.249
5.40409	-0.19018	0.399972	125.249
11.6628	-0.466482	0.958836	2.29743
11.6628	-0.466482	0.958836	2.29743
10.6812	-0.39306	0.899368	3.22519
10.6812	-0.39306	0.899368	3.22519
8.75958	-0.368812	0.687786	36.3743
8.75958	-0.368812	0.687786	36.3743
6.76467	-0.257416	0.518144	62.7686
6.76467	-0.257416	0.518144	62.7686
6.65808	-0.23618	0.497396	106.24
6.65808	-0.23618	0.497396	106.24
5.40409	-0.19018	0.399972	125.249
5.40409	-0.19018	0.399972	125.249
11.4265	-0.503299	0.928625	2.33942
11.4265	-0.503299	0.928625	2.33942
9.74036	-0.435167	0.771226	13.1439
9.74036	-0.435167	0.771226	13.1439
9.70044	-0.364934	0.824912	5.59029
9.70044	-0.364934	0.824912	5.59029
7.57624	-0.286515	0.576639	95.2231
7.57624	-0.286515	0.576639	95.2231
5.99072	-0.201072	0.447878	84.2832
5.99072	-0.201072	0.447878	84.2832
5.9382	-0.225446	0.45369	111.819
5.9382	-0.225446	0.45369	111.819
10.909	-0.559952	0.885034	3.4286
10.909	-0.559952	0.885034	3.4286
10.5136	-0.481586	0.836419	5.17349
10.5136	-0.481586	0.836419	5.17349
9.08325	-0.342021	0.778986	7.90152
9.08325	-0.342021	0.778986	7.90152
7.9254	-0.306749	0.607992	106.822
7.9254	-0.306749	0.607992	106.822
6.50631	-0.244767	0.494731	29.0122
6.50631	-0.244767	0.494731	29.0122
5.64564	-0.195307	0.424141	116.767
5.64564	-0.195307	0.424141	116.767
11.4265	-0.503299	0.928625	2.33942
11.4265	-0.503299	0.928625	2.33942
9.74036	-0.435167	0.771226	13.1439
9.74036	-0.435167	0.771226	13.1439
9.70044	-0.364934	0.824912	5.59029
9.70044	-0.364934	0.824912	5.59029
7.57624	-0.286515	0.576639	95.2231
7.57624	-0.286515	0.576639	95.2231
5.99072	-0.201072	0.447878	84.2832
5.99072	-0.201072	0.447878	84.2832
5.9382	-0.225446	0.45369	111.819
5.9382	-0.225446	0.45369	111.819
11.6628	-0.466482	0.958836	2.29743
11.6628	-0.466482	0.958836	2.29743
10.6812	-0.39306	0.899368	3.22519
10.6812	-0.39306	0.899368	3.22519
8.75958	-0.368812	0.687786	36.3743
8.75958	-0.368812	0.687786	36.3743
6.76467	-0.257416	0.518144	62.7686
6.76467	-0.257416	0.518144	62.7686
6.65808	-0.23618	0.497396	106.24
6.65808	-0.23618	0.497396	106.24
5.40409	-0.19018	0.399972	125.249
5.40409	-0.19018	0.399972	125.249
12.2124	-0.43989	1.01809	2.87249
12.2124	-0.43989	1.01809	2.87249
12.2124	-0.43989	1.01809	2.87249
12.2124	-0.43989	1.01809	2.87249
6.34419	-0.230289	0.47688	91.2865
6.34419	-0.230289	0.47688	91.2865
6.34419	-0.230289	0.47688	91.2865
6.34419	-0.230289	0.47688	91.2865
5.70021	-0.184793	0.418205	143.505
5.70021	-0.184793	0.418205	143.505
5.70021	-0.184793	0.418205	143.505
5.70021	-0.184793	0.418205	143.505
12.2186	-0.461191	1.01181	2.73533
12.2186	-0.461191	1.01181	2.73533
11.6469	-0.378286	0.97342	3.04863
11.6469	-0.378286	0.97342	3.04863
7.29737	-0.290204	0.560846	97.8493
7.29737	-0.290204	0.560846	97.8493
6.27767	-0.212844	0.465269	136.093
6.27767	-0.212844	0.465269	136.093
5.8006	-0.191826	0.428279	95.0464
5.8006	-0.191826	0.428279	95.0464
5.77086	-0.209264	0.431565	77.5683
5.77086	-0.209264	0.431565	77.5683
11.6628	-0.466482	0.958836	2.29743
11.6628	-0.466482	0.958836	2.29743
10.6812	-0.39306	0.899368	3.22519
10.6812	-0.39306	0.899368	3.22519
8.75958	-0.368812	0.687786	36.3743
8.75958	-0.368812	0.687786	36.3743
6.76467	-0.257416	0.518144	62.7686
6.76467	-0.257416	0.518144	62.7686
6.65808	-0.23618	0.497396	106.24
6.65808	-0.23618	0.497396	106.24
5.40409	-0.19018	0.399972	125.249
5.40409	-0.19018	0.399972	125.249
10.9783	-0.490067	0.904612	2.71002
10.9783	-0.490067	0.904612	2.71002
9.98374	-0.40766	0.848592	6.14454
9.98374	-0.40766	0.848592	6.14454
9.81003	-0.425052	0.775211	13.2895
9.81003	-0.425052	0.775211	13.2895
7.54091	-0.308316	0.58314	69.0076
7.54091	-0.308316	0.58314	69.0076
6.77773	-0.241634	0.507451	109.098
6.77773	-0.241634	0.507451	109.098
5.26167	-0.186218	0.388944	124.257
5.26167	-0.186218	0.388944	124.257
11.6628	-0.466482	0.958836	2.29743
11.6628	-0.466482	0.958836	2.29743
10.6812	-0.39306	0.899368	3.22519
10.6812	-0.39306	0.899368	3.22519
8.75958	-0.368812	0.687786	36.3743
8.75958	-0.368812	0.687786	36.3743
6.76467	-0.257416	0.518144	62.7686
6.76467	-0.257416	0.518144	62.7686
6.65808	-0.23618	0.497396	106.24
6.65808	-0.23618	0.497396	106.24
5.40409	-0.19018	0.399972	125.249
5.40409	-0.19018	0.399972	125.249
12.2186	-0.461191	1.01181	2.73533
12.2186	-0.461191	1.01181	2.73533
11.6469	-0.378286	0.97342	3.04863
11.6469	-0.378286	0.97342	3.04863
7.29737	-0.290204	0.560846	97.8493
7.29737	-0.290204	0.560846	97.8493
6.27767	-0.212844	0.465269	136.093
6.27767	-0.212844	0.465269	136.093
5.8006	-0.191826	0.428279	95.0464
5.8006	-0.191826	0.428279	95.0464
5.77086	-0.209264	0.431565	77.5683
5.77086	-0.209264	0.431565	77.5683
12.2186	-0.461191	1.01181	2.73533
12.2186	-0.461191	1.01181	2.73533
11.6469	-0.378286	0.97342	3.04863
11.6469	-0.378286	0.97342	3.04863
7.29737	-0.290204	0.560846	97.8493
7.29737	-0.290204	0.560846	97.8493
6.27767	-0.212844	0.465269	136.093
6.27767	-0.212844	0.465269	136.093
5.8006	-0.191826	0.428279	95.0464
5.8006	-0.191826	0.428279	95.0464
5.77086	-0.209264	0.431565	77.5683
5.77086	-0.209264	0.431565	77.5683
11.6628	-0.466482	0.958836	2.29743
11.6628	-0.466482	0.958836	2.29743
10.6812	-0.39306	0.899368	3.22519
10.6812	-0.39306	0.899368	3.22519
8.75958	-0.368812	0.687786	36.3743
8.75958	-0.368812	0.687786	36.3743
6.76467	-0.257416	0.518144	62.7686
6.76467	-0.257416	0.518144	62.7686
6.65808	-0.23618	0.497396	106.24
6.65808	-0.23618	0.497396	106.24
5.40409	-0.19018	0.399972	125.249
5.40409	-0.19018	0.399972	125.249
10.9783	-0.490067	0.904612	2.71002
10.9783	-0.490067	0.904612	2.71002
9.98374	-0.40766	0.848592	6.14454
9.98374	-0.40766	0.848592	6.14454
9.81003	-0.425052	0.775211	13.2895
9.81003	-0.425052	0.775211	13.2895
7.54091	-0.308316	0.58314	69.0076
7.54091	-0.308316	0.58314	69.0076
6.77773	-0.241634	0.507451	109.098
6.77773	-0.241634	0.507451	109.098
5.26167	-0.186218	0.388944	124.257
5.26167	-0.186218	0.388944	124.257
11.6628	-0.466482	0.958836	2.29743
11.6628	-0.466482	0.958836	2.29743
10.6812	-0.39306	0.899368	3.22519
10.6812	-0.39306	0.899368	3.22519
8.75958	-0.368812	0.687786	36.3743
8.75958	-0.368812	0.687786	36.3743
6.76467	-0.257416	0.518144	62.7686
6.76467	-0.257416	0.518144	62.7686
6.65808	-0.23618	0.497396	106.24
6.65808	-0.23618	0.497396	106.24
5.40409	-0.19018	0.399972	125.249
5.40409	-0.19018	0.399972	125.249
12.2186	-0.461191	1.01181	2.73533
12.2186	-0.461191	1.01181	2.73533
11.6469	-0.378286	0.97342	3.04863
11.6469	-0.378286	0.97342	3.04863
7.29737	-0.290204	0.560846	97.8493
7.29737	-0.290204	0.560846	97.8493
6.27767	-0.212844	0.465269	136.093
6.27767	-0.212844	0.465269	136.093
5.8006	-0.191826	0.428279	95.0464
5.8006	-0.191826	0.428279	95.0464
5.77086	-0.209264	0.431565	77.5683
5.77086	-0.209264	0.431565	77.5683
