1848 Out of 2592 QH, Third, Fourth Freq in rad/ps and Lifetimes in ps for a 6x6x6 Ar Lattice at 10K. (atoms/UC=4)
12.5105	-0.422731	1.04225	2.49587
12.5105	-0.422731	1.04225	2.49587
12.5105	-0.422731	1.04225	2.49587
12.5105	-0.422731	1.04225	2.49587
5.70186	-0.181708	0.417892	139.706
5.70186	-0.181708	0.417892	139.706
5.70186	-0.181708	0.417892	139.706
5.70186	-0.181708	0.417892	139.706
5.70186	-0.181708	0.417892	139.706
5.70186	-0.181708	0.417892	139.706
5.70186	-0.181708	0.417892	139.706
5.70186	-0.181708	0.417892	139.706
12.2124	-0.439886	1.0181	2.87298
12.2124	-0.439886	1.0181	2.87298
12.2124	-0.439886	1.0181	2.87298
12.2124	-0.439886	1.0181	2.87298
6.34419	-0.230292	0.476882	91.4724
6.34419	-0.230292	0.476882	91.4724
6.34419	-0.230292	0.476882	91.4724
6.34419	-0.230292	0.476882	91.4724
5.70021	-0.184792	0.418205	143.829
5.70021	-0.184792	0.418205	143.829
5.70021	-0.184792	0.418205	143.829
5.70021	-0.184792	0.418205	143.829
11.3988	-0.437145	0.949678	2.93362
11.3988	-0.437145	0.949678	2.93362
11.3988	-0.437145	0.949678	2.93362
11.3988	-0.437145	0.949678	2.93362
7.75823	-0.321597	0.603352	24.9564
7.75823	-0.321597	0.603352	24.9564
7.75823	-0.321597	0.603352	24.9564
7.75823	-0.321597	0.603352	24.9564
5.69691	-0.19421	0.419048	160.802
5.69691	-0.19421	0.419048	160.802
5.69691	-0.19421	0.419048	160.802
5.69691	-0.19421	0.419048	160.802
10.6715	-0.508693	0.898982	3.05115
10.6715	-0.508693	0.898982	3.05115
10.6715	-0.508693	0.898982	3.05115
10.6715	-0.508693	0.898982	3.05115
8.75267	-0.345429	0.683877	20.0707
8.75267	-0.345429	0.683877	20.0707
8.75267	-0.345429	0.683877	20.0707
8.75267	-0.345429	0.683877	20.0707
5.69526	-0.194135	0.419154	141.415
5.69526	-0.194135	0.419154	141.415
5.69526	-0.194135	0.419154	141.415
5.69526	-0.194135	0.419154	141.415
11.3988	-0.437145	0.949678	2.93362
11.3988	-0.437145	0.949678	2.93362
11.3988	-0.437145	0.949678	2.93362
11.3988	-0.437145	0.949678	2.93362
7.75823	-0.321597	0.603352	24.9564
7.75823	-0.321597	0.603352	24.9564
7.75823	-0.321597	0.603352	24.9564
7.75823	-0.321597	0.603352	24.9564
5.69691	-0.19421	0.419048	160.802
5.69691	-0.19421	0.419048	160.802
5.69691	-0.19421	0.419048	160.802
5.69691	-0.19421	0.419048	160.802
12.2124	-0.439886	1.0181	2.87298
12.2124	-0.439886	1.0181	2.87298
12.2124	-0.439886	1.0181	2.87298
12.2124	-0.439886	1.0181	2.87298
6.34419	-0.230292	0.476882	91.4724
6.34419	-0.230292	0.476882	91.4724
6.34419	-0.230292	0.476882	91.4724
6.34419	-0.230292	0.476882	91.4724
5.70021	-0.184792	0.418205	143.829
5.70021	-0.184792	0.418205	143.829
5.70021	-0.184792	0.418205	143.829
5.70021	-0.184792	0.418205	143.829
12.2124	-0.439886	1.0181	2.87298
12.2124	-0.439886	1.0181	2.87298
12.2124	-0.439886	1.0181	2.87298
12.2124	-0.439886	1.0181	2.87298
6.34419	-0.230292	0.476882	91.4724
6.34419	-0.230292	0.476882	91.4724
6.34419	-0.230292	0.476882	91.4724
6.34419	-0.230292	0.476882	91.4724
5.70021	-0.184792	0.418205	143.829
5.70021	-0.184792	0.418205	143.829
5.70021	-0.184792	0.418205	143.829
5.70021	-0.184792	0.418205	143.829
12.2186	-0.461202	1.01181	2.7357
12.2186	-0.461202	1.01181	2.7357
11.6469	-0.378284	0.973421	3.04909
11.6469	-0.378284	0.973421	3.04909
7.29737	-0.290204	0.560846	97.9348
7.29737	-0.290204	0.560846	97.9348
6.27767	-0.212841	0.465269	136.533
6.27767	-0.212841	0.465269	136.533
5.8006	-0.191825	0.428279	95.1606
5.8006	-0.191825	0.428279	95.1606
5.77086	-0.209263	0.431565	77.5787
5.77086	-0.209263	0.431565	77.5787
11.6628	-0.466504	0.958842	2.29766
11.6628	-0.466504	0.958842	2.29766
10.6812	-0.393084	0.899371	3.22507
10.6812	-0.393084	0.899371	3.22507
8.75958	-0.368807	0.687784	36.4412
8.75958	-0.368807	0.687784	36.4412
6.76467	-0.257412	0.518145	62.9307
6.76467	-0.257412	0.518145	62.9307
6.65808	-0.23618	0.497396	106.371
6.65808	-0.23618	0.497396	106.371
5.40409	-0.190179	0.399972	125.406
5.40409	-0.190179	0.399972	125.406
10.9783	-0.49008	0.904616	2.71025
10.9783	-0.49008	0.904616	2.71025
9.98374	-0.407711	0.8486	6.14727
9.98374	-0.407711	0.8486	6.14727
9.81003	-0.425067	0.775213	13.3046
9.81003	-0.425067	0.775213	13.3046
7.54091	-0.308325	0.583141	69.2669
7.54091	-0.308325	0.583141	69.2669
6.77773	-0.241634	0.507451	109.222
6.77773	-0.241634	0.507451	109.222
5.26167	-0.186215	0.388944	124.47
5.26167	-0.186215	0.388944	124.47
11.6628	-0.466504	0.958842	2.29766
11.6628	-0.466504	0.958842	2.29766
10.6812	-0.393084	0.899371	3.22507
10.6812	-0.393084	0.899371	3.22507
8.75958	-0.368807	0.687784	36.4412
8.75958	-0.368807	0.687784	36.4412
6.76467	-0.257412	0.518145	62.9307
6.76467	-0.257412	0.518145	62.9307
6.65808	-0.23618	0.497396	106.371
6.65808	-0.23618	0.497396	106.371
5.40409	-0.190179	0.399972	125.406
5.40409	-0.190179	0.399972	125.406
12.2186	-0.461202	1.01181	2.7357
12.2186	-0.461202	1.01181	2.7357
11.6469	-0.378284	0.973421	3.04909
11.6469	-0.378284	0.973421	3.04909
7.29737	-0.290204	0.560846	97.9348
7.29737	-0.290204	0.560846	97.9348
6.27767	-0.212841	0.465269	136.533
6.27767	-0.212841	0.465269	136.533
5.8006	-0.191825	0.428279	95.1606
5.8006	-0.191825	0.428279	95.1606
5.77086	-0.209263	0.431565	77.5787
5.77086	-0.209263	0.431565	77.5787
11.3988	-0.437145	0.949678	2.93362
11.3988	-0.437145	0.949678	2.93362
11.3988	-0.437145	0.949678	2.93362
11.3988	-0.437145	0.949678	2.93362
7.75823	-0.321597	0.603352	24.9564
7.75823	-0.321597	0.603352	24.9564
7.75823	-0.321597	0.603352	24.9564
7.75823	-0.321597	0.603352	24.9564
5.69691	-0.19421	0.419048	160.802
5.69691	-0.19421	0.419048	160.802
5.69691	-0.19421	0.419048	160.802
5.69691	-0.19421	0.419048	160.802
11.6628	-0.466504	0.958842	2.29766
11.6628	-0.466504	0.958842	2.29766
10.6812	-0.393084	0.899371	3.22507
10.6812	-0.393084	0.899371	3.22507
8.75958	-0.368807	0.687784	36.4412
8.75958	-0.368807	0.687784	36.4412
6.76467	-0.257412	0.518145	62.9307
6.76467	-0.257412	0.518145	62.9307
6.65808	-0.23618	0.497396	106.371
6.65808	-0.23618	0.497396	106.371
5.40409	-0.190179	0.399972	125.406
5.40409	-0.190179	0.399972	125.406
11.4265	-0.503327	0.928632	2.33966
11.4265	-0.503327	0.928632	2.33966
9.74036	-0.435184	0.77123	13.1428
9.74036	-0.435184	0.77123	13.1428
9.70044	-0.364926	0.824913	5.59325
9.70044	-0.364926	0.824913	5.59325
7.57624	-0.286514	0.57664	95.4192
7.57624	-0.286514	0.57664	95.4192
5.99072	-0.201071	0.447878	84.3779
5.99072	-0.201071	0.447878	84.3779
5.9382	-0.225445	0.45369	112.003
5.9382	-0.225445	0.45369	112.003
10.909	-0.560057	0.88505	3.43177
10.909	-0.560057	0.88505	3.43177
10.5136	-0.481561	0.836419	5.17293
10.5136	-0.481561	0.836419	5.17293
9.08325	-0.34195	0.77897	7.9132
9.08325	-0.34195	0.77897	7.9132
7.9254	-0.306745	0.607993	107.136
7.9254	-0.306745	0.607993	107.136
6.50631	-0.245085	0.494728	29.3168
6.50631	-0.245085	0.494728	29.3168
5.64564	-0.195306	0.424141	116.929
5.64564	-0.195306	0.424141	116.929
11.4265	-0.503327	0.928632	2.33966
11.4265	-0.503327	0.928632	2.33966
9.74036	-0.435184	0.77123	13.1428
9.74036	-0.435184	0.77123	13.1428
9.70044	-0.364926	0.824913	5.59325
9.70044	-0.364926	0.824913	5.59325
7.57624	-0.286514	0.57664	95.4192
7.57624	-0.286514	0.57664	95.4192
5.99072	-0.201071	0.447878	84.3779
5.99072	-0.201071	0.447878	84.3779
5.9382	-0.225445	0.45369	112.003
5.9382	-0.225445	0.45369	112.003
11.6628	-0.466504	0.958842	2.29766
11.6628	-0.466504	0.958842	2.29766
10.6812	-0.393084	0.899371	3.22507
10.6812	-0.393084	0.899371	3.22507
8.75958	-0.368807	0.687784	36.4412
8.75958	-0.368807	0.687784	36.4412
6.76467	-0.257412	0.518145	62.9307
6.76467	-0.257412	0.518145	62.9307
6.65808	-0.23618	0.497396	106.371
6.65808	-0.23618	0.497396	106.371
5.40409	-0.190179	0.399972	125.406
5.40409	-0.190179	0.399972	125.406
10.6715	-0.508693	0.898982	3.05115
10.6715	-0.508693	0.898982	3.05115
10.6715	-0.508693	0.898982	3.05115
10.6715	-0.508693	0.898982	3.05115
8.75267	-0.345429	0.683877	20.0707
8.75267	-0.345429	0.683877	20.0707
8.75267	-0.345429	0.683877	20.0707
8.75267	-0.345429	0.683877	20.0707
5.69526	-0.194135	0.419154	141.415
5.69526	-0.194135	0.419154	141.415
5.69526	-0.194135	0.419154	141.415
5.69526	-0.194135	0.419154	141.415
10.9783	-0.49008	0.904616	2.71025
10.9783	-0.49008	0.904616	2.71025
9.98374	-0.407711	0.8486	6.14727
9.98374	-0.407711	0.8486	6.14727
9.81003	-0.425067	0.775213	13.3046
9.81003	-0.425067	0.775213	13.3046
7.54091	-0.308325	0.583141	69.2669
7.54091	-0.308325	0.583141	69.2669
6.77773	-0.241634	0.507452	109.222
6.77773	-0.241634	0.507451	109.222
5.26167	-0.186215	0.388944	124.47
5.26167	-0.186215	0.388944	124.47
10.909	-0.560057	0.88505	3.43177
10.909	-0.560057	0.88505	3.43177
10.5136	-0.481561	0.836419	5.17293
10.5136	-0.481561	0.836419	5.17293
9.08325	-0.34195	0.77897	7.9132
9.08325	-0.34195	0.77897	7.9132
7.9254	-0.306745	0.607993	107.136
7.9254	-0.306745	0.607993	107.136
6.50631	-0.245085	0.494728	29.3168
6.50631	-0.245085	0.494728	29.3168
5.64564	-0.195306	0.424141	116.929
5.64564	-0.195306	0.424141	116.929
10.7591	-0.573348	0.862982	7.0059
10.7591	-0.573348	0.862982	7.0059
10.7591	-0.573348	0.862982	7.0059
10.7591	-0.573348	0.862982	7.0059
8.53484	-0.317622	0.739199	61.0063
8.53484	-0.317622	0.739199	61.0063
8.47291	-0.348593	0.660119	77.1623
8.47291	-0.348593	0.660119	77.1623
6.08233	-0.200072	0.457094	96.3857
6.08233	-0.200072	0.457094	96.3857
6.08233	-0.200072	0.457094	96.3857
6.08233	-0.200072	0.457094	96.3857
10.909	-0.560057	0.88505	3.43177
10.909	-0.560057	0.88505	3.43177
10.5136	-0.481561	0.836419	5.17293
10.5136	-0.481561	0.836419	5.17293
9.08325	-0.34195	0.77897	7.9132
9.08325	-0.34195	0.77897	7.9132
7.9254	-0.306745	0.607993	107.136
7.9254	-0.306745	0.607993	107.136
6.50631	-0.245085	0.494728	29.3168
6.50631	-0.245085	0.494728	29.3168
5.64564	-0.195306	0.424141	116.929
5.64564	-0.195306	0.424141	116.929
10.9783	-0.49008	0.904616	2.71025
10.9783	-0.49008	0.904616	2.71025
9.98374	-0.407711	0.8486	6.14727
9.98374	-0.407711	0.8486	6.14727
9.81003	-0.425067	0.775213	13.3046
9.81003	-0.425067	0.775213	13.3046
7.54091	-0.308325	0.583141	69.2669
7.54091	-0.308325	0.583141	69.2669
6.77773	-0.241634	0.507451	109.222
6.77773	-0.241634	0.507452	109.222
5.26167	-0.186215	0.388944	124.47
5.26167	-0.186215	0.388944	124.47
11.3988	-0.437145	0.949678	2.93362
11.3988	-0.437145	0.949678	2.93362
11.3988	-0.437145	0.949678	2.93362
11.3988	-0.437145	0.949678	2.93362
7.75823	-0.321597	0.603352	24.9564
7.75823	-0.321597	0.603352	24.9564
7.75823	-0.321597	0.603352	24.9564
7.75823	-0.321597	0.603352	24.9564
5.69691	-0.19421	0.419048	160.802
5.69691	-0.19421	0.419048	160.802
5.69691	-0.19421	0.419048	160.802
5.69691	-0.19421	0.419048	160.802
11.6628	-0.466504	0.958842	2.29766
11.6628	-0.466504	0.958842	2.29766
10.6812	-0.393084	0.899371	3.22507
10.6812	-0.393084	0.899371	3.22507
8.75958	-0.368807	0.687784	36.4412
8.75958	-0.368807	0.687784	36.4412
6.76467	-0.257412	0.518145	62.9307
6.76467	-0.257412	0.518145	62.9307
6.65808	-0.23618	0.497396	106.371
6.65808	-0.23618	0.497396	106.371
5.40409	-0.190179	0.399972	125.406
5.40409	-0.190179	0.399972	125.406
11.4265	-0.503327	0.928632	2.33966
11.4265	-0.503327	0.928632	2.33966
9.74036	-0.435184	0.77123	13.1428
9.74036	-0.435184	0.77123	13.1428
9.70044	-0.364926	0.824913	5.59325
9.70044	-0.364926	0.824913	5.59325
7.57624	-0.286514	0.57664	95.4192
7.57624	-0.286514	0.57664	95.4192
5.99072	-0.201071	0.447878	84.3779
5.99072	-0.201071	0.447878	84.3779
5.9382	-0.225445	0.45369	112.003
5.9382	-0.225445	0.45369	112.003
10.909	-0.560057	0.88505	3.43177
10.909	-0.560057	0.88505	3.43177
10.5136	-0.481561	0.836419	5.17293
10.5136	-0.481561	0.836419	5.17293
9.08325	-0.34195	0.77897	7.9132
9.08325	-0.34195	0.77897	7.9132
7.9254	-0.306745	0.607993	107.136
7.9254	-0.306745	0.607993	107.136
6.50631	-0.245085	0.494728	29.3168
6.50631	-0.245085	0.494728	29.3168
5.64564	-0.195306	0.424141	116.929
5.64564	-0.195306	0.424141	116.929
11.4265	-0.503327	0.928632	2.33966
11.4265	-0.503327	0.928632	2.33966
9.74036	-0.435184	0.77123	13.1428
9.74036	-0.435184	0.77123	13.1428
9.70044	-0.364926	0.824913	5.59325
9.70044	-0.364926	0.824913	5.59325
7.57624	-0.286514	0.57664	95.4192
7.57624	-0.286514	0.57664	95.4192
5.99072	-0.201071	0.447878	84.3779
5.99072	-0.201071	0.447878	84.3779
5.9382	-0.225445	0.45369	112.003
5.9382	-0.225445	0.45369	112.003
11.6628	-0.466504	0.958842	2.29766
11.6628	-0.466504	0.958842	2.29766
10.6812	-0.393084	0.899371	3.22507
10.6812	-0.393084	0.899371	3.22507
8.75958	-0.368807	0.687784	36.4412
8.75958	-0.368807	0.687784	36.4412
6.76467	-0.257412	0.518145	62.9307
6.76467	-0.257412	0.518145	62.9307
6.65808	-0.23618	0.497396	106.371
6.65808	-0.23618	0.497396	106.371
5.40409	-0.190179	0.399972	125.406
5.40409	-0.190179	0.399972	125.406
12.2124	-0.439886	1.0181	2.87298
12.2124	-0.439886	1.0181	2.87298
12.2124	-0.439886	1.0181	2.87298
12.2124	-0.439886	1.0181	2.87298
6.34419	-0.230292	0.476882	91.4724
6.34419	-0.230292	0.476882	91.4724
6.34419	-0.230292	0.476882	91.4724
6.34419	-0.230292	0.476882	91.4724
5.70021	-0.184792	0.418205	143.829
5.70021	-0.184792	0.418205	143.829
5.70021	-0.184792	0.418205	143.829
5.70021	-0.184792	0.418205	143.829
12.2186	-0.461202	1.01181	2.7357
12.2186	-0.461202	1.01181	2.7357
11.6469	-0.378284	0.973421	3.04909
11.6469	-0.378284	0.973421	3.04909
7.29737	-0.290204	0.560846	97.9348
7.29737	-0.290204	0.560846	97.9348
6.27767	-0.212841	0.465269	136.533
6.27767	-0.212841	0.465269	136.533
5.8006	-0.191825	0.428279	95.1606
5.8006	-0.191825	0.428279	95.1606
5.77086	-0.209263	0.431565	77.5787
5.77086	-0.209263	0.431565	77.5787
11.6628	-0.466504	0.958842	2.29766
11.6628	-0.466504	0.958842	2.29766
10.6812	-0.393084	0.899371	3.22507
10.6812	-0.393084	0.899371	3.22507
8.75958	-0.368807	0.687784	36.4412
8.75958	-0.368807	0.687784	36.4412
6.76467	-0.257412	0.518145	62.9307
6.76467	-0.257412	0.518145	62.9307
6.65808	-0.23618	0.497396	106.371
6.65808	-0.23618	0.497396	106.371
5.40409	-0.190179	0.399972	125.406
5.40409	-0.190179	0.399972	125.406
10.9783	-0.49008	0.904616	2.71025
10.9783	-0.49008	0.904616	2.71025
9.98374	-0.407711	0.8486	6.14727
9.98374	-0.407711	0.8486	6.14727
9.81003	-0.425067	0.775213	13.3046
9.81003	-0.425067	0.775213	13.3046
7.54091	-0.308325	0.583141	69.2669
7.54091	-0.308325	0.583141	69.2669
6.77773	-0.241634	0.507451	109.222
6.77773	-0.241634	0.507451	109.222
5.26167	-0.186215	0.388944	124.47
5.26167	-0.186215	0.388944	124.47
11.6628	-0.466504	0.958842	2.29766
11.6628	-0.466504	0.958842	2.29766
10.6812	-0.393084	0.899371	3.22507
10.6812	-0.393084	0.899371	3.22507
8.75958	-0.368807	0.687784	36.4412
8.75958	-0.368807	0.687784	36.4412
6.76467	-0.257412	0.518145	62.9307
6.76467	-0.257412	0.518145	62.9307
6.65808	-0.23618	0.497396	106.371
6.65808	-0.23618	0.497396	106.371
5.40409	-0.190179	0.399972	125.406
5.40409	-0.190179	0.399972	125.406
12.2186	-0.461202	1.01181	2.7357
12.2186	-0.461202	1.01181	2.7357
11.6469	-0.378284	0.973421	3.04909
11.6469	-0.378284	0.973421	3.04909
7.29737	-0.290204	0.560846	97.9348
7.29737	-0.290204	0.560846	97.9348
6.27767	-0.212841	0.465269	136.533
6.27767	-0.212841	0.465269	136.533
5.8006	-0.191825	0.428279	95.1606
5.8006	-0.191825	0.428279	95.1606
5.77086	-0.209263	0.431565	77.5787
5.77086	-0.209263	0.431565	77.5787
12.2124	-0.439886	1.0181	2.87298
12.2124	-0.439886	1.0181	2.87298
12.2124	-0.439886	1.0181	2.87298
12.2124	-0.439886	1.0181	2.87298
6.34419	-0.230292	0.476882	91.4724
6.34419	-0.230292	0.476882	91.4724
6.34419	-0.230292	0.476882	91.4724
6.34419	-0.230292	0.476882	91.4724
5.70021	-0.184792	0.418205	143.829
5.70021	-0.184792	0.418205	143.829
5.70021	-0.184792	0.418205	143.829
5.70021	-0.184792	0.418205	143.829
12.2186	-0.461202	1.01181	2.7357
12.2186	-0.461202	1.01181	2.7357
11.6469	-0.378284	0.973421	3.04909
11.6469	-0.378284	0.973421	3.04909
7.29737	-0.290204	0.560846	97.9348
7.29737	-0.290204	0.560846	97.9348
6.27767	-0.212841	0.465269	136.533
6.27767	-0.212841	0.465269	136.533
5.8006	-0.191825	0.428279	95.1606
5.8006	-0.191825	0.428279	95.1606
5.77086	-0.209263	0.431565	77.5787
5.77086	-0.209263	0.431565	77.5787
11.6628	-0.466504	0.958842	2.29766
11.6628	-0.466504	0.958842	2.29766
10.6812	-0.393084	0.899371	3.22507
10.6812	-0.393084	0.899371	3.22507
8.75958	-0.368807	0.687784	36.4412
8.75958	-0.368807	0.687784	36.4412
6.76467	-0.257412	0.518145	62.9307
6.76467	-0.257412	0.518145	62.9307
6.65808	-0.23618	0.497396	106.371
6.65808	-0.23618	0.497396	106.371
5.40409	-0.190179	0.399972	125.406
5.40409	-0.190179	0.399972	125.406
10.9783	-0.49008	0.904616	2.71025
10.9783	-0.49008	0.904616	2.71025
9.98374	-0.407711	0.8486	6.14727
9.98374	-0.407711	0.8486	6.14727
9.81003	-0.425067	0.775213	13.3046
9.81003	-0.425067	0.775213	13.3046
7.54091	-0.308325	0.583141	69.2669
7.54091	-0.308325	0.583141	69.2669
6.77773	-0.241634	0.507451	109.222
6.77773	-0.241634	0.507452	109.222
5.26167	-0.186215	0.388944	124.47
5.26167	-0.186215	0.388944	124.47
11.6628	-0.466504	0.958842	2.29766
11.6628	-0.466504	0.958842	2.29766
10.6812	-0.393084	0.899371	3.22507
10.6812	-0.393084	0.899371	3.22507
8.75958	-0.368807	0.687784	36.4412
8.75958	-0.368807	0.687784	36.4412
6.76467	-0.257412	0.518145	62.9307
6.76467	-0.257412	0.518145	62.9307
6.65808	-0.23618	0.497396	106.371
6.65808	-0.23618	0.497396	106.371
5.40409	-0.190179	0.399972	125.406
5.40409	-0.190179	0.399972	125.406
12.2186	-0.461202	1.01181	2.7357
12.2186	-0.461202	1.01181	2.7357
11.6469	-0.378284	0.973421	3.04909
11.6469	-0.378284	0.973421	3.04909
7.29737	-0.290204	0.560846	97.9348
7.29737	-0.290204	0.560846	97.9348
6.27767	-0.212841	0.465269	136.533
6.27767	-0.212841	0.465269	136.533
5.8006	-0.191825	0.428279	95.1606
5.8006	-0.191825	0.428279	95.1606
5.77086	-0.209263	0.431565	77.5787
5.77086	-0.209263	0.431565	77.5787
12.2186	-0.461202	1.01181	2.7357
12.2186	-0.461202	1.01181	2.7357
11.6469	-0.378284	0.973421	3.04909
11.6469	-0.378284	0.973421	3.04909
7.29737	-0.290204	0.560846	97.9348
7.29737	-0.290204	0.560846	97.9348
6.27767	-0.212841	0.465269	136.533
6.27767	-0.212841	0.465269	136.533
5.8006	-0.191825	0.428279	95.1606
5.8006	-0.191825	0.428279	95.1606
5.77086	-0.209263	0.431565	77.5787
5.77086	-0.209263	0.431565	77.5787
11.9928	-0.416816	0.989522	3.25274
11.9928	-0.416816	0.989522	3.25274
11.9928	-0.416816	0.989522	3.25274
10.7338	-0.371373	0.909641	4.15665
7.4594	-0.300019	0.576262	100.726
7.4594	-0.300019	0.576262	100.726
7.4594	-0.300019	0.576262	100.726
6.54118	-0.22014	0.486224	94.4421
6.54118	-0.22014	0.486224	94.4421
6.54118	-0.22014	0.486224	94.4421
4.94442	-0.159915	0.361667	150.941
4.94442	-0.159915	0.361667	150.941
11.6898	-0.444543	0.951858	2.38383
11.4101	-0.45435	0.944209	3.10692
11.4101	-0.45435	0.944209	3.10692
9.46695	-0.369385	0.81239	26.876
9.26169	-0.400341	0.732702	27.6668
8.14896	-0.328878	0.632926	70.864
8.14896	-0.328878	0.632926	70.864
7.03257	-0.23526	0.524476	92.0277
6.80163	-0.241272	0.510859	101.209
6.80163	-0.241272	0.510859	101.209
5.43372	-0.197925	0.410234	117.517
4.20219	-0.140824	0.304817	200.445
10.9733	-0.435991	0.909186	2.41609
10.9733	-0.435991	0.909186	2.41609
10.7921	-0.533018	0.866492	6.48281
10.6992	-0.491567	0.870092	8.1386
8.70829	-0.355995	0.676868	35.7584
8.70829	-0.355995	0.676868	35.7584
8.60609	-0.315966	0.744276	11.0731
7.20393	-0.2466	0.538213	67.0349
6.84927	-0.251591	0.517052	73.7881
6.84927	-0.251591	0.517052	73.7881
6.14774	-0.235507	0.470565	78.6402
3.89351	-0.136481	0.281478	240.607
11.6898	-0.444543	0.951858	2.38383
11.4101	-0.45435	0.944209	3.10692
11.4101	-0.45435	0.944209	3.10692
9.46695	-0.369385	0.81239	26.876
9.26169	-0.400341	0.732702	27.6668
8.14896	-0.328878	0.632926	70.864
8.14896	-0.328878	0.632926	70.864
7.03257	-0.23526	0.524476	92.0277
6.80163	-0.241272	0.510859	101.209
6.80163	-0.241272	0.510859	101.209
5.43372	-0.197925	0.410234	117.517
4.20219	-0.140824	0.304817	200.445
11.9928	-0.416816	0.989522	3.25274
11.9928	-0.416816	0.989522	3.25274
11.9928	-0.416816	0.989522	3.25274
10.7338	-0.371373	0.909641	4.15665
7.4594	-0.300019	0.576262	100.726
7.4594	-0.300019	0.576262	100.726
7.4594	-0.300019	0.576262	100.726
6.54118	-0.22014	0.486224	94.4421
6.54118	-0.22014	0.486224	94.4421
6.54118	-0.22014	0.486224	94.4421
4.94442	-0.159915	0.361667	150.941
4.94442	-0.159915	0.361667	150.941
11.6628	-0.466504	0.958842	2.29766
11.6628	-0.466504	0.958842	2.29766
10.6812	-0.393084	0.899371	3.22507
10.6812	-0.393084	0.899371	3.22507
8.75958	-0.368807	0.687784	36.4412
8.75958	-0.368807	0.687784	36.4412
6.76467	-0.257412	0.518145	62.9307
6.76467	-0.257412	0.518145	62.9307
6.65808	-0.23618	0.497396	106.371
6.65808	-0.23618	0.497396	106.371
5.40409	-0.190179	0.399972	125.406
5.40409	-0.190179	0.399972	125.406
11.6898	-0.444543	0.951858	2.38383
11.4101	-0.45435	0.944209	3.10692
11.4101	-0.45435	0.944209	3.10692
9.46695	-0.369385	0.81239	26.876
9.26169	-0.400341	0.732702	27.6668
8.14896	-0.328878	0.632926	70.864
8.14896	-0.328878	0.632926	70.864
7.03257	-0.23526	0.524476	92.0277
6.80163	-0.241272	0.510859	101.209
6.80163	-0.241272	0.510859	101.209
5.43372	-0.197925	0.410234	117.517
4.20219	-0.140824	0.304817	200.445
11.5835	-0.492483	0.942019	2.46093
11.5835	-0.492483	0.942019	2.46093
11.014	-0.418445	0.914645	3.1467
9.47938	-0.431972	0.748518	15.5931
9.47938	-0.431972	0.748518	15.5931
7.98634	-0.307383	0.693518	35.5627
7.73544	-0.299135	0.595749	92.1648
7.68187	-0.27246	0.581126	71.7987
7.68187	-0.27246	0.581126	71.7987
7.19179	-0.240591	0.540354	69.9204
4.4668	-0.152159	0.331272	188.938
3.99996	-0.146227	0.299452	205.513
11.5215	-0.488888	0.936103	2.30093
11.4527	-0.560549	0.925016	2.33906
10.7886	-0.471107	0.90321	3.37454
10.1637	-0.497002	0.812662	31.4573
9.46972	-0.42696	0.740924	36.1218
8.04811	-0.308283	0.61769	89.8516
7.96455	-0.284719	0.603986	79.0072
7.79736	-0.288761	0.594724	63.6047
7.21915	-0.248576	0.545509	104.331
7.00997	-0.249333	0.615512	38.0953
4.87341	-0.178213	0.368428	113.177
3.68114	-0.132156	0.273694	152.271
11.5835	-0.492483	0.942019	2.46093
11.5835	-0.492483	0.942019	2.46093
11.014	-0.418445	0.914645	3.1467
9.47938	-0.431972	0.748518	15.5931
9.47938	-0.431972	0.748518	15.5931
7.98634	-0.307383	0.693518	35.5627
7.73544	-0.299135	0.595749	92.1648
7.68187	-0.27246	0.581126	71.7987
7.68187	-0.27246	0.581126	71.7987
7.19179	-0.240591	0.540354	69.9204
4.4668	-0.152159	0.331272	188.938
3.99996	-0.146227	0.299452	205.513
11.6898	-0.444543	0.951858	2.38383
11.4101	-0.45435	0.944209	3.10692
11.4101	-0.45435	0.944209	3.10692
9.46695	-0.369385	0.81239	26.876
9.26169	-0.400341	0.732702	27.6668
8.14896	-0.328878	0.632926	70.864
8.14896	-0.328878	0.632926	70.864
7.03257	-0.23526	0.524476	92.0277
6.80163	-0.241272	0.510859	101.209
6.80163	-0.241272	0.510859	101.209
5.43372	-0.197925	0.410234	117.517
4.20219	-0.140824	0.304817	200.445
10.9783	-0.49008	0.904616	2.71025
10.9783	-0.49008	0.904616	2.71025
9.98374	-0.407711	0.8486	6.14727
9.98374	-0.407711	0.8486	6.14727
9.81003	-0.425067	0.775213	13.3046
9.81003	-0.425067	0.775213	13.3046
7.54091	-0.308325	0.583141	69.2669
7.54091	-0.308325	0.583141	69.2669
6.77773	-0.241634	0.507451	109.222
6.77773	-0.241634	0.507452	109.222
5.26167	-0.186215	0.388944	124.47
5.26167	-0.186215	0.388944	124.47
10.9733	-0.435991	0.909186	2.41609
10.9733	-0.435991	0.909186	2.41609
10.7921	-0.533018	0.866492	6.48281
10.6992	-0.491567	0.870092	8.1386
8.70829	-0.355995	0.676868	35.7584
8.70829	-0.355995	0.676868	35.7584
8.60609	-0.315966	0.744276	11.0731
7.20393	-0.2466	0.538213	67.0349
6.84927	-0.251591	0.517052	73.7881
6.84927	-0.251591	0.517052	73.7881
6.14774	-0.235507	0.470565	78.6402
3.89351	-0.136481	0.281478	240.607
11.5215	-0.488888	0.936103	2.30093
11.4527	-0.560549	0.925016	2.33906
10.7886	-0.471107	0.90321	3.37454
10.1637	-0.497002	0.812662	31.4573
9.46972	-0.42696	0.740924	36.1218
8.04811	-0.308283	0.61769	89.8516
7.96455	-0.284719	0.603986	79.0072
7.79736	-0.288761	0.594724	63.6047
7.21915	-0.248576	0.545509	104.331
7.00997	-0.249333	0.615512	38.0953
4.87341	-0.178213	0.368428	113.177
3.68114	-0.132156	0.273694	152.271
11.6841	-0.529951	0.942678	1.68699
11.6841	-0.529951	0.942678	1.68699
10.6674	-0.470796	0.896324	4.51196
9.7332	-0.427583	0.761422	83.3511
9.7332	-0.427583	0.761422	83.3511
8.49794	-0.331438	0.657072	73.8033
8.49794	-0.331438	0.657072	73.8033
7.43476	-0.242983	0.560618	87.8499
7.43476	-0.242983	0.560618	87.8499
5.89209	-0.222734	0.53295	73.1344
4.31147	-0.150602	0.323151	112.856
4.31147	-0.150602	0.323151	112.856
11.5215	-0.488888	0.936103	2.30093
11.4527	-0.560549	0.925016	2.33906
10.7886	-0.471107	0.90321	3.37454
10.1637	-0.497002	0.812662	31.4573
9.46972	-0.42696	0.740924	36.1218
8.04811	-0.308283	0.61769	89.8516
7.96455	-0.284719	0.603986	79.0072
7.79736	-0.288761	0.594724	63.6047
7.21915	-0.248576	0.545509	104.331
7.00997	-0.249333	0.615512	38.0953
4.87341	-0.178213	0.368428	113.177
3.68114	-0.132156	0.273694	152.271
10.9733	-0.435991	0.909186	2.41609
10.9733	-0.435991	0.909186	2.41609
10.7921	-0.533018	0.866492	6.48281
10.6992	-0.491567	0.870092	8.1386
8.70829	-0.355995	0.676868	35.7584
8.70829	-0.355995	0.676868	35.7584
8.60609	-0.315966	0.744276	11.0731
7.20393	-0.2466	0.538213	67.0349
6.84927	-0.251591	0.517052	73.7881
6.84927	-0.251591	0.517052	73.7881
6.14774	-0.235507	0.470565	78.6402
3.89351	-0.136481	0.281478	240.607
11.6628	-0.466504	0.958842	2.29766
11.6628	-0.466504	0.958842	2.29766
10.6812	-0.393084	0.899371	3.22507
10.6812	-0.393084	0.899371	3.22507
8.75958	-0.368807	0.687784	36.4412
8.75958	-0.368807	0.687784	36.4412
6.76467	-0.257412	0.518145	62.9307
6.76467	-0.257412	0.518145	62.9307
6.65808	-0.23618	0.497396	106.371
6.65808	-0.23618	0.497396	106.371
5.40409	-0.190179	0.399972	125.406
5.40409	-0.190179	0.399972	125.406
11.6898	-0.444543	0.951858	2.38383
11.4101	-0.45435	0.944209	3.10692
11.4101	-0.45435	0.944209	3.10692
9.46695	-0.369385	0.81239	26.876
9.26169	-0.400341	0.732702	27.6668
8.14896	-0.328878	0.632926	70.864
8.14896	-0.328878	0.632926	70.864
7.03257	-0.23526	0.524476	92.0277
6.80163	-0.241272	0.510859	101.209
6.80163	-0.241272	0.510859	101.209
5.43372	-0.197925	0.410234	117.517
4.20219	-0.140824	0.304817	200.445
11.5835	-0.492483	0.942019	2.46093
11.5835	-0.492483	0.942019	2.46093
11.014	-0.418445	0.914645	3.1467
9.47938	-0.431972	0.748518	15.5931
9.47938	-0.431972	0.748518	15.5931
7.98634	-0.307383	0.693518	35.5627
7.73544	-0.299135	0.595749	92.1648
7.68187	-0.27246	0.581126	71.7987
7.68187	-0.27246	0.581126	71.7987
7.19179	-0.240591	0.540354	69.9204
4.4668	-0.152159	0.331272	188.938
3.99996	-0.146227	0.299452	205.513
11.5215	-0.488888	0.936103	2.30093
11.4527	-0.560549	0.925016	2.33906
10.7886	-0.471107	0.90321	3.37454
10.1637	-0.497002	0.812662	31.4573
9.46972	-0.42696	0.740924	36.1218
8.04811	-0.308283	0.61769	89.8516
7.96455	-0.284719	0.603986	79.0072
7.79736	-0.288761	0.594724	63.6047
7.21915	-0.248576	0.545509	104.331
7.00997	-0.249333	0.615512	38.0953
4.87341	-0.178213	0.368428	113.177
3.68114	-0.132156	0.273694	152.271
11.5835	-0.492483	0.942019	2.46093
11.5835	-0.492483	0.942019	2.46093
11.014	-0.418445	0.914645	3.1467
9.47938	-0.431972	0.748518	15.5931
9.47938	-0.431972	0.748518	15.5931
7.98634	-0.307383	0.693518	35.5627
7.73544	-0.299135	0.595749	92.1648
7.68187	-0.27246	0.581126	71.7987
7.68187	-0.27246	0.581126	71.7987
7.19179	-0.240591	0.540354	69.9204
4.4668	-0.152159	0.331272	188.938
3.99996	-0.146227	0.299452	205.513
11.6898	-0.444543	0.951858	2.38383
11.4101	-0.45435	0.944209	3.10692
11.4101	-0.45435	0.944209	3.10692
9.46695	-0.369385	0.81239	26.876
9.26169	-0.400341	0.732702	27.6668
8.14896	-0.328878	0.632926	70.864
8.14896	-0.328878	0.632926	70.864
7.03257	-0.23526	0.524476	92.0277
6.80163	-0.241272	0.510859	101.209
6.80163	-0.241272	0.510859	101.209
5.43372	-0.197925	0.410234	117.517
4.20219	-0.140824	0.304817	200.445
12.2186	-0.461202	1.01181	2.7357
12.2186	-0.461202	1.01181	2.7357
11.6469	-0.378284	0.973421	3.04909
11.6469	-0.378284	0.973421	3.04909
7.29737	-0.290204	0.560846	97.9348
7.29737	-0.290204	0.560846	97.9348
6.27767	-0.212841	0.465269	136.533
6.27767	-0.212841	0.465269	136.533
5.8006	-0.191825	0.428279	95.1606
5.8006	-0.191825	0.428279	95.1606
5.77086	-0.209263	0.431565	77.5787
5.77086	-0.209263	0.431565	77.5787
11.9928	-0.416816	0.989522	3.25274
11.9928	-0.416816	0.989522	3.25274
11.9928	-0.416816	0.989522	3.25274
10.7338	-0.371373	0.909641	4.15665
7.4594	-0.300019	0.576262	100.726
7.4594	-0.300019	0.576262	100.726
7.4594	-0.300019	0.576262	100.726
6.54118	-0.22014	0.486224	94.4421
6.54118	-0.22014	0.486224	94.4421
6.54118	-0.22014	0.486224	94.4421
4.94442	-0.159915	0.361667	150.941
4.94442	-0.159915	0.361667	150.941
11.6898	-0.444543	0.951858	2.38383
11.4101	-0.45435	0.944209	3.10692
11.4101	-0.45435	0.944209	3.10692
9.46695	-0.369385	0.81239	26.876
9.26169	-0.400341	0.732702	27.6668
8.14896	-0.328878	0.632926	70.864
8.14896	-0.328878	0.632926	70.864
7.03257	-0.23526	0.524476	92.0277
6.80163	-0.241272	0.510859	101.209
6.80163	-0.241272	0.510859	101.209
5.43372	-0.197925	0.410234	117.517
4.20219	-0.140824	0.304817	200.445
10.9733	-0.435991	0.909186	2.41609
10.9733	-0.435991	0.909186	2.41609
10.7921	-0.533018	0.866492	6.48281
10.6992	-0.491567	0.870092	8.1386
8.70829	-0.355995	0.676868	35.7584
8.70829	-0.355995	0.676868	35.7584
8.60609	-0.315966	0.744276	11.0731
7.20393	-0.2466	0.538213	67.0349
6.84927	-0.251591	0.517052	73.7881
6.84927	-0.251591	0.517052	73.7881
6.14774	-0.235507	0.470565	78.6402
3.89351	-0.136481	0.281478	240.607
11.6898	-0.444543	0.951858	2.38383
11.4101	-0.45435	0.944209	3.10692
11.4101	-0.45435	0.944209	3.10692
9.46695	-0.369385	0.81239	26.876
9.26169	-0.400341	0.732702	27.6668
8.14896	-0.328878	0.632926	70.864
8.14896	-0.328878	0.632926	70.864
7.03257	-0.23526	0.524476	92.0277
6.80163	-0.241272	0.510859	101.209
6.80163	-0.241272	0.510859	101.209
5.43372	-0.197925	0.410234	117.517
4.20219	-0.140824	0.304817	200.445
11.9928	-0.416816	0.989522	3.25274
11.9928	-0.416816	0.989522	3.25274
11.9928	-0.416816	0.989522	3.25274
10.7338	-0.371373	0.909641	4.15665
7.4594	-0.300019	0.576262	100.726
7.4594	-0.300019	0.576262	100.726
7.4594	-0.300019	0.576262	100.726
6.54118	-0.22014	0.486224	94.4421
6.54118	-0.22014	0.486224	94.4421
6.54118	-0.22014	0.486224	94.4421
4.94442	-0.159915	0.361667	150.941
4.94442	-0.159915	0.361667	150.941
11.3988	-0.437145	0.949678	2.93362
11.3988	-0.437145	0.949678	2.93362
11.3988	-0.437145	0.949678	2.93362
11.3988	-0.437145	0.949678	2.93362
7.75823	-0.321597	0.603352	24.9564
7.75823	-0.321597	0.603352	24.9564
7.75823	-0.321597	0.603352	24.9564
7.75823	-0.321597	0.603352	24.9564
5.69691	-0.19421	0.419048	160.802
5.69691	-0.19421	0.419048	160.802
5.69691	-0.19421	0.419048	160.802
5.69691	-0.19421	0.419048	160.802
11.6628	-0.466504	0.958842	2.29766
11.6628	-0.466504	0.958842	2.29766
10.6812	-0.393084	0.899371	3.22507
10.6812	-0.393084	0.899371	3.22507
8.75958	-0.368807	0.687784	36.4412
8.75958	-0.368807	0.687784	36.4412
6.76467	-0.257412	0.518145	62.9307
6.76467	-0.257412	0.518145	62.9307
6.65808	-0.23618	0.497396	106.371
6.65808	-0.23618	0.497396	106.371
5.40409	-0.190179	0.399972	125.406
5.40409	-0.190179	0.399972	125.406
11.4265	-0.503327	0.928632	2.33966
11.4265	-0.503327	0.928632	2.33966
9.74036	-0.435184	0.77123	13.1428
9.74036	-0.435184	0.77123	13.1428
9.70044	-0.364926	0.824913	5.59325
9.70044	-0.364926	0.824913	5.59325
7.57624	-0.286514	0.57664	95.4192
7.57624	-0.286514	0.57664	95.4192
5.99072	-0.201071	0.447878	84.3779
5.99072	-0.201071	0.447878	84.3779
5.9382	-0.225445	0.45369	112.003
5.9382	-0.225445	0.45369	112.003
10.909	-0.560057	0.88505	3.43177
10.909	-0.560057	0.88505	3.43177
10.5136	-0.481561	0.836419	5.17293
10.5136	-0.481561	0.836419	5.17293
9.08325	-0.34195	0.77897	7.9132
9.08325	-0.34195	0.77897	7.9132
7.9254	-0.306745	0.607993	107.136
7.9254	-0.306745	0.607993	107.136
6.50631	-0.245085	0.494728	29.3168
6.50631	-0.245085	0.494728	29.3168
5.64564	-0.195306	0.424141	116.929
5.64564	-0.195306	0.424141	116.929
11.4265	-0.503327	0.928632	2.33966
11.4265	-0.503327	0.928632	2.33966
9.74036	-0.435184	0.77123	13.1428
9.74036	-0.435184	0.77123	13.1428
9.70044	-0.364926	0.824913	5.59325
9.70044	-0.364926	0.824913	5.59325
7.57624	-0.286514	0.57664	95.4192
7.57624	-0.286514	0.57664	95.4192
5.99072	-0.201071	0.447878	84.3779
5.99072	-0.201071	0.447878	84.3779
5.9382	-0.225445	0.45369	112.003
5.9382	-0.225445	0.45369	112.003
11.6628	-0.466504	0.958842	2.29766
11.6628	-0.466504	0.958842	2.29766
10.6812	-0.393084	0.899371	3.22507
10.6812	-0.393084	0.899371	3.22507
8.75958	-0.368807	0.687784	36.4412
8.75958	-0.368807	0.687784	36.4412
6.76467	-0.257412	0.518145	62.9307
6.76467	-0.257412	0.518145	62.9307
6.65808	-0.23618	0.497396	106.371
6.65808	-0.23618	0.497396	106.371
5.40409	-0.190179	0.399972	125.406
5.40409	-0.190179	0.399972	125.406
11.6628	-0.466504	0.958842	2.29766
11.6628	-0.466504	0.958842	2.29766
10.6812	-0.393084	0.899371	3.22507
10.6812	-0.393084	0.899371	3.22507
8.75958	-0.368807	0.687784	36.4412
8.75958	-0.368807	0.687784	36.4412
6.76467	-0.257412	0.518145	62.9307
6.76467	-0.257412	0.518145	62.9307
6.65808	-0.23618	0.497396	106.371
6.65808	-0.23618	0.497396	106.371
5.40409	-0.190179	0.399972	125.406
5.40409	-0.190179	0.399972	125.406
11.6898	-0.444543	0.951858	2.38383
11.4101	-0.45435	0.944209	3.10692
11.4101	-0.45435	0.944209	3.10692
9.46695	-0.369385	0.81239	26.876
9.26169	-0.400341	0.732702	27.6668
8.14896	-0.328878	0.632926	70.864
8.14896	-0.328878	0.632926	70.864
7.03257	-0.23526	0.524476	92.0277
6.80163	-0.241272	0.510859	101.209
6.80163	-0.241272	0.510859	101.209
5.43372	-0.197925	0.410234	117.517
4.20219	-0.140824	0.304817	200.445
11.5835	-0.492483	0.942019	2.46093
11.5835	-0.492483	0.942019	2.46093
11.014	-0.418445	0.914645	3.1467
9.47938	-0.431972	0.748518	15.5931
9.47938	-0.431972	0.748518	15.5931
7.98634	-0.307383	0.693518	35.5627
7.73544	-0.299135	0.595749	92.1648
7.68187	-0.27246	0.581126	71.7987
7.68187	-0.27246	0.581126	71.7987
7.19179	-0.240591	0.540354	69.9204
4.4668	-0.152159	0.331272	188.938
3.99996	-0.146227	0.299452	205.513
11.5215	-0.488888	0.936103	2.30093
11.4527	-0.560549	0.925016	2.33906
10.7886	-0.471107	0.90321	3.37454
10.1637	-0.497002	0.812662	31.4573
9.46972	-0.42696	0.740924	36.1218
8.04811	-0.308283	0.61769	89.8516
7.96455	-0.284719	0.603986	79.0072
7.79736	-0.288761	0.594724	63.6047
7.21915	-0.248576	0.545509	104.331
7.00997	-0.249333	0.615512	38.0953
4.87341	-0.178213	0.368428	113.177
3.68114	-0.132156	0.273694	152.271
11.5835	-0.492483	0.942019	2.46093
11.5835	-0.492483	0.942019	2.46093
11.014	-0.418445	0.914645	3.1467
9.47938	-0.431972	0.748518	15.5931
9.47938	-0.431972	0.748518	15.5931
7.98634	-0.307383	0.693518	35.5627
7.73544	-0.299135	0.595749	92.1648
7.68187	-0.27246	0.581126	71.7987
7.68187	-0.27246	0.581126	71.7987
7.19179	-0.240591	0.540354	69.9204
4.4668	-0.152159	0.331272	188.938
3.99996	-0.146227	0.299452	205.513
11.6898	-0.444543	0.951858	2.38383
11.4101	-0.45435	0.944209	3.10692
11.4101	-0.45435	0.944209	3.10692
9.46695	-0.369385	0.81239	26.876
9.26169	-0.400341	0.732702	27.6668
8.14896	-0.328878	0.632926	70.864
8.14896	-0.328878	0.632926	70.864
7.03257	-0.23526	0.524476	92.0277
6.80163	-0.241272	0.510859	101.209
6.80163	-0.241272	0.510859	101.209
5.43372	-0.197925	0.410234	117.517
4.20219	-0.140824	0.304817	200.445
11.4265	-0.503327	0.928632	2.33966
11.4265	-0.503327	0.928632	2.33966
9.74036	-0.435184	0.77123	13.1428
9.74036	-0.435184	0.77123	13.1428
9.70044	-0.364926	0.824913	5.59325
9.70044	-0.364926	0.824913	5.59325
7.57624	-0.286514	0.57664	95.4192
7.57624	-0.286514	0.57664	95.4192
5.99072	-0.201071	0.447878	84.3779
5.99072	-0.201071	0.447878	84.3779
5.9382	-0.225445	0.45369	112.003
5.9382	-0.225445	0.45369	112.003
11.5835	-0.492483	0.942019	2.46093
11.5835	-0.492483	0.942019	2.46093
11.014	-0.418445	0.914645	3.1467
9.47938	-0.431972	0.748518	15.5931
9.47938	-0.431972	0.748518	15.5931
7.98634	-0.307383	0.693518	35.5627
7.73544	-0.299135	0.595749	92.1648
7.68187	-0.27246	0.581126	71.7987
7.68187	-0.27246	0.581126	71.7987
7.19179	-0.240591	0.540354	69.9204
4.4668	-0.152159	0.331272	188.938
3.99996	-0.146227	0.299452	205.513
11.8199	-0.500179	0.964846	2.19047
11.8199	-0.500179	0.964846	2.19047
11.8199	-0.500179	0.964846	2.19047
8.97101	-0.381147	0.698533	51.262
8.97101	-0.381147	0.698533	51.262
8.97101	-0.381147	0.698533	51.262
7.95462	-0.261325	0.598922	75.586
7.95462	-0.261325	0.598922	75.586
7.95462	-0.261325	0.598922	75.586
6.07934	-0.258687	0.536562	45.9006
2.86212	-0.0985832	0.208753	249.076
2.86212	-0.0985832	0.208753	249.076
12.0871	-0.469312	0.974979	1.32814
11.9158	-0.496379	0.973925	1.97202
11.9158	-0.496379	0.973925	1.97202
9.41174	-0.39854	0.735667	62.5974
8.61824	-0.309324	0.657999	68.4745
8.61824	-0.309324	0.657999	68.4745
8.21594	-0.269318	0.619042	94.4207
8.21064	-0.284534	0.623969	99.6122
8.21064	-0.284534	0.623969	99.6122
4.77723	-0.198671	0.428152	68.8782
3.16935	-0.118128	0.238381	277.702
1.96536	-0.0710721	0.139722	601.373
11.8199	-0.500179	0.964846	2.19047
11.8199	-0.500179	0.964846	2.19047
11.8199	-0.500179	0.964846	2.19047
8.97101	-0.381147	0.698533	51.262
8.97101	-0.381147	0.698533	51.262
8.97101	-0.381147	0.698533	51.262
7.95462	-0.261325	0.598922	75.586
7.95462	-0.261325	0.598922	75.586
7.95462	-0.261325	0.598922	75.586
6.07934	-0.258687	0.536562	45.9006
2.86212	-0.0985832	0.208753	249.076
2.86212	-0.0985832	0.208753	249.076
11.5835	-0.492483	0.942019	2.46093
11.5835	-0.492483	0.942019	2.46093
11.014	-0.418445	0.914645	3.1467
9.47938	-0.431972	0.748518	15.5931
9.47938	-0.431972	0.748518	15.5931
7.98634	-0.307383	0.693518	35.5627
7.73544	-0.299135	0.595749	92.1648
7.68187	-0.27246	0.581126	71.7987
7.68187	-0.27246	0.581126	71.7987
7.19179	-0.240591	0.540354	69.9204
4.4668	-0.152159	0.331272	188.938
3.99996	-0.146227	0.299452	205.513
10.909	-0.560057	0.88505	3.43177
10.909	-0.560057	0.88505	3.43177
10.5136	-0.481561	0.836419	5.17293
10.5136	-0.481561	0.836419	5.17293
9.08325	-0.34195	0.77897	7.9132
9.08325	-0.34195	0.77897	7.9132
7.9254	-0.306745	0.607993	107.136
7.9254	-0.306745	0.607993	107.136
6.50631	-0.245085	0.494728	29.3168
6.50631	-0.245085	0.494728	29.3168
5.64564	-0.195306	0.424141	116.929
5.64564	-0.195306	0.424141	116.929
11.5215	-0.488888	0.936103	2.30093
11.4527	-0.560549	0.925016	2.33906
10.7886	-0.471107	0.90321	3.37454
10.1637	-0.497002	0.812662	31.4573
9.46972	-0.42696	0.740924	36.1218
8.04811	-0.308283	0.61769	89.8516
7.96455	-0.284719	0.603986	79.0072
7.79736	-0.288761	0.594724	63.6047
7.21915	-0.248576	0.545509	104.331
7.00997	-0.249333	0.615512	38.0953
4.87341	-0.178213	0.368428	113.177
3.68114	-0.132156	0.273694	152.271
12.0871	-0.469312	0.974979	1.32814
11.9158	-0.496379	0.973925	1.97202
11.9158	-0.496379	0.973925	1.97202
9.41174	-0.39854	0.735667	62.5974
8.61824	-0.309324	0.657999	68.4745
8.61824	-0.309324	0.657999	68.4745
8.21594	-0.269318	0.619042	94.4207
8.21064	-0.284534	0.623969	99.6122
8.21064	-0.284534	0.623969	99.6122
4.77723	-0.198671	0.428152	68.8782
3.16935	-0.118128	0.238381	277.702
1.96536	-0.0710721	0.139722	601.373
12.3096	-0.390969	0.989342	1.21405
12.3096	-0.390969	0.989342	1.21405
12.0507	-0.545077	0.990565	1.57776
8.89954	-0.319773	0.679924	91.6244
8.89954	-0.319773	0.679924	91.6244
8.54776	-0.298034	0.651127	90.7989
8.54776	-0.298034	0.651127	90.7989
8.28324	-0.269133	0.625754	86.1949
8.28324	-0.269133	0.625754	86.1949
2.98908	-0.126306	0.281364	453.393
2.23652	-0.0819138	0.16724	511.917
2.23652	-0.0819138	0.16724	511.917
12.0871	-0.469312	0.974979	1.32814
11.9158	-0.496379	0.973925	1.97202
11.9158	-0.496379	0.973925	1.97202
9.41174	-0.39854	0.735667	62.5974
8.61824	-0.309324	0.657999	68.4745
8.61824	-0.309324	0.657999	68.4745
8.21594	-0.269318	0.619042	94.4207
8.21064	-0.284534	0.623969	99.6122
8.21064	-0.284534	0.623969	99.6122
4.77723	-0.198671	0.428152	68.8782
3.16935	-0.118128	0.238381	277.702
1.96536	-0.0710721	0.139722	601.373
11.5215	-0.488888	0.936103	2.30093
11.4527	-0.560549	0.925016	2.33906
10.7886	-0.471107	0.90321	3.37454
10.1637	-0.497002	0.812662	31.4573
9.46972	-0.42696	0.740924	36.1218
8.04811	-0.308283	0.61769	89.8516
7.96455	-0.284719	0.603986	79.0072
7.79736	-0.288761	0.594724	63.6047
7.21915	-0.248576	0.545509	104.331
7.00997	-0.249333	0.615512	38.0953
4.87341	-0.178213	0.368428	113.177
3.68114	-0.132156	0.273694	152.271
11.4265	-0.503327	0.928632	2.33966
11.4265	-0.503327	0.928632	2.33966
9.74036	-0.435184	0.77123	13.1428
9.74036	-0.435184	0.77123	13.1428
9.70044	-0.364926	0.824913	5.59325
9.70044	-0.364926	0.824913	5.59325
7.57624	-0.286514	0.57664	95.4192
7.57624	-0.286514	0.57664	95.4192
5.99072	-0.201071	0.447878	84.3779
5.99072	-0.201071	0.447878	84.3779
5.9382	-0.225445	0.45369	112.003
5.9382	-0.225445	0.45369	112.003
11.5835	-0.492483	0.942019	2.46093
11.5835	-0.492483	0.942019	2.46093
11.014	-0.418445	0.914645	3.1467
9.47938	-0.431972	0.748518	15.5931
9.47938	-0.431972	0.748518	15.5931
7.98634	-0.307383	0.693518	35.5627
7.73544	-0.299135	0.595749	92.1648
7.68187	-0.27246	0.581126	71.7987
7.68187	-0.27246	0.581126	71.7987
7.19179	-0.240591	0.540354	69.9204
4.4668	-0.152159	0.331272	188.938
3.99996	-0.146227	0.299452	205.513
11.8199	-0.500179	0.964846	2.19047
11.8199	-0.500179	0.964846	2.19047
11.8199	-0.500179	0.964846	2.19047
8.97101	-0.381147	0.698533	51.262
8.97101	-0.381147	0.698533	51.262
8.97101	-0.381147	0.698533	51.262
7.95462	-0.261325	0.598922	75.586
7.95462	-0.261325	0.598922	75.586
7.95462	-0.261325	0.598922	75.586
6.07934	-0.258687	0.536562	45.9006
2.86212	-0.0985832	0.208753	249.076
2.86212	-0.0985832	0.208753	249.076
12.0871	-0.469312	0.974979	1.32814
11.9158	-0.496379	0.973925	1.97202
11.9158	-0.496379	0.973925	1.97202
9.41174	-0.39854	0.735667	62.5974
8.61824	-0.309324	0.657999	68.4745
8.61824	-0.309324	0.657999	68.4745
8.21594	-0.269318	0.619042	94.4207
8.21064	-0.284534	0.623969	99.6122
8.21064	-0.284534	0.623969	99.6122
4.77723	-0.198671	0.428152	68.8782
3.16935	-0.118128	0.238381	277.702
1.96536	-0.0710721	0.139722	601.373
11.8199	-0.500179	0.964846	2.19047
11.8199	-0.500179	0.964846	2.19047
11.8199	-0.500179	0.964846	2.19047
8.97101	-0.381147	0.698533	51.262
8.97101	-0.381147	0.698533	51.262
8.97101	-0.381147	0.698533	51.262
7.95462	-0.261325	0.598922	75.586
7.95462	-0.261325	0.598922	75.586
7.95462	-0.261325	0.598922	75.586
6.07934	-0.258687	0.536562	45.9006
2.86212	-0.0985832	0.208753	249.076
2.86212	-0.0985832	0.208753	249.076
11.5835	-0.492483	0.942019	2.46093
11.5835	-0.492483	0.942019	2.46093
11.014	-0.418445	0.914645	3.1467
9.47938	-0.431972	0.748518	15.5931
9.47938	-0.431972	0.748518	15.5931
7.98634	-0.307383	0.693518	35.5627
7.73544	-0.299135	0.595749	92.1648
7.68187	-0.27246	0.581126	71.7987
7.68187	-0.27246	0.581126	71.7987
7.19179	-0.240591	0.540354	69.9204
4.4668	-0.152159	0.331272	188.938
3.99996	-0.146227	0.299452	205.513
11.6628	-0.466504	0.958842	2.29766
11.6628	-0.466504	0.958842	2.29766
10.6812	-0.393084	0.899371	3.22507
10.6812	-0.393084	0.899371	3.22507
8.75958	-0.368807	0.687784	36.4412
8.75958	-0.368807	0.687784	36.4412
6.76467	-0.257412	0.518145	62.9307
6.76467	-0.257412	0.518145	62.9307
6.65808	-0.23618	0.497396	106.371
6.65808	-0.23618	0.497396	106.371
5.40409	-0.190179	0.399972	125.406
5.40409	-0.190179	0.399972	125.406
11.6898	-0.444543	0.951858	2.38383
11.4101	-0.45435	0.944209	3.10692
11.4101	-0.45435	0.944209	3.10692
9.46695	-0.369385	0.81239	26.876
9.26169	-0.400341	0.732702	27.6668
8.14896	-0.328878	0.632926	70.864
8.14896	-0.328878	0.632926	70.864
7.03257	-0.23526	0.524476	92.0277
6.80163	-0.241272	0.510859	101.209
6.80163	-0.241272	0.510859	101.209
5.43372	-0.197925	0.410234	117.517
4.20219	-0.140824	0.304817	200.445
11.5835	-0.492483	0.942019	2.46093
11.5835	-0.492483	0.942019	2.46093
11.014	-0.418445	0.914645	3.1467
9.47938	-0.431972	0.748518	15.5931
9.47938	-0.431972	0.748518	15.5931
7.98634	-0.307383	0.693518	35.5627
7.73544	-0.299135	0.595749	92.1648
7.68187	-0.27246	0.581126	71.7987
7.68187	-0.27246	0.581126	71.7987
7.19179	-0.240591	0.540354	69.9204
4.4668	-0.152159	0.331272	188.938
3.99996	-0.146227	0.299452	205.513
11.5215	-0.488888	0.936103	2.30093
11.4527	-0.560549	0.925016	2.33906
10.7886	-0.471107	0.90321	3.37454
10.1637	-0.497002	0.812662	31.4573
9.46972	-0.42696	0.740924	36.1218
8.04811	-0.308283	0.61769	89.8516
7.96455	-0.284719	0.603986	79.0072
7.79736	-0.288761	0.594724	63.6047
7.21915	-0.248576	0.545509	104.331
7.00997	-0.249333	0.615512	38.0953
4.87341	-0.178213	0.368428	113.177
3.68114	-0.132156	0.273694	152.271
11.5835	-0.492483	0.942019	2.46093
11.5835	-0.492483	0.942019	2.46093
11.014	-0.418445	0.914645	3.1467
9.47938	-0.431972	0.748518	15.5931
9.47938	-0.431972	0.748518	15.5931
7.98634	-0.307383	0.693518	35.5627
7.73544	-0.299135	0.595749	92.1648
7.68187	-0.27246	0.581126	71.7987
7.68187	-0.27246	0.581126	71.7987
7.19179	-0.240591	0.540354	69.9204
4.4668	-0.152159	0.331272	188.938
3.99996	-0.146227	0.299452	205.513
11.6898	-0.444543	0.951858	2.38383
11.4101	-0.45435	0.944209	3.10692
11.4101	-0.45435	0.944209	3.10692
9.46695	-0.369385	0.81239	26.876
9.26169	-0.400341	0.732702	27.6668
8.14896	-0.328878	0.632926	70.864
8.14896	-0.328878	0.632926	70.864
7.03257	-0.23526	0.524476	92.0277
6.80163	-0.241272	0.510859	101.209
6.80163	-0.241272	0.510859	101.209
5.43372	-0.197925	0.410234	117.517
4.20219	-0.140824	0.304817	200.445
10.6715	-0.508693	0.898982	3.05115
10.6715	-0.508693	0.898982	3.05115
10.6715	-0.508693	0.898982	3.05115
10.6715	-0.508693	0.898982	3.05115
8.75267	-0.345429	0.683877	20.0707
8.75267	-0.345429	0.683877	20.0707
8.75267	-0.345429	0.683877	20.0707
8.75267	-0.345429	0.683877	20.0707
5.69526	-0.194135	0.419154	141.415
5.69526	-0.194135	0.419154	141.415
5.69526	-0.194135	0.419154	141.415
5.69526	-0.194135	0.419154	141.415
10.9783	-0.49008	0.904616	2.71025
10.9783	-0.49008	0.904616	2.71025
9.98374	-0.407711	0.8486	6.14727
9.98374	-0.407711	0.8486	6.14727
9.81003	-0.425067	0.775213	13.3046
9.81003	-0.425067	0.775213	13.3046
7.54091	-0.308325	0.583141	69.2669
7.54091	-0.308325	0.583141	69.2669
6.77773	-0.241634	0.507452	109.222
6.77773	-0.241634	0.507451	109.222
5.26167	-0.186215	0.388944	124.47
5.26167	-0.186215	0.388944	124.47
10.909	-0.560057	0.88505	3.43177
10.909	-0.560057	0.88505	3.43177
10.5136	-0.481561	0.836419	5.17293
10.5136	-0.481561	0.836419	5.17293
9.08325	-0.34195	0.77897	7.9132
9.08325	-0.34195	0.77897	7.9132
7.9254	-0.306745	0.607993	107.136
7.9254	-0.306745	0.607993	107.136
6.50631	-0.245085	0.494728	29.3168
6.50631	-0.245085	0.494728	29.3168
5.64564	-0.195306	0.424141	116.929
5.64564	-0.195306	0.424141	116.929
10.7591	-0.573348	0.862982	7.0059
10.7591	-0.573348	0.862982	7.0059
10.7591	-0.573348	0.862982	7.0059
10.7591	-0.573348	0.862982	7.0059
8.53484	-0.317622	0.739199	61.0063
8.53484	-0.317622	0.739199	61.0063
8.47291	-0.348593	0.660119	77.1623
8.47291	-0.348593	0.660119	77.1623
6.08233	-0.200072	0.457094	96.3857
6.08233	-0.200072	0.457094	96.3857
6.08233	-0.200072	0.457094	96.3857
6.08233	-0.200072	0.457094	96.3857
10.909	-0.560057	0.88505	3.43177
10.909	-0.560057	0.88505	3.43177
10.5136	-0.481561	0.836419	5.17293
10.5136	-0.481561	0.836419	5.17293
9.08325	-0.34195	0.77897	7.9132
9.08325	-0.34195	0.77897	7.9132
7.9254	-0.306745	0.607993	107.136
7.9254	-0.306745	0.607993	107.136
6.50631	-0.245085	0.494728	29.3168
6.50631	-0.245085	0.494728	29.3168
5.64564	-0.195306	0.424141	116.929
5.64564	-0.195306	0.424141	116.929
10.9783	-0.49008	0.904616	2.71025
10.9783	-0.49008	0.904616	2.71025
9.98374	-0.407711	0.8486	6.14727
9.98374	-0.407711	0.8486	6.14727
9.81003	-0.425067	0.775213	13.3046
9.81003	-0.425067	0.775213	13.3046
7.54091	-0.308325	0.583141	69.2669
7.54091	-0.308325	0.583141	69.2669
6.77773	-0.241634	0.507452	109.222
6.77773	-0.241634	0.507451	109.222
5.26167	-0.186215	0.388944	124.47
5.26167	-0.186215	0.388944	124.47
10.9783	-0.49008	0.904616	2.71025
10.9783	-0.49008	0.904616	2.71025
9.98374	-0.407711	0.8486	6.14727
9.98374	-0.407711	0.8486	6.14727
9.81003	-0.425067	0.775213	13.3046
9.81003	-0.425067	0.775213	13.3046
7.54091	-0.308325	0.583141	69.2669
7.54091	-0.308325	0.583141	69.2669
6.77773	-0.241634	0.507451	109.222
6.77773	-0.241634	0.507452	109.222
5.26167	-0.186215	0.388944	124.47
5.26167	-0.186215	0.388944	124.47
10.9733	-0.435991	0.909186	2.41609
10.9733	-0.435991	0.909186	2.41609
10.7921	-0.533018	0.866492	6.48281
10.6992	-0.491567	0.870092	8.1386
8.70829	-0.355995	0.676868	35.7584
8.70829	-0.355995	0.676868	35.7584
8.60609	-0.315966	0.744276	11.0731
7.20393	-0.2466	0.538213	67.0349
6.84927	-0.251591	0.517052	73.7881
6.84927	-0.251591	0.517052	73.7881
6.14774	-0.235507	0.470565	78.6402
3.89351	-0.136481	0.281478	240.607
11.5215	-0.488888	0.936103	2.30093
11.4527	-0.560549	0.925016	2.33906
10.7886	-0.471107	0.90321	3.37454
10.1637	-0.497002	0.812662	31.4573
9.46972	-0.42696	0.740924	36.1218
8.04811	-0.308283	0.61769	89.8516
7.96455	-0.284719	0.603986	79.0072
7.79736	-0.288761	0.594724	63.6047
7.21915	-0.248576	0.545509	104.331
7.00997	-0.249333	0.615512	38.0953
4.87341	-0.178213	0.368428	113.177
3.68114	-0.132156	0.273694	152.271
11.6841	-0.529951	0.942678	1.68699
11.6841	-0.529951	0.942678	1.68699
10.6674	-0.470796	0.896324	4.51196
9.7332	-0.427583	0.761422	83.3511
9.7332	-0.427583	0.761422	83.3511
8.49794	-0.331438	0.657072	73.8033
8.49794	-0.331438	0.657072	73.8033
7.43476	-0.242983	0.560618	87.8499
7.43476	-0.242983	0.560618	87.8499
5.89209	-0.222734	0.53295	73.1344
4.31147	-0.150602	0.323151	112.856
4.31147	-0.150602	0.323151	112.856
11.5215	-0.488888	0.936103	2.30093
11.4527	-0.560549	0.925016	2.33906
10.7886	-0.471107	0.90321	3.37454
10.1637	-0.497002	0.812662	31.4573
9.46972	-0.42696	0.740924	36.1218
8.04811	-0.308283	0.61769	89.8516
7.96455	-0.284719	0.603986	79.0072
7.79736	-0.288761	0.594724	63.6047
7.21915	-0.248576	0.545509	104.331
7.00997	-0.249333	0.615512	38.0953
4.87341	-0.178213	0.368428	113.177
3.68114	-0.132156	0.273694	152.271
10.9733	-0.435991	0.909186	2.41609
10.9733	-0.435991	0.909186	2.41609
10.7921	-0.533018	0.866492	6.48281
10.6992	-0.491567	0.870092	8.1386
8.70829	-0.355995	0.676868	35.7584
8.70829	-0.355995	0.676868	35.7584
8.60609	-0.315966	0.744276	11.0731
7.20393	-0.2466	0.538213	67.0349
6.84927	-0.251591	0.517052	73.7881
6.84927	-0.251591	0.517052	73.7881
6.14774	-0.235507	0.470565	78.6402
3.89351	-0.136481	0.281478	240.607
10.909	-0.560057	0.88505	3.43177
10.909	-0.560057	0.88505	3.43177
10.5136	-0.481561	0.836419	5.17293
10.5136	-0.481561	0.836419	5.17293
9.08325	-0.34195	0.77897	7.9132
9.08325	-0.34195	0.77897	7.9132
7.9254	-0.306745	0.607993	107.136
7.9254	-0.306745	0.607993	107.136
6.50631	-0.245085	0.494728	29.3168
6.50631	-0.245085	0.494728	29.3168
5.64564	-0.195306	0.424141	116.929
5.64564	-0.195306	0.424141	116.929
11.5215	-0.488888	0.936103	2.30093
11.4527	-0.560549	0.925016	2.33906
10.7886	-0.471107	0.90321	3.37454
10.1637	-0.497002	0.812662	31.4573
9.46972	-0.42696	0.740924	36.1218
8.04811	-0.308283	0.61769	89.8516
7.96455	-0.284719	0.603986	79.0072
7.79736	-0.288761	0.594724	63.6047
7.21915	-0.248576	0.545509	104.331
7.00997	-0.249333	0.615512	38.0953
4.87341	-0.178213	0.368428	113.177
3.68114	-0.132156	0.273694	152.271
12.0871	-0.469312	0.974979	1.32814
11.9158	-0.496379	0.973925	1.97202
11.9158	-0.496379	0.973925	1.97202
9.41174	-0.39854	0.735667	62.5974
8.61824	-0.309324	0.657999	68.4745
8.61824	-0.309324	0.657999	68.4745
8.21594	-0.269318	0.619042	94.4207
8.21064	-0.284534	0.623969	99.6122
8.21064	-0.284534	0.623969	99.6122
4.77723	-0.198671	0.428152	68.8782
3.16935	-0.118128	0.238381	277.702
1.96536	-0.0710721	0.139722	601.373
12.3096	-0.390969	0.989342	1.21405
12.3096	-0.390969	0.989342	1.21405
12.0507	-0.545077	0.990565	1.57776
8.89954	-0.319773	0.679924	91.6244
8.89954	-0.319773	0.679924	91.6244
8.54776	-0.298034	0.651127	90.7989
8.54776	-0.298034	0.651127	90.7989
8.28324	-0.269133	0.625754	86.1949
8.28324	-0.269133	0.625754	86.1949
2.98908	-0.126306	0.281364	453.393
2.23652	-0.0819138	0.16724	511.917
2.23652	-0.0819138	0.16724	511.917
12.0871	-0.469312	0.974979	1.32814
11.9158	-0.496379	0.973925	1.97202
11.9158	-0.496379	0.973925	1.97202
9.41174	-0.39854	0.735667	62.5974
8.61824	-0.309324	0.657999	68.4745
8.61824	-0.309324	0.657999	68.4745
8.21594	-0.269318	0.619042	94.4207
8.21064	-0.284534	0.623969	99.6122
8.21064	-0.284534	0.623969	99.6122
4.77723	-0.198671	0.428152	68.8782
3.16935	-0.118128	0.238381	277.702
1.96536	-0.0710721	0.139722	601.373
11.5215	-0.488888	0.936103	2.30093
11.4527	-0.560549	0.925016	2.33906
10.7886	-0.471107	0.90321	3.37454
10.1637	-0.497002	0.812662	31.4573
9.46972	-0.42696	0.740924	36.1218
8.04811	-0.308283	0.61769	89.8516
7.96455	-0.284719	0.603986	79.0072
7.79736	-0.288761	0.594724	63.6047
7.21915	-0.248576	0.545509	104.331
7.00997	-0.249333	0.615512	38.0953
4.87341	-0.178213	0.368428	113.177
3.68114	-0.132156	0.273694	152.271
10.7591	-0.573348	0.862982	7.0059
10.7591	-0.573348	0.862982	7.0059
10.7591	-0.573348	0.862982	7.0059
10.7591	-0.573348	0.862982	7.0059
8.53484	-0.317622	0.739199	61.0063
8.53484	-0.317622	0.739199	61.0063
8.47291	-0.348593	0.660119	77.1623
8.47291	-0.348593	0.660119	77.1623
6.08233	-0.200072	0.457094	96.3857
6.08233	-0.200072	0.457094	96.3857
6.08233	-0.200072	0.457094	96.3857
6.08233	-0.200072	0.457094	96.3857
11.6841	-0.529951	0.942678	1.68699
11.6841	-0.529951	0.942678	1.68699
10.6674	-0.470796	0.896324	4.51196
9.7332	-0.427583	0.761422	83.3511
9.7332	-0.427583	0.761422	83.3511
8.49794	-0.331438	0.657072	73.8033
8.49794	-0.331438	0.657072	73.8033
7.43476	-0.242983	0.560618	87.8499
7.43476	-0.242983	0.560618	87.8499
5.89209	-0.222734	0.53295	73.1344
4.31147	-0.150602	0.323151	112.856
4.31147	-0.150602	0.323151	112.856
12.3096	-0.390969	0.989342	1.21405
12.3096	-0.390969	0.989342	1.21405
12.0507	-0.545077	0.990565	1.57776
8.89954	-0.319773	0.679924	91.6244
8.89954	-0.319773	0.679924	91.6244
8.54776	-0.298034	0.651127	90.7989
8.54776	-0.298034	0.651127	90.7989
8.28324	-0.269133	0.625754	86.1949
8.28324	-0.269133	0.625754	86.1949
2.98908	-0.126306	0.281364	453.393
2.23652	-0.0819138	0.16724	511.917
2.23652	-0.0819138	0.16724	511.917
12.529	-0.301393	1.00302	1.35694
12.529	-0.301393	1.00302	1.35694
12.529	-0.301393	1.00302	1.35694
8.57257	-0.279608	0.648082	96.8516
8.57257	-0.279608	0.648082	96.8516
8.57257	-0.279608	0.648082	96.8516
8.57257	-0.279608	0.648082	96.8516
8.57257	-0.279608	0.648082	96.8516
8.57257	-0.279608	0.648082	96.8516
0	0	0	0
0	0	0	0
0	0	0	0
10.909	-0.560057	0.88505	3.43177
10.909	-0.560057	0.88505	3.43177
10.5136	-0.481561	0.836419	5.17293
10.5136	-0.481561	0.836419	5.17293
9.08325	-0.34195	0.77897	7.9132
9.08325	-0.34195	0.77897	7.9132
7.9254	-0.306745	0.607993	107.136
7.9254	-0.306745	0.607993	107.136
6.50631	-0.245085	0.494728	29.3168
6.50631	-0.245085	0.494728	29.3168
5.64564	-0.195306	0.424141	116.929
5.64564	-0.195306	0.424141	116.929
10.9783	-0.49008	0.904616	2.71025
10.9783	-0.49008	0.904616	2.71025
9.98374	-0.407711	0.8486	6.14727
9.98374	-0.407711	0.8486	6.14727
9.81003	-0.425067	0.775213	13.3046
9.81003	-0.425067	0.775213	13.3046
7.54091	-0.308325	0.583141	69.2669
7.54091	-0.308325	0.583141	69.2669
6.77773	-0.241634	0.507451	109.222
6.77773	-0.241634	0.507451	109.222
5.26167	-0.186215	0.388944	124.47
5.26167	-0.186215	0.388944	124.47
11.3988	-0.437145	0.949678	2.93362
11.3988	-0.437145	0.949678	2.93362
11.3988	-0.437145	0.949678	2.93362
11.3988	-0.437145	0.949678	2.93362
7.75823	-0.321597	0.603352	24.9564
7.75823	-0.321597	0.603352	24.9564
7.75823	-0.321597	0.603352	24.9564
7.75823	-0.321597	0.603352	24.9564
5.69691	-0.19421	0.419048	160.802
5.69691	-0.19421	0.419048	160.802
5.69691	-0.19421	0.419048	160.802
5.69691	-0.19421	0.419048	160.802
11.6628	-0.466504	0.958842	2.29766
11.6628	-0.466504	0.958842	2.29766
10.6812	-0.393084	0.899371	3.22507
10.6812	-0.393084	0.899371	3.22507
8.75958	-0.368807	0.687784	36.4412
8.75958	-0.368807	0.687784	36.4412
6.76467	-0.257412	0.518145	62.9307
6.76467	-0.257412	0.518145	62.9307
6.65808	-0.23618	0.497396	106.371
6.65808	-0.23618	0.497396	106.371
5.40409	-0.190179	0.399972	125.406
5.40409	-0.190179	0.399972	125.406
11.4265	-0.503327	0.928632	2.33966
11.4265	-0.503327	0.928632	2.33966
9.74036	-0.435184	0.77123	13.1428
9.74036	-0.435184	0.77123	13.1428
9.70044	-0.364926	0.824913	5.59325
9.70044	-0.364926	0.824913	5.59325
7.57624	-0.286514	0.57664	95.4192
7.57624	-0.286514	0.57664	95.4192
5.99072	-0.201071	0.447878	84.3779
5.99072	-0.201071	0.447878	84.3779
5.9382	-0.225445	0.45369	112.003
5.9382	-0.225445	0.45369	112.003
10.909	-0.560057	0.88505	3.43177
10.909	-0.560057	0.88505	3.43177
10.5136	-0.481561	0.836419	5.17293
10.5136	-0.481561	0.836419	5.17293
9.08325	-0.34195	0.77897	7.9132
9.08325	-0.34195	0.77897	7.9132
7.9254	-0.306745	0.607993	107.136
7.9254	-0.306745	0.607993	107.136
6.50631	-0.245085	0.494728	29.3168
6.50631	-0.245085	0.494728	29.3168
5.64564	-0.195306	0.424141	116.929
5.64564	-0.195306	0.424141	116.929
11.4265	-0.503327	0.928632	2.33966
11.4265	-0.503327	0.928632	2.33966
9.74036	-0.435184	0.77123	13.1428
9.74036	-0.435184	0.77123	13.1428
9.70044	-0.364926	0.824913	5.59325
9.70044	-0.364926	0.824913	5.59325
7.57624	-0.286514	0.57664	95.4192
7.57624	-0.286514	0.57664	95.4192
5.99072	-0.201071	0.447878	84.3779
5.99072	-0.201071	0.447878	84.3779
5.9382	-0.225445	0.45369	112.003
5.9382	-0.225445	0.45369	112.003
11.6628	-0.466504	0.958842	2.29766
11.6628	-0.466504	0.958842	2.29766
10.6812	-0.393084	0.899371	3.22507
10.6812	-0.393084	0.899371	3.22507
8.75958	-0.368807	0.687784	36.4412
8.75958	-0.368807	0.687784	36.4412
6.76467	-0.257412	0.518145	62.9307
6.76467	-0.257412	0.518145	62.9307
6.65808	-0.23618	0.497396	106.371
6.65808	-0.23618	0.497396	106.371
5.40409	-0.190179	0.399972	125.406
5.40409	-0.190179	0.399972	125.406
11.6628	-0.466504	0.958842	2.29766
11.6628	-0.466504	0.958842	2.29766
10.6812	-0.393084	0.899371	3.22507
10.6812	-0.393084	0.899371	3.22507
8.75958	-0.368807	0.687784	36.4412
8.75958	-0.368807	0.687784	36.4412
6.76467	-0.257412	0.518145	62.9307
6.76467	-0.257412	0.518145	62.9307
6.65808	-0.23618	0.497396	106.371
6.65808	-0.23618	0.497396	106.371
5.40409	-0.190179	0.399972	125.406
5.40409	-0.190179	0.399972	125.406
11.4265	-0.503327	0.928632	2.33966
11.4265	-0.503327	0.928632	2.33966
9.74036	-0.435184	0.77123	13.1428
9.74036	-0.435184	0.77123	13.1428
9.70044	-0.364926	0.824913	5.59325
9.70044	-0.364926	0.824913	5.59325
7.57624	-0.286514	0.57664	95.4192
7.57624	-0.286514	0.57664	95.4192
5.99072	-0.201071	0.447878	84.3779
5.99072	-0.201071	0.447878	84.3779
5.9382	-0.225445	0.45369	112.003
5.9382	-0.225445	0.45369	112.003
10.909	-0.560057	0.88505	3.43177
10.909	-0.560057	0.88505	3.43177
10.5136	-0.481561	0.836419	5.17293
10.5136	-0.481561	0.836419	5.17293
9.08325	-0.34195	0.77897	7.9132
9.08325	-0.34195	0.77897	7.9132
7.9254	-0.306745	0.607993	107.136
7.9254	-0.306745	0.607993	107.136
6.50631	-0.245085	0.494728	29.3168
6.50631	-0.245085	0.494728	29.3168
5.64564	-0.195306	0.424141	116.929
5.64564	-0.195306	0.424141	116.929
11.4265	-0.503327	0.928632	2.33966
11.4265	-0.503327	0.928632	2.33966
9.74036	-0.435184	0.77123	13.1428
9.74036	-0.435184	0.77123	13.1428
9.70044	-0.364926	0.824913	5.59325
9.70044	-0.364926	0.824913	5.59325
7.57624	-0.286514	0.57664	95.4192
7.57624	-0.286514	0.57664	95.4192
5.99072	-0.201071	0.447878	84.3779
5.99072	-0.201071	0.447878	84.3779
5.9382	-0.225445	0.45369	112.003
5.9382	-0.225445	0.45369	112.003
11.6628	-0.466504	0.958842	2.29766
11.6628	-0.466504	0.958842	2.29766
10.6812	-0.393084	0.899371	3.22507
10.6812	-0.393084	0.899371	3.22507
8.75958	-0.368807	0.687784	36.4412
8.75958	-0.368807	0.687784	36.4412
6.76467	-0.257412	0.518145	62.9307
6.76467	-0.257412	0.518145	62.9307
6.65808	-0.23618	0.497396	106.371
6.65808	-0.23618	0.497396	106.371
5.40409	-0.190179	0.399972	125.406
5.40409	-0.190179	0.399972	125.406
12.2124	-0.439886	1.0181	2.87298
12.2124	-0.439886	1.0181	2.87298
12.2124	-0.439886	1.0181	2.87298
12.2124	-0.439886	1.0181	2.87298
6.34419	-0.230292	0.476882	91.4724
6.34419	-0.230292	0.476882	91.4724
6.34419	-0.230292	0.476882	91.4724
6.34419	-0.230292	0.476882	91.4724
5.70021	-0.184792	0.418205	143.829
5.70021	-0.184792	0.418205	143.829
5.70021	-0.184792	0.418205	143.829
5.70021	-0.184792	0.418205	143.829
12.2186	-0.461202	1.01181	2.7357
12.2186	-0.461202	1.01181	2.7357
11.6469	-0.378284	0.973421	3.04909
11.6469	-0.378284	0.973421	3.04909
7.29737	-0.290204	0.560846	97.9348
7.29737	-0.290204	0.560846	97.9348
6.27767	-0.212841	0.465269	136.533
6.27767	-0.212841	0.465269	136.533
5.8006	-0.191825	0.428279	95.1606
5.8006	-0.191825	0.428279	95.1606
5.77086	-0.209263	0.431565	77.5787
5.77086	-0.209263	0.431565	77.5787
11.6628	-0.466504	0.958842	2.29766
11.6628	-0.466504	0.958842	2.29766
10.6812	-0.393084	0.899371	3.22507
10.6812	-0.393084	0.899371	3.22507
8.75958	-0.368807	0.687784	36.4412
8.75958	-0.368807	0.687784	36.4412
6.76467	-0.257412	0.518145	62.9307
6.76467	-0.257412	0.518145	62.9307
6.65808	-0.23618	0.497396	106.371
6.65808	-0.23618	0.497396	106.371
5.40409	-0.190179	0.399972	125.406
5.40409	-0.190179	0.399972	125.406
10.9783	-0.49008	0.904616	2.71025
10.9783	-0.49008	0.904616	2.71025
9.98374	-0.407711	0.8486	6.14727
9.98374	-0.407711	0.8486	6.14727
9.81003	-0.425067	0.775213	13.3046
9.81003	-0.425067	0.775213	13.3046
7.54091	-0.308325	0.583141	69.2669
7.54091	-0.308325	0.583141	69.2669
6.77773	-0.241634	0.507452	109.222
6.77773	-0.241634	0.507452	109.222
5.26167	-0.186215	0.388944	124.47
5.26167	-0.186215	0.388944	124.47
11.6628	-0.466504	0.958842	2.29766
11.6628	-0.466504	0.958842	2.29766
10.6812	-0.393084	0.899371	3.22507
10.6812	-0.393084	0.899371	3.22507
8.75958	-0.368807	0.687784	36.4412
8.75958	-0.368807	0.687784	36.4412
6.76467	-0.257412	0.518145	62.9307
6.76467	-0.257412	0.518145	62.9307
6.65808	-0.23618	0.497396	106.371
6.65808	-0.23618	0.497396	106.371
5.40409	-0.190179	0.399972	125.406
5.40409	-0.190179	0.399972	125.406
12.2186	-0.461202	1.01181	2.7357
12.2186	-0.461202	1.01181	2.7357
11.6469	-0.378284	0.973421	3.04909
11.6469	-0.378284	0.973421	3.04909
7.29737	-0.290204	0.560846	97.9348
7.29737	-0.290204	0.560846	97.9348
6.27767	-0.212841	0.465269	136.533
6.27767	-0.212841	0.465269	136.533
5.8006	-0.191825	0.428279	95.1606
5.8006	-0.191825	0.428279	95.1606
5.77086	-0.209263	0.431565	77.5787
5.77086	-0.209263	0.431565	77.5787
12.2186	-0.461202	1.01181	2.7357
12.2186	-0.461202	1.01181	2.7357
11.6469	-0.378284	0.973421	3.04909
11.6469	-0.378284	0.973421	3.04909
7.29737	-0.290204	0.560846	97.9348
7.29737	-0.290204	0.560846	97.9348
6.27767	-0.212841	0.465269	136.533
6.27767	-0.212841	0.465269	136.533
5.8006	-0.191825	0.428279	95.1606
5.8006	-0.191825	0.428279	95.1606
5.77086	-0.209263	0.431565	77.5787
5.77086	-0.209263	0.431565	77.5787
11.6628	-0.466504	0.958842	2.29766
11.6628	-0.466504	0.958842	2.29766
10.6812	-0.393084	0.899371	3.22507
10.6812	-0.393084	0.899371	3.22507
8.75958	-0.368807	0.687784	36.4412
8.75958	-0.368807	0.687784	36.4412
6.76467	-0.257412	0.518145	62.9307
6.76467	-0.257412	0.518145	62.9307
6.65808	-0.23618	0.497396	106.371
6.65808	-0.23618	0.497396	106.371
5.40409	-0.190179	0.399972	125.406
5.40409	-0.190179	0.399972	125.406
10.9783	-0.49008	0.904616	2.71025
10.9783	-0.49008	0.904616	2.71025
9.98374	-0.407711	0.8486	6.14727
9.98374	-0.407711	0.8486	6.14727
9.81003	-0.425067	0.775213	13.3046
9.81003	-0.425067	0.775213	13.3046
7.54091	-0.308325	0.583141	69.2669
7.54091	-0.308325	0.583141	69.2669
6.77773	-0.241634	0.507451	109.222
6.77773	-0.241634	0.507452	109.222
5.26167	-0.186215	0.388944	124.47
5.26167	-0.186215	0.388944	124.47
11.6628	-0.466504	0.958842	2.29766
11.6628	-0.466504	0.958842	2.29766
10.6812	-0.393084	0.899371	3.22507
10.6812	-0.393084	0.899371	3.22507
8.75958	-0.368807	0.687784	36.4412
8.75958	-0.368807	0.687784	36.4412
6.76467	-0.257412	0.518145	62.9307
6.76467	-0.257412	0.518145	62.9307
6.65808	-0.23618	0.497396	106.371
6.65808	-0.23618	0.497396	106.371
5.40409	-0.190179	0.399972	125.406
5.40409	-0.190179	0.399972	125.406
12.2186	-0.461202	1.01181	2.7357
12.2186	-0.461202	1.01181	2.7357
11.6469	-0.378284	0.973421	3.04909
11.6469	-0.378284	0.973421	3.04909
7.29737	-0.290204	0.560846	97.9348
7.29737	-0.290204	0.560846	97.9348
6.27767	-0.212841	0.465269	136.533
6.27767	-0.212841	0.465269	136.533
5.8006	-0.191825	0.428279	95.1606
5.8006	-0.191825	0.428279	95.1606
5.77086	-0.209263	0.431565	77.5787
5.77086	-0.209263	0.431565	77.5787
