1848 Out of 2592 Velocities in m/s for a 6x6x6 Ar Lattice.
      0.1421      0.1421      0.1421      0.1421      0.1421      0.1421      0.1421      0.1421      0.1421      0.1421      0.1421      0.1421     -0.3282     -0.3282     -0.3282     -0.3282     -0.3278     -0.3180     -0.3280     -0.3164     -0.3164     -0.3266     -0.2184     -0.2507     -0.0007     -0.1089     -0.0766      0.0007     -0.0109     -0.0109      0.0008      0.0005     -0.0093      0.0008      0.0008      0.0008
   -149.6720   -149.6720    294.4354   -149.6720   -149.6720    294.4354    149.9386    149.9386    294.4354    149.9386    149.9386    294.4354   -339.3786   -339.3786   -593.1231   -339.3786   -339.3786   -593.1231    339.2145    339.2145   -593.1231    339.2145    339.2145   -593.1231   -212.1136   -212.1136      1.5055   -212.1136   -212.1136      1.5055    211.7486    211.7486      1.5055    211.7486    211.7486      1.5055
   -255.6922   -255.6922    492.4522   -255.6922   -255.6922    492.4522    255.9092    255.9092    492.4522    255.9092    255.9092    492.4522   -510.5670   -510.5670   -745.0800   -510.5670   -510.5670   -745.0800    510.5706    510.5706   -745.0800    510.5706    510.5706   -745.0800   -367.8393   -367.8393      1.5064   -367.8393   -367.8393      1.5064    367.5059    367.5059      1.5064    367.5059    367.5059      1.5064
   -256.8936   -256.8936      0.5549   -256.8936   -256.8936      0.5549    257.0773    257.0773      0.5549    257.0773    257.0773      0.5549   -592.5520   -592.5520     -0.6873   -592.5520   -592.5520     -0.6873    592.6295    592.6295     -0.6873    592.6295    592.6295     -0.6873   -425.0557   -425.0557      0.0008   -425.0557   -425.0557      0.0008    424.7380    424.7380      0.0008    424.7380    424.7380      0.0008
   -255.6922   -255.6922   -492.4522   -255.6922   -255.6922   -492.4522    255.9092    255.9092   -492.4522    255.9092    255.9092   -492.4522   -510.5670   -510.5670    745.0800   -510.5670   -510.5670    745.0800    510.5706    510.5706    745.0800    510.5706    510.5706    745.0800   -367.8393   -367.8393     -1.5064   -367.8393   -367.8393     -1.5064    367.5059    367.5059     -1.5064    367.5059    367.5059     -1.5064
   -149.6720   -149.6720   -294.4354   -149.6720   -149.6720   -294.4354    149.9386    149.9386   -294.4354    149.9386    149.9386   -294.4354   -339.3786   -339.3786    593.1231   -339.3786   -339.3786    593.1231    339.2145    339.2145    593.1231    339.2145    339.2145    593.1231   -212.1136   -212.1136     -1.5055   -212.1136   -212.1136     -1.5055    211.7486    211.7486     -1.5055    211.7486    211.7486     -1.5055
   -149.6720    294.4354   -149.6720   -149.6720    294.4354   -149.6720    149.9386    294.4354    149.9386    149.9386    294.4354    149.9386   -339.3786   -593.1231   -339.3786   -339.3786   -593.1231   -339.3786    339.2145   -593.1231    339.2145    339.2145   -593.1231    339.2145   -212.1136      1.5055   -212.1136   -212.1136      1.5055   -212.1136    211.7486      1.5055    211.7486    211.7486      1.5055    211.7486
      0.1087    144.2777    144.2777      0.1087    144.2777    144.2777   -327.6194    407.5354    407.5354    327.8891    407.5354    407.5354     -0.0587   -649.3178   -649.3178     -0.0587   -649.3178   -649.3178     -0.1556   -268.5524   -268.5524     -0.1556   -268.5524   -268.5524   -416.3075    -44.4852    -44.4852    416.3654    -44.4852    -44.4852   -706.1338    -32.4497    -32.4497    705.7289    -32.4497    -32.4497
    -69.2270     -5.8619    397.6844     69.3392     -5.8619    397.6844   -500.5754    452.0493    522.2180    500.8070    452.0493    522.2180   -298.6277   -496.3119   -751.2048    298.6816   -496.3119   -751.2048   -683.8854    473.2359   -581.9080    683.8683    473.2359   -581.9080    -60.8471   -533.7020   -121.5990     60.5842   -533.7020   -121.5990   -742.4955    -93.7300    138.8116    742.4192    -93.7300    138.8116
    -65.6248    -51.2290      0.6615     65.7623    -51.2290      0.6615   -604.5163    422.4110      0.4632    604.7017    422.4110      0.4632   -545.7630   -455.2855     -0.8395    545.8235   -455.2855     -0.8395   -664.3508    599.3441     -0.5092    664.4624    599.3441     -0.5092    -88.6419   -612.5017     -0.0556     88.3932   -612.5017     -0.0556   -811.6879     -8.6995      0.0689    811.6066     -8.6995      0.0689
    -69.2270     -5.8619   -397.6844     69.3392     -5.8619   -397.6844   -500.5754    452.0493   -522.2180    500.8070    452.0493   -522.2180   -298.6277   -496.3119    751.2048    298.6816   -496.3119    751.2048   -683.8854    473.2359    581.9080    683.8683    473.2359    581.9080    -60.8471   -533.7020    121.5990     60.5842   -533.7020    121.5990   -742.4955    -93.7300   -138.8116    742.4192    -93.7300   -138.8116
      0.1087    144.2777   -144.2777      0.1087    144.2777   -144.2777   -327.6194    407.5354   -407.5354    327.8891    407.5354   -407.5354     -0.0587   -649.3178    649.3178     -0.0587   -649.3178    649.3178     -0.1556   -268.5524    268.5524     -0.1556   -268.5524    268.5524   -416.3075    -44.4852     44.4852    416.3654    -44.4852     44.4852   -706.1338    -32.4497     32.4497    705.7289    -32.4497     32.4497
   -255.6922    492.4522   -255.6922   -255.6922    492.4522   -255.6922    255.9092    492.4522    255.9092    255.9092    492.4522    255.9092   -510.5670   -745.0800   -510.5670   -510.5670   -745.0800   -510.5670    510.5706   -745.0800    510.5706    510.5706   -745.0800    510.5706   -367.8393      1.5064   -367.8393   -367.8393      1.5064   -367.8393    367.5059      1.5064    367.5059    367.5059      1.5064    367.5059
    -69.2270    397.6844     -5.8619     69.3392    397.6844     -5.8619   -500.5754    522.2180    452.0493    500.8070    522.2180    452.0493   -298.6277   -751.2048   -496.3119    298.6816   -751.2048   -496.3119   -683.8854   -581.9080    473.2359    683.8683   -581.9080    473.2359    -60.8471   -121.5990   -533.7020     60.5842   -121.5990   -533.7020   -742.4955    138.8116    -93.7300    742.4192    138.8116    -93.7300
     -0.0916    236.0366    236.0366     -0.0916    236.0366    236.0366      0.1420   -488.6855   -488.6855      0.1420   -488.6855   -488.6855   -774.0469    491.5212    491.5212    774.2374    491.5212    491.5212     -0.0514   -343.9029   -343.9029     -0.0514   -343.9029   -343.9029   -698.2461    -42.3200    -42.3200    698.4009    -42.3200    -42.3200   -987.7134    -49.1967    -49.1967    987.7970    -49.1967    -49.1967
   -350.7796     98.5651      0.8165    350.8434     98.5651      0.8165   -520.0123   -244.3208     -0.9392    520.0656   -244.3208     -0.9392   -968.6674    443.5743      0.3785    968.8387    443.5743      0.3785    -28.8848   -489.4313     -0.1661     28.8059   -489.4313     -0.1661   -749.7920    402.9836     -0.3514    749.9562    402.9836     -0.3514   -914.5565   -313.1114      0.1561    914.7509   -313.1114      0.1561
     -0.0916    236.0366   -236.0366     -0.0916    236.0366   -236.0366      0.1420   -488.6855    488.6855      0.1420   -488.6855    488.6855   -774.0469    491.5212   -491.5212    774.2374    491.5212   -491.5212     -0.0514   -343.9029    343.9029     -0.0514   -343.9029    343.9029   -698.2461    -42.3200     42.3200    698.4009    -42.3200     42.3200   -987.7134    -49.1967     49.1967    987.7970    -49.1967     49.1967
    -69.2270    397.6844      5.8619     69.3392    397.6844      5.8619   -500.5754    522.2180   -452.0493    500.8070    522.2180   -452.0493   -298.6277   -751.2048    496.3119    298.6816   -751.2048    496.3119   -683.8854   -581.9080   -473.2359    683.8683   -581.9080   -473.2359    -60.8471   -121.5990    533.7020     60.5842   -121.5990    533.7020   -742.4955    138.8116     93.7300    742.4192    138.8116     93.7300
   -256.8936      0.5549   -256.8936   -256.8936      0.5549   -256.8936    257.0773      0.5549    257.0773    257.0773      0.5549    257.0773   -592.5520     -0.6873   -592.5520   -592.5520     -0.6873   -592.5520    592.6295     -0.6873    592.6295    592.6295     -0.6873    592.6295   -425.0557      0.0008   -425.0557   -425.0557      0.0008   -425.0557    424.7380      0.0008    424.7380    424.7380      0.0008    424.7380
    -65.6248      0.6615    -51.2290     65.7623      0.6615    -51.2290   -604.5163      0.4632    422.4110    604.7017      0.4632    422.4110   -545.7630     -0.8395   -455.2855    545.8235     -0.8395   -455.2855   -664.3508     -0.5092    599.3441    664.4624     -0.5092    599.3441    -88.6419     -0.0556   -612.5017     88.3932     -0.0556   -612.5017   -811.6879      0.0689     -8.6995    811.6066      0.0689     -8.6995
   -350.7796      0.8165     98.5651    350.8434      0.8165     98.5651   -520.0123     -0.9392   -244.3208    520.0656     -0.9392   -244.3208   -968.6674      0.3785    443.5743    968.8387      0.3785    443.5743    -28.8848     -0.1661   -489.4313     28.8059     -0.1661   -489.4313   -749.7920     -0.3514    402.9836    749.9562     -0.3514    402.9836   -914.5565      0.1561   -313.1114    914.7509      0.1561   -313.1114
   -511.7682      0.1026      0.1026   -511.7682      0.0454      0.0311    511.8194     -0.0589     -0.0445    511.8194     -0.1161     -0.1161  -1223.5769      0.3294      0.3294   1223.8163      0.3294      0.3294     -0.0129     -0.2929     -0.2929     -0.0129     -0.2929     -0.2929   -794.1634      0.2103      0.2103   -794.1634      0.1565      0.1797    794.3603     -0.2321     -0.2553    794.3603     -0.2859     -0.2859
   -350.7796      0.8165    -98.5651    350.8434      0.8165    -98.5651   -520.0123     -0.9392    244.3208    520.0656     -0.9392    244.3208   -968.6674      0.3785   -443.5743    968.8387      0.3785   -443.5743    -28.8848     -0.1661    489.4313     28.8059     -0.1661    489.4313   -749.7920     -0.3514   -402.9836    749.9562     -0.3514   -402.9836   -914.5565      0.1561    313.1114    914.7509      0.1561    313.1114
    -65.6248      0.6615     51.2290     65.7623      0.6615     51.2290   -604.5163      0.4632   -422.4110    604.7017      0.4632   -422.4110   -545.7630     -0.8395    455.2855    545.8235     -0.8395    455.2855   -664.3508     -0.5092   -599.3441    664.4624     -0.5092   -599.3441    -88.6419     -0.0556    612.5017     88.3932     -0.0556    612.5017   -811.6879      0.0689      8.6995    811.6066      0.0689      8.6995
   -255.6922   -492.4522   -255.6922   -255.6922   -492.4522   -255.6922    255.9092   -492.4522    255.9092    255.9092   -492.4522    255.9092   -510.5670    745.0800   -510.5670   -510.5670    745.0800   -510.5670    510.5706    745.0800    510.5706    510.5706    745.0800    510.5706   -367.8393     -1.5064   -367.8393   -367.8393     -1.5064   -367.8393    367.5059     -1.5064    367.5059    367.5059     -1.5064    367.5059
    -69.2270   -397.6844     -5.8619     69.3392   -397.6844     -5.8619   -500.5754   -522.2180    452.0493    500.8070   -522.2180    452.0493   -298.6277    751.2048   -496.3119    298.6816    751.2048   -496.3119   -683.8854    581.9080    473.2359    683.8683    581.9080    473.2359    -60.8471    121.5990   -533.7020     60.5842    121.5990   -533.7020   -742.4955   -138.8116    -93.7300    742.4192   -138.8116    -93.7300
     -0.0916   -236.0366    236.0366     -0.0916   -236.0366    236.0366      0.1420    488.6855   -488.6855      0.1420    488.6855   -488.6855   -774.0469   -491.5212    491.5212    774.2374   -491.5212    491.5212     -0.0514    343.9029   -343.9029     -0.0514    343.9029   -343.9029   -698.2461     42.3200    -42.3200    698.4009     42.3200    -42.3200   -987.7134     49.1967    -49.1967    987.7970     49.1967    -49.1967
   -350.7796    -98.5651      0.8165    350.8434    -98.5651      0.8165   -520.0123    244.3208     -0.9392    520.0656    244.3208     -0.9392   -968.6674   -443.5743      0.3785    968.8387   -443.5743      0.3785    -28.8848    489.4313     -0.1661     28.8059    489.4313     -0.1661   -749.7920   -402.9836     -0.3514    749.9562   -402.9836     -0.3514   -914.5565    313.1114      0.1561    914.7509    313.1114      0.1561
     -0.0916   -236.0366   -236.0366     -0.0916   -236.0366   -236.0366      0.1420    488.6855    488.6855      0.1420    488.6855    488.6855   -774.0469   -491.5212   -491.5212    774.2374   -491.5212   -491.5212     -0.0514    343.9029    343.9029     -0.0514    343.9029    343.9029   -698.2461     42.3200     42.3200    698.4009     42.3200     42.3200   -987.7134     49.1967     49.1967    987.7970     49.1967     49.1967
    -69.2270   -397.6844      5.8619     69.3392   -397.6844      5.8619   -500.5754   -522.2180   -452.0493    500.8070   -522.2180   -452.0493   -298.6277    751.2048    496.3119    298.6816    751.2048    496.3119   -683.8854    581.9080   -473.2359    683.8683    581.9080   -473.2359    -60.8471    121.5990    533.7020     60.5842    121.5990    533.7020   -742.4955   -138.8116     93.7300    742.4192   -138.8116     93.7300
   -149.6720   -294.4354   -149.6720   -149.6720   -294.4354   -149.6720    149.9386   -294.4354    149.9386    149.9386   -294.4354    149.9386   -339.3786    593.1231   -339.3786   -339.3786    593.1231   -339.3786    339.2145    593.1231    339.2145    339.2145    593.1231    339.2145   -212.1136     -1.5055   -212.1136   -212.1136     -1.5055   -212.1136    211.7486     -1.5055    211.7486    211.7486     -1.5055    211.7486
      0.1087   -144.2777    144.2777      0.1087   -144.2777    144.2777   -327.6194   -407.5354    407.5354    327.8891   -407.5354    407.5354     -0.0587    649.3178   -649.3178     -0.0587    649.3178   -649.3178     -0.1556    268.5524   -268.5524     -0.1556    268.5524   -268.5524   -416.3075     44.4852    -44.4852    416.3654     44.4852    -44.4852   -706.1338     32.4497    -32.4497    705.7289     32.4497    -32.4497
    -69.2270      5.8619    397.6844     69.3392      5.8619    397.6844   -500.5754   -452.0493    522.2180    500.8070   -452.0493    522.2180   -298.6277    496.3119   -751.2048    298.6816    496.3119   -751.2048   -683.8854   -473.2359   -581.9080    683.8683   -473.2359   -581.9080    -60.8471    533.7020   -121.5990     60.5842    533.7020   -121.5990   -742.4955     93.7300    138.8116    742.4192     93.7300    138.8116
    -65.6248     51.2290      0.6615     65.7623     51.2290      0.6615   -604.5163   -422.4110      0.4632    604.7017   -422.4110      0.4632   -545.7630    455.2855     -0.8395    545.8235    455.2855     -0.8395   -664.3508   -599.3441     -0.5092    664.4624   -599.3441     -0.5092    -88.6419    612.5017     -0.0556     88.3932    612.5017     -0.0556   -811.6879      8.6995      0.0689    811.6066      8.6995      0.0689
    -69.2270      5.8619   -397.6844     69.3392      5.8619   -397.6844   -500.5754   -452.0493   -522.2180    500.8070   -452.0493   -522.2180   -298.6277    496.3119    751.2048    298.6816    496.3119    751.2048   -683.8854   -473.2359    581.9080    683.8683   -473.2359    581.9080    -60.8471    533.7020    121.5990     60.5842    533.7020    121.5990   -742.4955     93.7300   -138.8116    742.4192     93.7300   -138.8116
      0.1087   -144.2777   -144.2777      0.1087   -144.2777   -144.2777   -327.6194   -407.5354   -407.5354    327.8891   -407.5354   -407.5354     -0.0587    649.3178    649.3178     -0.0587    649.3178    649.3178     -0.1556    268.5524    268.5524     -0.1556    268.5524    268.5524   -416.3075     44.4852     44.4852    416.3654     44.4852     44.4852   -706.1338     32.4497     32.4497    705.7289     32.4497     32.4497
    294.4354   -149.6720   -149.6720    294.4354   -149.6720   -149.6720    294.4354    149.9386    149.9386    294.4354    149.9386    149.9386   -593.1231   -339.3786   -339.3786   -593.1231   -339.3786   -339.3786   -593.1231    339.2145    339.2145   -593.1231    339.2145    339.2145      1.5055   -212.1136   -212.1136      1.5055   -212.1136   -212.1136      1.5055    211.7486    211.7486      1.5055    211.7486    211.7486
    144.2777      0.1087    144.2777    144.2777      0.1087    144.2777    407.5354   -327.6194    407.5354    407.5354    327.8891    407.5354   -649.3178     -0.0587   -649.3178   -649.3178     -0.0587   -649.3178   -268.5524     -0.1556   -268.5524   -268.5524     -0.1556   -268.5524    -44.4852   -416.3075    -44.4852    -44.4852    416.3654    -44.4852    -32.4497   -706.1338    -32.4497    -32.4497    705.7289    -32.4497
     -5.8619    -69.2270    397.6844     -5.8619     69.3392    397.6844    452.0493   -500.5754    522.2180    452.0493    500.8070    522.2180   -496.3119   -298.6277   -751.2048   -496.3119    298.6816   -751.2048    473.2359   -683.8854   -581.9080    473.2359    683.8683   -581.9080   -533.7020    -60.8471   -121.5990   -533.7020     60.5842   -121.5990    -93.7300   -742.4955    138.8116    -93.7300    742.4192    138.8116
    -51.2290    -65.6248      0.6615    -51.2290     65.7623      0.6615    422.4110   -604.5163      0.4632    422.4110    604.7017      0.4632   -455.2855   -545.7630     -0.8395   -455.2855    545.8235     -0.8395    599.3441   -664.3508     -0.5092    599.3441    664.4624     -0.5092   -612.5017    -88.6419     -0.0556   -612.5017     88.3932     -0.0556     -8.6995   -811.6879      0.0689     -8.6995    811.6066      0.0689
     -5.8619    -69.2270   -397.6844     -5.8619     69.3392   -397.6844    452.0493   -500.5754   -522.2180    452.0493    500.8070   -522.2180   -496.3119   -298.6277    751.2048   -496.3119    298.6816    751.2048    473.2359   -683.8854    581.9080    473.2359    683.8683    581.9080   -533.7020    -60.8471    121.5990   -533.7020     60.5842    121.5990    -93.7300   -742.4955   -138.8116    -93.7300    742.4192   -138.8116
    144.2777      0.1087   -144.2777    144.2777      0.1087   -144.2777    407.5354   -327.6194   -407.5354    407.5354    327.8891   -407.5354   -649.3178     -0.0587    649.3178   -649.3178     -0.0587    649.3178   -268.5524     -0.1556    268.5524   -268.5524     -0.1556    268.5524    -44.4852   -416.3075     44.4852    -44.4852    416.3654     44.4852    -32.4497   -706.1338     32.4497    -32.4497    705.7289     32.4497
    144.2777    144.2777      0.1087    144.2777    144.2777      0.1087    407.5354    407.5354   -327.6194    407.5354    407.5354    327.8891   -649.3178   -649.3178     -0.0587   -649.3178   -649.3178     -0.0587   -268.5524   -268.5524     -0.1556   -268.5524   -268.5524     -0.1556    -44.4852    -44.4852   -416.3075    -44.4852    -44.4852    416.3654    -32.4497    -32.4497   -706.1338    -32.4497    -32.4497    705.7289
    103.4937    103.4937    103.4937    220.5685    220.5685    220.5685    103.4295    103.4295    103.4295    575.0766    575.0766    575.0766   -562.9819   -562.9819   -562.9819   -198.5024   -198.5024   -198.5024   -563.1138   -563.1138   -563.1138   -258.5819   -258.5818   -258.5818   -199.0400   -199.0400   -199.0400   -258.6209   -258.6209   -258.6209    248.6082    248.6082    248.6082    248.9290    248.9290    248.9290
     33.9422     33.9422    317.6829    -23.7054    -23.7054    331.1154    -23.8013    -23.8013    331.1154    704.5609    704.5609    652.8235   -191.2182   -191.2182   -851.4734   -207.5603   -207.5603   -431.4359   -207.5980   -207.5980   -431.4359   -293.6177   -293.6177   -170.5799   -392.0180   -392.0180    -58.7728   -392.2297   -392.2297    -58.7728    641.6342    641.6342   -472.2827    372.1367    372.1367    291.9358
   -162.1070   -162.1070      0.2792   -162.1675   -162.1675      0.2792   -425.9119   -425.9119      7.5987    213.5081    213.5081     -7.8557     20.4244     20.4244     -0.3468     20.2847     20.2847     -0.3468    768.7869    768.7869      0.5709   -325.4009   -325.4009     -0.0811   -440.4269   -440.4269     -0.0177   -440.5972   -440.5972     -0.0177    710.1836    710.1836     -0.5178    474.6518    474.6518      0.1539
     33.9422     33.9422   -317.6829    -23.7054    -23.7054   -331.1154    -23.8013    -23.8013   -331.1154    704.5609    704.5609   -652.8235   -191.2182   -191.2182    851.4734   -207.5603   -207.5603    431.4359   -207.5980   -207.5980    431.4359   -293.6177   -293.6177    170.5799   -392.0180   -392.0180     58.7728   -392.2297   -392.2297     58.7728    641.6342    641.6342    472.2827    372.1367    372.1367   -291.9358
    103.4937    103.4937   -103.4937    220.5685    220.5685   -220.5685    103.4295    103.4295   -103.4295    575.0766    575.0766   -575.0766   -562.9819   -562.9819    562.9819   -198.5024   -198.5024    198.5024   -563.1138   -563.1138    563.1138   -258.5819   -258.5818    258.5818   -199.0400   -199.0400    199.0400   -258.6209   -258.6209    258.6209    248.6082    248.6082   -248.6082    248.9290    248.9290   -248.9290
     -5.8619    397.6844    -69.2270     -5.8619    397.6844     69.3392    452.0493    522.2180   -500.5754    452.0493    522.2180    500.8070   -496.3119   -751.2048   -298.6277   -496.3119   -751.2048    298.6816    473.2359   -581.9080   -683.8854    473.2359   -581.9080    683.8683   -533.7020   -121.5990    -60.8471   -533.7020   -121.5990     60.5842    -93.7300    138.8116   -742.4955    -93.7300    138.8116    742.4192
     33.9422    317.6829     33.9422    -23.7054    331.1154    -23.7054    -23.8013    331.1154    -23.8013    704.5609    652.8235    704.5609   -191.2182   -851.4734   -191.2182   -207.5603   -431.4359   -207.5603   -207.5980   -431.4359   -207.5980   -293.6177   -170.5799   -293.6177   -392.0180    -58.7728   -392.0180   -392.2297    -58.7728   -392.2297    641.6342   -472.2827    641.6342    372.1367    291.9358    372.1367
   -127.4812     47.0531     47.0531   -127.4812     46.9467     46.9467   -538.9580    193.0896    193.0896    228.5501   -305.4682   -305.4682    228.5501   -305.5386   -305.5386    935.0880    739.6950    739.6950   -788.3231     63.6433     63.6433   -102.1964   -300.2621   -300.2621   -102.1964   -300.1845   -300.1845   -501.2807   -118.9437   -118.9437    817.6421     79.1074     79.1074    889.8573     78.2784     78.2784
   -258.4731   -170.6084      0.0319   -408.4668   -230.1215      0.1340   -729.2877    101.9792      0.1244    388.5741    305.0881     -0.3990    505.2688   -262.7939      0.0298    -83.8224   -438.4287     -0.2045    -72.4969   -401.3169     -0.1310   -539.2649    347.9613     -0.0978   -654.6153   -188.1201      0.0369   1101.1780    801.9271      0.6606    873.5893    520.1627     -0.4732   1021.3693   -261.3755      0.2281
   -127.4812     47.0531    -47.0531   -127.4812     46.9467    -46.9467   -538.9580    193.0896   -193.0896    228.5501   -305.4682    305.4682    228.5501   -305.5386    305.5386    935.0880    739.6950   -739.6950   -788.3231     63.6433    -63.6433   -102.1964   -300.2621    300.2621   -102.1964   -300.1845    300.1845   -501.2807   -118.9437    118.9437    817.6421     79.1074    -79.1074    889.8573     78.2784    -78.2784
     33.9422    317.6829    -33.9422    -23.7054    331.1154     23.7054    -23.8013    331.1154     23.8013    704.5609    652.8235   -704.5609   -191.2182   -851.4734    191.2182   -207.5603   -431.4359    207.5603   -207.5980   -431.4359    207.5980   -293.6177   -170.5799    293.6177   -392.0180    -58.7728    392.0180   -392.2297    -58.7728    392.2297    641.6342   -472.2827   -641.6342    372.1367    291.9358   -372.1367
    -51.2290      0.6615    -65.6248    -51.2290      0.6615     65.7623    422.4110      0.4632   -604.5163    422.4110      0.4632    604.7017   -455.2855     -0.8395   -545.7630   -455.2855     -0.8395    545.8235    599.3441     -0.5092   -664.3508    599.3441     -0.5092    664.4624   -612.5017     -0.0556    -88.6419   -612.5017     -0.0556     88.3932     -8.6995      0.0689   -811.6879     -8.6995      0.0689    811.6066
   -162.1070      0.2792   -162.1070   -162.1675      0.2792   -162.1675   -425.9119      7.5987   -425.9119    213.5081     -7.8557    213.5081     20.4244     -0.3468     20.4244     20.2847     -0.3468     20.2847    768.7869      0.5709    768.7869   -325.4009     -0.0811   -325.4009   -440.4269     -0.0177   -440.4269   -440.5972     -0.0177   -440.5972    710.1836     -0.5178    710.1836    474.6518      0.1539    474.6518
   -258.4731      0.0319   -170.6084   -408.4668      0.1340   -230.1215   -729.2877      0.1244    101.9792    388.5741     -0.3990    305.0881    505.2688      0.0298   -262.7939    -83.8224     -0.2045   -438.4287    -72.4969     -0.1310   -401.3169   -539.2649     -0.0978    347.9613   -654.6153      0.0369   -188.1201   1101.1780      0.6606    801.9271    873.5893     -0.4732    520.1627   1021.3693      0.2281   -261.3755
   -402.6447     -0.0723     -0.0723   -402.6447     -0.1095     -0.1095   -901.9883      0.0673      0.0673    495.6450      0.3092      0.3092    495.6450     -0.1244     -0.1244    -22.8079     -0.2888     -0.2888    -22.8079     -0.2896     -0.2896   -559.7693      0.1780      0.1780   -559.7693     -0.1157     -0.1157   1414.3886      0.8564      0.8564    978.5229      0.2870      0.2870    978.5229     -0.6542     -0.6542
   -258.4731      0.0319    170.6084   -408.4668      0.1340    230.1215   -729.2877      0.1244   -101.9792    388.5741     -0.3990   -305.0881    505.2688      0.0298    262.7939    -83.8224     -0.2045    438.4287    -72.4969     -0.1310    401.3169   -539.2649     -0.0978   -347.9613   -654.6153      0.0369    188.1201   1101.1780      0.6606   -801.9271    873.5893     -0.4732   -520.1627   1021.3693      0.2281    261.3755
   -162.1070      0.2792    162.1070   -162.1675      0.2792    162.1675   -425.9119      7.5987    425.9119    213.5081     -7.8557   -213.5081     20.4244     -0.3468    -20.4244     20.2847     -0.3468    -20.2847    768.7869      0.5709   -768.7869   -325.4009     -0.0811    325.4009   -440.4269     -0.0177    440.4269   -440.5972     -0.0177    440.5972    710.1836     -0.5178   -710.1836    474.6518      0.1539   -474.6518
     -5.8619   -397.6844    -69.2270     -5.8619   -397.6844     69.3392    452.0493   -522.2180   -500.5754    452.0493   -522.2180    500.8070   -496.3119    751.2048   -298.6277   -496.3119    751.2048    298.6816    473.2359    581.9080   -683.8854    473.2359    581.9080    683.8683   -533.7020    121.5990    -60.8471   -533.7020    121.5990     60.5842    -93.7300   -138.8116   -742.4955    -93.7300   -138.8116    742.4192
     33.9422   -317.6829     33.9422    -23.7054   -331.1154    -23.7054    -23.8013   -331.1154    -23.8013    704.5609   -652.8235    704.5609   -191.2182    851.4734   -191.2182   -207.5603    431.4359   -207.5603   -207.5980    431.4359   -207.5980   -293.6177    170.5799   -293.6177   -392.0180     58.7728   -392.0180   -392.2297     58.7728   -392.2297    641.6342    472.2827    641.6342    372.1367   -291.9358    372.1367
   -127.4812    -47.0531     47.0531   -127.4812    -46.9467     46.9467   -538.9580   -193.0896    193.0896    228.5501    305.4682   -305.4682    228.5501    305.5386   -305.5386    935.0880   -739.6950    739.6950   -788.3231    -63.6433     63.6433   -102.1964    300.2621   -300.2621   -102.1964    300.1845   -300.1845   -501.2807    118.9437   -118.9437    817.6421    -79.1074     79.1074    889.8573    -78.2784     78.2784
   -258.4731    170.6084      0.0319   -408.4668    230.1215      0.1340   -729.2877   -101.9792      0.1244    388.5741   -305.0881     -0.3990    505.2688    262.7939      0.0298    -83.8224    438.4287     -0.2045    -72.4969    401.3169     -0.1310   -539.2649   -347.9613     -0.0978   -654.6153    188.1201      0.0369   1101.1780   -801.9271      0.6606    873.5893   -520.1627     -0.4732   1021.3693    261.3755      0.2281
   -127.4812    -47.0531    -47.0531   -127.4812    -46.9467    -46.9467   -538.9580   -193.0896   -193.0896    228.5501    305.4682    305.4682    228.5501    305.5386    305.5386    935.0880   -739.6950   -739.6950   -788.3231    -63.6433    -63.6433   -102.1964    300.2621    300.2621   -102.1964    300.1845    300.1845   -501.2807    118.9437    118.9437    817.6421    -79.1074    -79.1074    889.8573    -78.2784    -78.2784
     33.9422   -317.6829    -33.9422    -23.7054   -331.1154     23.7054    -23.8013   -331.1154     23.8013    704.5609   -652.8235   -704.5609   -191.2182    851.4734    191.2182   -207.5603    431.4359    207.5603   -207.5980    431.4359    207.5980   -293.6177    170.5799    293.6177   -392.0180     58.7728    392.0180   -392.2297     58.7728    392.2297    641.6342    472.2827   -641.6342    372.1367   -291.9358   -372.1367
    144.2777   -144.2777      0.1087    144.2777   -144.2777      0.1087    407.5354   -407.5354   -327.6194    407.5354   -407.5354    327.8891   -649.3178    649.3178     -0.0587   -649.3178    649.3178     -0.0587   -268.5524    268.5524     -0.1556   -268.5524    268.5524     -0.1556    -44.4852     44.4852   -416.3075    -44.4852     44.4852    416.3654    -32.4497     32.4497   -706.1338    -32.4497     32.4497    705.7289
    103.4937   -103.4937    103.4937    220.5685   -220.5685    220.5685    103.4295   -103.4295    103.4295    575.0766   -575.0766    575.0766   -562.9819    562.9819   -562.9819   -198.5024    198.5024   -198.5024   -563.1138    563.1138   -563.1138   -258.5819    258.5818   -258.5818   -199.0400    199.0400   -199.0400   -258.6209    258.6209   -258.6209    248.6082   -248.6082    248.6082    248.9290   -248.9290    248.9290
     33.9422    -33.9422    317.6829    -23.7054     23.7054    331.1154    -23.8013     23.8013    331.1154    704.5609   -704.5609    652.8235   -191.2182    191.2182   -851.4734   -207.5603    207.5603   -431.4359   -207.5980    207.5980   -431.4359   -293.6177    293.6177   -170.5799   -392.0180    392.0180    -58.7728   -392.2297    392.2297    -58.7728    641.6342   -641.6342   -472.2827    372.1367   -372.1367    291.9358
   -162.1070    162.1070      0.2792   -162.1675    162.1675      0.2792   -425.9119    425.9119      7.5987    213.5081   -213.5081     -7.8557     20.4244    -20.4244     -0.3468     20.2847    -20.2847     -0.3468    768.7869   -768.7869      0.5709   -325.4009    325.4009     -0.0811   -440.4269    440.4269     -0.0177   -440.5972    440.5972     -0.0177    710.1836   -710.1836     -0.5178    474.6518   -474.6518      0.1539
     33.9422    -33.9422   -317.6829    -23.7054     23.7054   -331.1154    -23.8013     23.8013   -331.1154    704.5609   -704.5609   -652.8235   -191.2182    191.2182    851.4734   -207.5603    207.5603    431.4359   -207.5980    207.5980    431.4359   -293.6177    293.6177    170.5799   -392.0180    392.0180     58.7728   -392.2297    392.2297     58.7728    641.6342   -641.6342    472.2827    372.1367   -372.1367   -291.9358
    103.4937   -103.4937   -103.4937    220.5685   -220.5685   -220.5685    103.4295   -103.4295   -103.4295    575.0766   -575.0766   -575.0766   -562.9819    562.9819    562.9819   -198.5024    198.5024    198.5024   -563.1138    563.1138    563.1138   -258.5819    258.5818    258.5818   -199.0400    199.0400    199.0400   -258.6209    258.6209    258.6209    248.6082   -248.6082   -248.6082    248.9290   -248.9290   -248.9290
    492.4522   -255.6922   -255.6922    492.4522   -255.6922   -255.6922    492.4522    255.9092    255.9092    492.4522    255.9092    255.9092   -745.0800   -510.5670   -510.5670   -745.0800   -510.5670   -510.5670   -745.0800    510.5706    510.5706   -745.0800    510.5706    510.5706      1.5064   -367.8393   -367.8393      1.5064   -367.8393   -367.8393      1.5064    367.5059    367.5059      1.5064    367.5059    367.5059
    397.6844    -69.2270     -5.8619    397.6844     69.3392     -5.8619    522.2180   -500.5754    452.0493    522.2180    500.8070    452.0493   -751.2048   -298.6277   -496.3119   -751.2048    298.6816   -496.3119   -581.9080   -683.8854    473.2359   -581.9080    683.8683    473.2359   -121.5990    -60.8471   -533.7020   -121.5990     60.5841   -533.7020    138.8116   -742.4955    -93.7300    138.8116    742.4192    -93.7300
    236.0366     -0.0916    236.0366    236.0366     -0.0916    236.0366   -488.6855      0.1420   -488.6855   -488.6855      0.1420   -488.6855    491.5212   -774.0469    491.5212    491.5212    774.2374    491.5212   -343.9029     -0.0514   -343.9029   -343.9029     -0.0514   -343.9029    -42.3200   -698.2461    -42.3200    -42.3200    698.4009    -42.3200    -49.1967   -987.7134    -49.1967    -49.1967    987.7970    -49.1967
     98.5651   -350.7796      0.8165     98.5651    350.8434      0.8165   -244.3208   -520.0123     -0.9392   -244.3208    520.0656     -0.9392    443.5743   -968.6674      0.3785    443.5743    968.8387      0.3785   -489.4313    -28.8848     -0.1661   -489.4313     28.8059     -0.1661    402.9836   -749.7920     -0.3514    402.9836    749.9562     -0.3514   -313.1114   -914.5565      0.1561   -313.1114    914.7509      0.1561
    236.0366     -0.0916   -236.0366    236.0366     -0.0916   -236.0366   -488.6855      0.1420    488.6855   -488.6855      0.1420    488.6855    491.5212   -774.0469   -491.5212    491.5212    774.2374   -491.5212   -343.9029     -0.0514    343.9029   -343.9029     -0.0514    343.9029    -42.3200   -698.2461     42.3200    -42.3200    698.4009     42.3200    -49.1967   -987.7134     49.1967    -49.1967    987.7970     49.1967
    397.6844    -69.2270      5.8619    397.6844     69.3392      5.8619    522.2180   -500.5754   -452.0493    522.2180    500.8070   -452.0493   -751.2048   -298.6277    496.3119   -751.2048    298.6816    496.3119   -581.9080   -683.8854   -473.2359   -581.9080    683.8683   -473.2359   -121.5990    -60.8471    533.7020   -121.5990     60.5841    533.7020    138.8116   -742.4955     93.7300    138.8116    742.4192     93.7300
    397.6844     -5.8619    -69.2270    397.6844     -5.8619     69.3392    522.2180    452.0493   -500.5754    522.2180    452.0493    500.8070   -751.2048   -496.3119   -298.6277   -751.2048   -496.3119    298.6816   -581.9080    473.2359   -683.8854   -581.9080    473.2359    683.8683   -121.5990   -533.7020    -60.8471   -121.5990   -533.7020     60.5841    138.8116    -93.7300   -742.4955    138.8116    -93.7300    742.4192
    317.6829     33.9422     33.9422    331.1154    -23.7054    -23.7054    331.1154    -23.8013    -23.8013    652.8235    704.5609    704.5609   -851.4734   -191.2182   -191.2182   -431.4359   -207.5603   -207.5603   -431.4359   -207.5980   -207.5980   -170.5799   -293.6177   -293.6177    -58.7728   -392.0180   -392.0180    -58.7728   -392.2297   -392.2297   -472.2827    641.6342    641.6342    291.9358    372.1367    372.1367
     47.0531   -127.4812     47.0531     46.9467   -127.4812     46.9467    193.0896   -538.9580    193.0896   -305.4682    228.5501   -305.4682   -305.5386    228.5501   -305.5386    739.6950    935.0880    739.6950     63.6433   -788.3231     63.6433   -300.2621   -102.1964   -300.2621   -300.1845   -102.1964   -300.1845   -118.9437   -501.2807   -118.9437     79.1074    817.6421     79.1074     78.2784    889.8573     78.2784
   -170.6084   -258.4731      0.0319   -230.1215   -408.4668      0.1340    101.9792   -729.2877      0.1244    305.0881    388.5741     -0.3990   -262.7939    505.2688      0.0298   -438.4287    -83.8224     -0.2045   -401.3169    -72.4969     -0.1310    347.9613   -539.2649     -0.0978   -188.1201   -654.6153      0.0369    801.9271   1101.1780      0.6606    520.1627    873.5893     -0.4732   -261.3755   1021.3693      0.2281
     47.0531   -127.4812    -47.0531     46.9467   -127.4812    -46.9467    193.0896   -538.9580   -193.0896   -305.4682    228.5501    305.4682   -305.5386    228.5501    305.5386    739.6950    935.0880   -739.6950     63.6433   -788.3231    -63.6433   -300.2621   -102.1964    300.2621   -300.1845   -102.1964    300.1845   -118.9437   -501.2807    118.9437     79.1074    817.6421    -79.1074     78.2784    889.8573    -78.2784
    317.6829     33.9422    -33.9422    331.1154    -23.7054     23.7054    331.1154    -23.8013     23.8013    652.8235    704.5609   -704.5609   -851.4734   -191.2182    191.2182   -431.4359   -207.5603    207.5603   -431.4359   -207.5980    207.5980   -170.5799   -293.6177    293.6177    -58.7728   -392.0180    392.0180    -58.7728   -392.2297    392.2297   -472.2827    641.6342   -641.6342    291.9358    372.1367   -372.1367
    236.0366    236.0366     -0.0916    236.0366    236.0366     -0.0916   -488.6855   -488.6855      0.1420   -488.6855   -488.6855      0.1420    491.5212    491.5212   -774.0469    491.5212    491.5212    774.2374   -343.9029   -343.9029     -0.0514   -343.9029   -343.9029     -0.0514    -42.3200    -42.3200   -698.2461    -42.3200    -42.3200    698.4009    -49.1967    -49.1967   -987.7134    -49.1967    -49.1967    987.7970
     47.0531     47.0531   -127.4812     46.9467     46.9467   -127.4812    193.0896    193.0896   -538.9580   -305.4682   -305.4682    228.5501   -305.5386   -305.5386    228.5501    739.6950    739.6950    935.0880     63.6433     63.6433   -788.3231   -300.2621   -300.2621   -102.1964   -300.1845   -300.1845   -102.1964   -118.9437   -118.9437   -501.2807     79.1074     79.1074    817.6421     78.2784     78.2784    889.8573
   -181.3184   -181.3184   -181.3184    -92.8260    -92.8260    -92.8260   -181.4093   -181.4093   -181.4093    -89.8538    -89.8538    -89.8538    255.9272    255.9272    255.9272    -90.0659    -90.0659    -90.0659   -211.8862   -211.8862   -211.8862   -162.6680   -162.6680   -162.6680   -212.0164   -212.0164   -212.0164    942.9622    942.9622    942.9622    434.1104    434.1104    434.1104    434.4626    434.4626    434.4626
   -221.2411   -221.2411     -0.1245   -263.3724   -263.3724     -0.0465   -263.4849   -263.4849     -0.0465    355.0571    355.0571     -0.2100     20.8699     20.8699      0.2772     20.6185     20.6185      0.2772   -176.9987   -176.9987     -0.1231   -202.8419   -202.8419     -0.2301   -202.9732   -202.9732     -0.2301   1121.9706   1121.9706      0.9916    781.1798    781.1798     -0.5751    492.0887    492.0887      0.5283
   -181.3184   -181.3184    181.3184    -92.8260    -92.8260     92.8260   -181.4093   -181.4093    181.4093    -89.8538    -89.8538     89.8538    255.9272    255.9272   -255.9272    -90.0659    -90.0659     90.0659   -211.8862   -211.8862    211.8862   -162.6680   -162.6680    162.6680   -212.0164   -212.0164    212.0164    942.9622    942.9622   -942.9622    434.1104    434.1104   -434.1104    434.4626    434.4626   -434.4626
     47.0531     47.0531    127.4812     46.9467     46.9467    127.4812    193.0896    193.0896    538.9580   -305.4682   -305.4682   -228.5501   -305.5386   -305.5386   -228.5501    739.6950    739.6950   -935.0880     63.6433     63.6433    788.3231   -300.2621   -300.2621    102.1964   -300.1845   -300.1845    102.1964   -118.9437   -118.9437    501.2807     79.1074     79.1074   -817.6421     78.2784     78.2784   -889.8573
     98.5651      0.8165   -350.7796     98.5651      0.8165    350.8434   -244.3208     -0.9392   -520.0123   -244.3208     -0.9392    520.0656    443.5743      0.3785   -968.6674    443.5743      0.3785    968.8387   -489.4313     -0.1661    -28.8848   -489.4313     -0.1661     28.8059    402.9836     -0.3514   -749.7920    402.9836     -0.3514    749.9562   -313.1114      0.1561   -914.5565   -313.1114      0.1561    914.7509
   -170.6084      0.0319   -258.4731   -230.1215      0.1340   -408.4668    101.9792      0.1244   -729.2877    305.0881     -0.3990    388.5741   -262.7939      0.0298    505.2688   -438.4287     -0.2045    -83.8224   -401.3169     -0.1310    -72.4969    347.9613     -0.0978   -539.2649   -188.1201      0.0369   -654.6153    801.9271      0.6606   1101.1780    520.1627     -0.4732    873.5893   -261.3755      0.2281   1021.3693
   -221.2411     -0.1245   -221.2411   -263.3724     -0.0465   -263.3724   -263.4849     -0.0465   -263.4849    355.0571     -0.2100    355.0571     20.8699      0.2772     20.8699     20.6185      0.2772     20.6185   -176.9987     -0.1231   -176.9987   -202.8419     -0.2301   -202.8419   -202.9732     -0.2301   -202.9732   1121.9706      0.9916   1121.9706    781.1798     -0.5751    781.1798    492.0887      0.5283    492.0887
   -218.1926     -0.1054     -0.1054   -218.1926     -0.1864     -0.1864   -477.1477     -0.0635     -0.0635    315.2474      0.4912      0.4912    315.2474     -0.1326     -0.1326    -22.6749     -0.2772     -0.2772    -22.6749     -0.2865     -0.2865   -289.5370      0.1638      0.1638   -289.5370     -0.0363     -0.0363   1492.7119      2.2876      2.2876   1097.8771      0.5407      0.5407   1097.8771     -1.7057     -1.7057
   -221.2411     -0.1245    221.2411   -263.3724     -0.0465    263.3724   -263.4849     -0.0465    263.4849    355.0571     -0.2100   -355.0571     20.8699      0.2772    -20.8699     20.6185      0.2772    -20.6185   -176.9987     -0.1231    176.9987   -202.8419     -0.2301    202.8419   -202.9732     -0.2301    202.9732   1121.9706      0.9916  -1121.9706    781.1798     -0.5751   -781.1798    492.0887      0.5283   -492.0887
   -170.6084      0.0319    258.4731   -230.1215      0.1340    408.4668    101.9792      0.1244    729.2877    305.0881     -0.3990   -388.5741   -262.7939      0.0298   -505.2688   -438.4287     -0.2045     83.8224   -401.3169     -0.1310     72.4969    347.9613     -0.0978    539.2649   -188.1201      0.0369    654.6153    801.9271      0.6606  -1101.1780    520.1627     -0.4732   -873.5893   -261.3755      0.2281  -1021.3693
    236.0366   -236.0366     -0.0916    236.0366   -236.0366     -0.0916   -488.6855    488.6855      0.1420   -488.6855    488.6855      0.1420    491.5212   -491.5212   -774.0469    491.5212   -491.5212    774.2374   -343.9029    343.9029     -0.0514   -343.9029    343.9029     -0.0514    -42.3200     42.3200   -698.2461    -42.3200     42.3200    698.4009    -49.1967     49.1967   -987.7134    -49.1967     49.1967    987.7970
     47.0531    -47.0531   -127.4812     46.9467    -46.9467   -127.4812    193.0896   -193.0896   -538.9580   -305.4682    305.4682    228.5501   -305.5386    305.5386    228.5501    739.6950   -739.6950    935.0880     63.6433    -63.6433   -788.3231   -300.2621    300.2621   -102.1964   -300.1845    300.1845   -102.1964   -118.9437    118.9437   -501.2807     79.1074    -79.1074    817.6421     78.2784    -78.2784    889.8573
   -181.3184    181.3184   -181.3184    -92.8260     92.8260    -92.8260   -181.4093    181.4093   -181.4093    -89.8538     89.8538    -89.8538    255.9272   -255.9272    255.9272    -90.0659     90.0659    -90.0659   -211.8862    211.8862   -211.8862   -162.6680    162.6680   -162.6680   -212.0164    212.0164   -212.0164    942.9622   -942.9622    942.9622    434.1104   -434.1104    434.1104    434.4626   -434.4626    434.4626
   -221.2411    221.2411     -0.1245   -263.3724    263.3724     -0.0465   -263.4849    263.4849     -0.0465    355.0571   -355.0571     -0.2100     20.8699    -20.8699      0.2772     20.6185    -20.6185      0.2772   -176.9987    176.9987     -0.1231   -202.8419    202.8419     -0.2301   -202.9732    202.9732     -0.2301   1121.9706  -1121.9706      0.9916    781.1798   -781.1798     -0.5751    492.0887   -492.0887      0.5283
   -181.3184    181.3184    181.3184    -92.8260     92.8260     92.8260   -181.4093    181.4093    181.4093    -89.8538     89.8538     89.8538    255.9272   -255.9272   -255.9272    -90.0659     90.0659     90.0659   -211.8862    211.8862    211.8862   -162.6680    162.6680    162.6680   -212.0164    212.0164    212.0164    942.9622   -942.9622   -942.9622    434.1104   -434.1104   -434.1104    434.4626   -434.4626   -434.4626
     47.0531    -47.0531    127.4812     46.9467    -46.9467    127.4812    193.0896   -193.0896    538.9580   -305.4682    305.4682   -228.5501   -305.5386    305.5386   -228.5501    739.6950   -739.6950   -935.0880     63.6433    -63.6433    788.3231   -300.2621    300.2621    102.1964   -300.1845    300.1845    102.1964   -118.9437    118.9437    501.2807     79.1074    -79.1074   -817.6421     78.2784    -78.2784   -889.8573
    397.6844      5.8619    -69.2270    397.6844      5.8619     69.3392    522.2180   -452.0493   -500.5754    522.2180   -452.0493    500.8070   -751.2048    496.3119   -298.6277   -751.2048    496.3119    298.6816   -581.9080   -473.2359   -683.8854   -581.9080   -473.2359    683.8683   -121.5990    533.7020    -60.8471   -121.5990    533.7020     60.5841    138.8116     93.7300   -742.4955    138.8116     93.7300    742.4192
    317.6829    -33.9422     33.9422    331.1154     23.7054    -23.7054    331.1154     23.8013    -23.8013    652.8235   -704.5609    704.5609   -851.4734    191.2182   -191.2182   -431.4359    207.5603   -207.5603   -431.4359    207.5980   -207.5980   -170.5799    293.6177   -293.6177    -58.7728    392.0180   -392.0180    -58.7728    392.2297   -392.2297   -472.2827   -641.6342    641.6342    291.9358   -372.1367    372.1367
     47.0531    127.4812     47.0531     46.9467    127.4812     46.9467    193.0896    538.9580    193.0896   -305.4682   -228.5501   -305.4682   -305.5386   -228.5501   -305.5386    739.6950   -935.0880    739.6950     63.6433    788.3231     63.6433   -300.2621    102.1964   -300.2621   -300.1845    102.1964   -300.1845   -118.9437    501.2807   -118.9437     79.1074   -817.6421     79.1074     78.2784   -889.8573     78.2784
   -170.6084    258.4731      0.0319   -230.1215    408.4668      0.1340    101.9792    729.2877      0.1244    305.0881   -388.5741     -0.3990   -262.7939   -505.2688      0.0298   -438.4287     83.8224     -0.2045   -401.3169     72.4969     -0.1310    347.9613    539.2649     -0.0978   -188.1201    654.6153      0.0369    801.9271  -1101.1780      0.6606    520.1627   -873.5893     -0.4732   -261.3755  -1021.3693      0.2281
     47.0531    127.4812    -47.0531     46.9467    127.4812    -46.9467    193.0896    538.9580   -193.0896   -305.4682   -228.5501    305.4682   -305.5386   -228.5501    305.5386    739.6950   -935.0880   -739.6950     63.6433    788.3231    -63.6433   -300.2621    102.1964    300.2621   -300.1845    102.1964    300.1845   -118.9437    501.2807    118.9437     79.1074   -817.6421    -79.1074     78.2784   -889.8573    -78.2784
    317.6829    -33.9422    -33.9422    331.1154     23.7054     23.7054    331.1154     23.8013     23.8013    652.8235   -704.5609   -704.5609   -851.4734    191.2182    191.2182   -431.4359    207.5603    207.5603   -431.4359    207.5980    207.5980   -170.5799    293.6177    293.6177    -58.7728    392.0180    392.0180    -58.7728    392.2297    392.2297   -472.2827   -641.6342   -641.6342    291.9358   -372.1367   -372.1367
      0.5549   -256.8936   -256.8936      0.5549   -256.8936   -256.8936      0.5549    257.0773    257.0773      0.5549    257.0773    257.0773     -0.6873   -592.5520   -592.5520     -0.6873   -592.5520   -592.5520     -0.6873    592.6295    592.6295     -0.6873    592.6295    592.6295      0.0008   -425.0557   -425.0557      0.0008   -425.0557   -425.0557      0.0008    424.7380    424.7380      0.0008    424.7380    424.7380
      0.6615    -65.6248    -51.2290      0.6615     65.7623    -51.2290      0.4632   -604.5163    422.4110      0.4632    604.7017    422.4110     -0.8395   -545.7630   -455.2855     -0.8395    545.8235   -455.2855     -0.5092   -664.3507    599.3441     -0.5092    664.4624    599.3441     -0.0556    -88.6419   -612.5017     -0.0556     88.3932   -612.5017      0.0689   -811.6879     -8.6995      0.0689    811.6066     -8.6995
      0.8165   -350.7796     98.5651      0.8165    350.8434     98.5651     -0.9392   -520.0123   -244.3208     -0.9392    520.0656   -244.3208      0.3785   -968.6674    443.5743      0.3785    968.8387    443.5743     -0.1661    -28.8848   -489.4313     -0.1661     28.8059   -489.4313     -0.3514   -749.7920    402.9836     -0.3514    749.9562    402.9836      0.1561   -914.5565   -313.1114      0.1561    914.7509   -313.1114
      0.1026   -511.7682      0.1026      0.0145   -511.7682     -0.0042     -0.0279    511.8194     -0.0093     -0.1161    511.8194     -0.1161      0.3294  -1223.5769      0.3294      0.3294   1223.8163      0.3294     -0.2929     -0.0129     -0.2929     -0.2929     -0.0129     -0.2929      0.2103   -794.1634      0.2103      0.2103   -794.1634     -0.0320     -0.2859    794.3603     -0.0436     -0.2859    794.3603     -0.2859
      0.8165   -350.7796    -98.5651      0.8165    350.8434    -98.5651     -0.9392   -520.0123    244.3208     -0.9392    520.0656    244.3208      0.3785   -968.6674   -443.5743      0.3785    968.8387   -443.5743     -0.1661    -28.8848    489.4313     -0.1661     28.8059    489.4313     -0.3514   -749.7920   -402.9836     -0.3514    749.9562   -402.9836      0.1561   -914.5565    313.1114      0.1561    914.7509    313.1114
      0.6615    -65.6248     51.2290      0.6615     65.7623     51.2290      0.4632   -604.5163   -422.4110      0.4632    604.7017   -422.4110     -0.8395   -545.7630    455.2855     -0.8395    545.8235    455.2855     -0.5092   -664.3507   -599.3441     -0.5092    664.4624   -599.3441     -0.0556    -88.6419    612.5017     -0.0556     88.3932    612.5017      0.0689   -811.6879      8.6995      0.0689    811.6066      8.6995
      0.6615    -51.2290    -65.6248      0.6615    -51.2290     65.7623      0.4632    422.4110   -604.5163      0.4632    422.4110    604.7017     -0.8395   -455.2855   -545.7630     -0.8395   -455.2855    545.8235     -0.5092    599.3441   -664.3507     -0.5092    599.3441    664.4624     -0.0556   -612.5017    -88.6419     -0.0556   -612.5017     88.3932      0.0689     -8.6995   -811.6879      0.0689     -8.6995    811.6066
      0.2792   -162.1070   -162.1070      0.2792   -162.1675   -162.1675      7.5987   -425.9119   -425.9119     -7.8557    213.5081    213.5081     -0.3468     20.4244     20.4244     -0.3468     20.2847     20.2847      0.5709    768.7869    768.7869     -0.0811   -325.4009   -325.4009     -0.0177   -440.4269   -440.4269     -0.0177   -440.5972   -440.5972     -0.5178    710.1836    710.1836      0.1539    474.6518    474.6518
      0.0319   -258.4731   -170.6084      0.1340   -408.4668   -230.1215      0.1244   -729.2877    101.9792     -0.3990    388.5741    305.0881      0.0298    505.2688   -262.7939     -0.2045    -83.8224   -438.4287     -0.1310    -72.4969   -401.3169     -0.0978   -539.2649    347.9613      0.0369   -654.6153   -188.1201      0.6606   1101.1780    801.9271     -0.4732    873.5893    520.1627      0.2281   1021.3693   -261.3755
     -0.0723   -402.6447     -0.0723     -0.1095   -402.6447     -0.1095      0.0673   -901.9883      0.0673      0.3092    495.6450      0.3092     -0.1244    495.6450     -0.1244     -0.2328    -22.8079     -0.2224     -0.3456    -22.8079     -0.3560      0.1780   -559.7693      0.1780     -0.1157   -559.7693     -0.1157      0.8564   1414.3886      0.8564      0.2870    978.5229      0.2870     -0.6542    978.5229     -0.6542
      0.0319   -258.4731    170.6084      0.1340   -408.4668    230.1215      0.1244   -729.2877   -101.9792     -0.3990    388.5741   -305.0881      0.0298    505.2688    262.7939     -0.2045    -83.8224    438.4287     -0.1310    -72.4969    401.3169     -0.0978   -539.2649   -347.9613      0.0369   -654.6153    188.1201      0.6606   1101.1780   -801.9271     -0.4732    873.5893   -520.1627      0.2281   1021.3693    261.3755
      0.2792   -162.1070    162.1070      0.2792   -162.1675    162.1675      7.5987   -425.9119    425.9119     -7.8557    213.5081   -213.5081     -0.3468     20.4244    -20.4244     -0.3468     20.2847    -20.2847      0.5709    768.7869   -768.7869     -0.0811   -325.4009    325.4009     -0.0177   -440.4269    440.4269     -0.0177   -440.5972    440.5972     -0.5178    710.1836   -710.1836      0.1539    474.6518   -474.6518
      0.8165     98.5651   -350.7796      0.8165     98.5651    350.8434     -0.9392   -244.3208   -520.0123     -0.9392   -244.3208    520.0656      0.3785    443.5743   -968.6674      0.3785    443.5743    968.8387     -0.1661   -489.4313    -28.8848     -0.1661   -489.4313     28.8059     -0.3514    402.9836   -749.7920     -0.3514    402.9836    749.9562      0.1561   -313.1114   -914.5565      0.1561   -313.1114    914.7509
      0.0319   -170.6084   -258.4731      0.1340   -230.1215   -408.4668      0.1244    101.9792   -729.2877     -0.3990    305.0881    388.5741      0.0298   -262.7939    505.2688     -0.2045   -438.4287    -83.8224     -0.1310   -401.3169    -72.4969     -0.0978    347.9613   -539.2649      0.0369   -188.1201   -654.6153      0.6606    801.9271   1101.1780     -0.4732    520.1627    873.5893      0.2281   -261.3755   1021.3693
     -0.1245   -221.2411   -221.2411     -0.0465   -263.3724   -263.3727     -0.0465   -263.4849   -263.4847     -0.2100    355.0571    355.0571      0.2772     20.8699     20.8699      0.2772     20.6185     20.6185     -0.1231   -176.9987   -176.9987     -0.2301   -202.8419   -202.8419     -0.2301   -202.9732   -202.9732      0.9916   1121.9706   1121.9706     -0.5751    781.1798    781.1798      0.5283    492.0887    492.0887
     -0.1054   -218.1926     -0.1054     -0.1864   -218.1926     -0.1864     -0.0635   -477.1477     -0.0635      0.4912    315.2474      0.4912     -0.1326    315.2474     -0.1326     -0.1599    -22.6749     -0.1585     -0.4037    -22.6749     -0.4052      0.1638   -289.5370      0.1638     -0.0363   -289.5370     -0.0363      2.2876   1492.7119      2.2876      0.5407   1097.8771      0.5407     -1.7057   1097.8771     -1.7057
     -0.1245   -221.2411    221.2411     -0.0465   -263.3724    263.3724     -0.0465   -263.4849    263.4849     -0.2100    355.0571   -355.0571      0.2772     20.8699    -20.8699      0.2772     20.6185    -20.6185     -0.1231   -176.9987    176.9987     -0.2301   -202.8419    202.8419     -0.2301   -202.9732    202.9732      0.9916   1121.9706  -1121.9706     -0.5751    781.1798   -781.1798      0.5283    492.0887   -492.0887
      0.0319   -170.6084    258.4731      0.1340   -230.1215    408.4668      0.1244    101.9792    729.2877     -0.3990    305.0881   -388.5741      0.0298   -262.7939   -505.2688     -0.2045   -438.4287     83.8224     -0.1310   -401.3169     72.4969     -0.0978    347.9613    539.2649      0.0369   -188.1201    654.6153      0.6606    801.9271  -1101.1780     -0.4732    520.1627   -873.5893      0.2281   -261.3755  -1021.3693
      0.1026      0.1026   -511.7682      0.1026      0.0740   -511.7682     -0.1161     -0.0875    511.8194     -0.1161     -0.1161    511.8194      0.3294      0.3294  -1223.5769      0.3294      0.3294   1223.8163     -0.2929     -0.2929     -0.0129     -0.2929     -0.2929     -0.0129      0.2103      0.2103   -794.1634      0.2102      0.2021   -794.1634     -0.2858     -0.2777    794.3603     -0.2859     -0.2859    794.3603
     -0.0723     -0.0723   -402.6447     -0.1095     -0.1095   -402.6447      0.0673      0.0673   -901.9883      0.3092      0.3092    495.6450     -0.1244     -0.1244    495.6450     -0.2328     -0.2218    -22.8079     -0.3456     -0.3566    -22.8079      0.1780      0.1780   -559.7693     -0.1157     -0.1157   -559.7693      0.8564      0.8564   1414.3886      0.2870      0.2870    978.5229     -0.6542     -0.6542    978.5229
     -0.1054     -0.1054   -218.1926     -0.1864     -0.1864   -218.1926     -0.0635     -0.0635   -477.1477      0.4912      0.4912    315.2474     -0.1326     -0.1326    315.2474     -0.1599     -0.1667    -22.6749     -0.4037     -0.3970    -22.6749      0.1638      0.1638   -289.5370     -0.0363     -0.0363   -289.5370      2.2876      2.2876   1492.7119      0.5407      0.5407   1097.8771     -1.7057     -1.7057   1097.8771
     -0.1039     -0.1039     -0.1039     -0.1039     -0.1068     -0.1076     -0.2258     -0.2230     -0.2221      0.1128      0.0693      0.0753      0.0832      0.0118      0.0118     -0.0125      0.0118      0.0118     -0.0127     -0.0006     -0.0127     -0.0598     -0.0127     -0.0184     -0.0893     -0.0579     -0.0460   1509.4640   1398.8201   1509.4149   1139.4463   1272.8401   1139.5114   1139.4463   1139.4463   1139.4463
      0.8165    -98.5651   -350.7796      0.8165    -98.5651    350.8434     -0.9392    244.3208   -520.0123     -0.9392    244.3208    520.0656      0.3785   -443.5743   -968.6674      0.3785   -443.5743    968.8387     -0.1661    489.4313    -28.8848     -0.1661    489.4313     28.8059     -0.3514   -402.9836   -749.7920     -0.3514   -402.9836    749.9562      0.1561    313.1114   -914.5565      0.1561    313.1114    914.7509
      0.6615     51.2290    -65.6248      0.6615     51.2290     65.7623      0.4632   -422.4110   -604.5163      0.4632   -422.4110    604.7017     -0.8395    455.2855   -545.7630     -0.8395    455.2855    545.8235     -0.5092   -599.3441   -664.3507     -0.5092   -599.3441    664.4624     -0.0556    612.5017    -88.6419     -0.0556    612.5017     88.3932      0.0689      8.6995   -811.6879      0.0689      8.6995    811.6066
   -492.4522   -255.6922   -255.6922   -492.4522   -255.6922   -255.6922   -492.4522    255.9092    255.9091   -492.4522    255.9092    255.9092    745.0800   -510.5670   -510.5670    745.0800   -510.5670   -510.5670    745.0800    510.5706    510.5706    745.0800    510.5706    510.5706     -1.5064   -367.8393   -367.8393     -1.5064   -367.8393   -367.8393     -1.5064    367.5059    367.5059     -1.5064    367.5059    367.5059
   -397.6844    -69.2270     -5.8619   -397.6844     69.3392     -5.8619   -522.2180   -500.5754    452.0493   -522.2180    500.8070    452.0493    751.2048   -298.6277   -496.3119    751.2048    298.6816   -496.3119    581.9080   -683.8854    473.2359    581.9080    683.8683    473.2359    121.5990    -60.8471   -533.7020    121.5990     60.5841   -533.7020   -138.8116   -742.4955    -93.7300   -138.8116    742.4192    -93.7300
   -236.0366     -0.0916    236.0366   -236.0366     -0.0916    236.0366    488.6855      0.1420   -488.6855    488.6855      0.1420   -488.6855   -491.5212   -774.0469    491.5212   -491.5212    774.2374    491.5212    343.9029     -0.0514   -343.9029    343.9029     -0.0514   -343.9029     42.3200   -698.2461    -42.3200     42.3200    698.4009    -42.3200     49.1967   -987.7134    -49.1967     49.1967    987.7970    -49.1967
    -98.5651   -350.7796      0.8165    -98.5651    350.8434      0.8165    244.3208   -520.0123     -0.9392    244.3208    520.0656     -0.9392   -443.5743   -968.6674      0.3785   -443.5743    968.8387      0.3785    489.4313    -28.8848     -0.1661    489.4313     28.8059     -0.1661   -402.9836   -749.7920     -0.3514   -402.9836    749.9562     -0.3514    313.1114   -914.5565      0.1561    313.1114    914.7509      0.1561
   -236.0366     -0.0916   -236.0366   -236.0366     -0.0916   -236.0366    488.6855      0.1420    488.6855    488.6855      0.1420    488.6855   -491.5212   -774.0469   -491.5212   -491.5212    774.2374   -491.5212    343.9029     -0.0514    343.9029    343.9029     -0.0514    343.9029     42.3200   -698.2461     42.3200     42.3200    698.4009     42.3200     49.1967   -987.7134     49.1967     49.1967    987.7970     49.1967
   -397.6844    -69.2270      5.8619   -397.6844     69.3392      5.8619   -522.2180   -500.5754   -452.0493   -522.2180    500.8070   -452.0493    751.2048   -298.6277    496.3119    751.2048    298.6816    496.3119    581.9080   -683.8854   -473.2359    581.9080    683.8683   -473.2359    121.5990    -60.8471    533.7020    121.5990     60.5841    533.7020   -138.8116   -742.4955     93.7300   -138.8116    742.4192     93.7300
   -397.6844     -5.8619    -69.2270   -397.6844     -5.8619     69.3392   -522.2180    452.0493   -500.5754   -522.2180    452.0493    500.8070    751.2048   -496.3119   -298.6277    751.2048   -496.3119    298.6816    581.9080    473.2359   -683.8854    581.9080    473.2359    683.8683    121.5990   -533.7020    -60.8471    121.5990   -533.7020     60.5841   -138.8116    -93.7300   -742.4955   -138.8116    -93.7300    742.4192
   -236.0366    236.0366     -0.0916   -236.0366    236.0366     -0.0916    488.6855   -488.6855      0.1420    488.6855   -488.6855      0.1420   -491.5212    491.5212   -774.0469   -491.5212    491.5212    774.2374    343.9029   -343.9029     -0.0514    343.9029   -343.9029     -0.0514     42.3200    -42.3200   -698.2461     42.3200    -42.3200    698.4009     49.1967    -49.1967   -987.7134     49.1967    -49.1967    987.7970
    -98.5651      0.8165   -350.7796    -98.5651      0.8165    350.8434    244.3208     -0.9392   -520.0123    244.3208     -0.9392    520.0656   -443.5743      0.3785   -968.6674   -443.5743      0.3785    968.8387    489.4313     -0.1661    -28.8848    489.4313     -0.1661     28.8059   -402.9836     -0.3514   -749.7920   -402.9836     -0.3514    749.9562    313.1114      0.1561   -914.5565    313.1114      0.1561    914.7509
   -236.0366   -236.0366     -0.0916   -236.0366   -236.0366     -0.0916    488.6855    488.6855      0.1420    488.6855    488.6855      0.1420   -491.5212   -491.5212   -774.0469   -491.5212   -491.5212    774.2374    343.9029    343.9029     -0.0514    343.9029    343.9029     -0.0514     42.3200     42.3200   -698.2461     42.3200     42.3200    698.4009     49.1967     49.1967   -987.7134     49.1967     49.1967    987.7970
   -397.6844      5.8619    -69.2270   -397.6844      5.8619     69.3392   -522.2180   -452.0493   -500.5754   -522.2180   -452.0493    500.8070    751.2048    496.3119   -298.6277    751.2048    496.3119    298.6816    581.9080   -473.2359   -683.8854    581.9080   -473.2359    683.8683    121.5990    533.7020    -60.8471    121.5990    533.7020     60.5841   -138.8116     93.7300   -742.4955   -138.8116     93.7300    742.4192
   -294.4354   -149.6720   -149.6720   -294.4354   -149.6720   -149.6720   -294.4354    149.9386    149.9386   -294.4354    149.9386    149.9386    593.1231   -339.3786   -339.3786    593.1231   -339.3786   -339.3786    593.1231    339.2145    339.2145    593.1231    339.2145    339.2145     -1.5055   -212.1136   -212.1136     -1.5055   -212.1136   -212.1136     -1.5055    211.7486    211.7486     -1.5055    211.7486    211.7486
   -144.2777      0.1087    144.2777   -144.2777      0.1087    144.2777   -407.5354   -327.6194    407.5354   -407.5354    327.8891    407.5354    649.3178     -0.0587   -649.3178    649.3178     -0.0587   -649.3178    268.5524     -0.1556   -268.5524    268.5524     -0.1556   -268.5524     44.4852   -416.3075    -44.4852     44.4852    416.3654    -44.4852     32.4497   -706.1338    -32.4497     32.4497    705.7289    -32.4497
      5.8619    -69.2270    397.6844      5.8619     69.3392    397.6844   -452.0493   -500.5754    522.2180   -452.0493    500.8070    522.2180    496.3119   -298.6277   -751.2048    496.3119    298.6816   -751.2048   -473.2359   -683.8854   -581.9080   -473.2359    683.8683   -581.9080    533.7020    -60.8471   -121.5990    533.7020     60.5842   -121.5990     93.7300   -742.4955    138.8116     93.7300    742.4192    138.8116
     51.2290    -65.6248      0.6615     51.2290     65.7623      0.6615   -422.4110   -604.5163      0.4632   -422.4110    604.7017      0.4632    455.2855   -545.7630     -0.8395    455.2855    545.8235     -0.8395   -599.3441   -664.3508     -0.5092   -599.3441    664.4624     -0.5092    612.5017    -88.6419     -0.0556    612.5017     88.3932     -0.0556      8.6995   -811.6879      0.0689      8.6995    811.6066      0.0689
      5.8619    -69.2270   -397.6844      5.8619     69.3392   -397.6844   -452.0493   -500.5754   -522.2180   -452.0493    500.8070   -522.2180    496.3119   -298.6277    751.2048    496.3119    298.6816    751.2048   -473.2359   -683.8854    581.9080   -473.2359    683.8683    581.9080    533.7020    -60.8471    121.5990    533.7020     60.5842    121.5990     93.7300   -742.4955   -138.8116     93.7300    742.4192   -138.8116
   -144.2777      0.1087   -144.2777   -144.2777      0.1087   -144.2777   -407.5354   -327.6194   -407.5354   -407.5354    327.8891   -407.5354    649.3178     -0.0587    649.3178    649.3178     -0.0587    649.3178    268.5524     -0.1556    268.5524    268.5524     -0.1556    268.5524     44.4852   -416.3075     44.4852     44.4852    416.3654     44.4852     32.4497   -706.1338     32.4497     32.4497    705.7289     32.4497
   -144.2777    144.2777      0.1087   -144.2777    144.2777      0.1087   -407.5354    407.5354   -327.6194   -407.5354    407.5354    327.8891    649.3178   -649.3178     -0.0587    649.3178   -649.3178     -0.0587    268.5524   -268.5524     -0.1556    268.5524   -268.5524     -0.1556     44.4852    -44.4852   -416.3075     44.4852    -44.4852    416.3654     32.4497    -32.4497   -706.1338     32.4497    -32.4497    705.7289
      5.8619    397.6844    -69.2270      5.8619    397.6844     69.3392   -452.0493    522.2180   -500.5754   -452.0493    522.2180    500.8070    496.3119   -751.2048   -298.6277    496.3119   -751.2048    298.6816   -473.2359   -581.9080   -683.8854   -473.2359   -581.9080    683.8683    533.7020   -121.5990    -60.8471    533.7020   -121.5990     60.5842     93.7300    138.8116   -742.4955     93.7300    138.8116    742.4192
     51.2290      0.6615    -65.6248     51.2290      0.6615     65.7623   -422.4110      0.4632   -604.5163   -422.4110      0.4632    604.7017    455.2855     -0.8395   -545.7630    455.2855     -0.8395    545.8235   -599.3441     -0.5092   -664.3508   -599.3441     -0.5092    664.4624    612.5017     -0.0556    -88.6419    612.5017     -0.0556     88.3932      8.6995      0.0689   -811.6879      8.6995      0.0689    811.6066
      5.8619   -397.6844    -69.2270      5.8619   -397.6844     69.3392   -452.0493   -522.2180   -500.5754   -452.0493   -522.2180    500.8070    496.3119    751.2048   -298.6277    496.3119    751.2048    298.6816   -473.2359    581.9080   -683.8854   -473.2359    581.9080    683.8683    533.7020    121.5990    -60.8471    533.7020    121.5990     60.5842     93.7300   -138.8116   -742.4955     93.7300   -138.8116    742.4192
   -144.2777   -144.2777      0.1087   -144.2777   -144.2777      0.1087   -407.5354   -407.5354   -327.6194   -407.5354   -407.5354    327.8891    649.3178    649.3178     -0.0587    649.3178    649.3178     -0.0587    268.5524    268.5524     -0.1556    268.5524    268.5524     -0.1556     44.4852     44.4852   -416.3075     44.4852     44.4852    416.3654     32.4497     32.4497   -706.1338     32.4497     32.4497    705.7289
