0
0
0
2.4542
2.4542
2.4542
2.4545
2.4545
2.4545
2.4545
2.4545
2.4545
2.4548
2.4548
2.4548
2.8031
2.8031
2.8031
2.8031
2.8031
2.8031
2.8038
2.8038
2.8038
2.8038
2.8038
2.8038
3.6738
3.6738
3.6738
3.6738
3.6738
3.6738
3.6738
3.6738
3.6739
3.6739
3.6739
3.6739
3.6739
3.6739
3.6739
3.6739
3.6995
3.6995
3.6995
3.7003
3.7003
3.7003
3.9667
3.9667
3.9667
3.9673
3.9673
3.9673
3.9673
3.9673
3.9673
3.9679
3.9679
3.9679
4.6339
4.6339
4.6339
4.6339
4.6339
4.6339
4.6339
4.6339
4.6339
4.6339
4.6339
4.6339
4.6339
4.6339
4.6339
4.6339
4.6339
4.6339
4.6339
4.6339
4.6339
4.6339
4.6339
4.6339
4.8942
4.8942
4.8942
4.8947
4.8947
4.8947
4.8947
4.8947
4.8947
4.8952
4.8952
4.8952
5.0364
5.0364
5.0364
5.0366
5.0366
5.0366
5.0367
5.0367
5.0367
5.0367
5.0367
5.0367
5.0369
5.0369
5.0369
5.0369
5.0369
5.0369
5.037
5.037
5.037
5.0372
5.0372
5.0372
5.5047
5.5047
5.5047
5.505
5.505
5.505
5.505
5.505
5.505
5.5053
5.5053
5.5053
5.5057
5.5057
5.5057
5.506
5.506
5.506
5.506
5.506
5.506
5.5063
5.5063
5.5063
5.5323
5.5323
5.5323
5.5323
5.5323
5.5323
5.5333
5.5333
5.5333
5.5333
5.5333
5.5333
5.9263
5.9263
5.9263
5.9268
5.9268
5.9268
5.9268
5.9268
5.9268
5.9269
5.9269
5.9269
5.9273
5.9273
5.9273
5.9275
5.9275
5.9275
5.9275
5.9275
5.9275
5.928
5.928
5.928
6.0339
6.0339
6.0339
6.034
6.034
6.034
6.034
6.034
6.034
6.0341
6.0341
6.0341
6.2086
6.2086
6.2086
6.2086
6.2086
6.2086
6.209
6.209
6.209
6.209
6.209
6.209
6.2095
6.2095
6.2095
6.2095
6.2095
6.2095
6.2099
6.2099
6.2099
6.2099
6.2099
6.2099
6.7112
6.7112
6.7112
6.7112
6.7112
6.7112
6.7115
6.7115
6.7115
6.7115
6.7115
6.7115
6.7117
6.7117
6.7117
6.7117
6.7117
6.7117
6.712
6.712
6.712
6.712
6.712
6.712
6.9787
6.9787
6.9787
6.9787
6.9787
6.9787
6.9787
6.9787
6.9787
6.9787
6.9787
6.9788
6.9788
6.9788
6.9788
6.9788
7.1028
7.1028
7.1028
7.1028
7.1028
7.1028
7.103
7.103
7.103
7.103
7.103
7.103
7.1032
7.1032
7.1032
7.1032
7.1032
7.1032
7.1034
7.1034
7.1034
7.1034
7.1034
7.1034
7.1041
7.1041
7.1041
7.1041
7.1041
7.1041
7.1043
7.1043
7.1043
7.1043
7.1043
7.1043
7.1045
7.1045
7.1045
7.1045
7.1045
7.1045
7.1047
7.1047
7.1047
7.1047
7.1047
7.1047
7.2778
7.2778
7.2778
7.2783
7.2783
7.2783
7.2783
7.2783
7.2783
7.2787
7.2787
7.2787
7.2789
7.2789
7.2789
7.2793
7.2793
7.2793
7.2793
7.2793
7.2793
7.2798
7.2798
7.2798
7.2973
7.2973
7.2973
7.2981
7.2981
7.2981
7.2981
7.2981
7.2981
7.299
7.299
7.299
7.3302
7.3302
7.3302
7.3302
7.3302
7.3302
7.3307
7.3307
7.3307
7.3307
7.3307
7.3307
7.3308
7.3308
7.3308
7.3308
7.3308
7.3308
7.3313
7.3313
7.3313
7.3313
7.3313
7.3313
7.3726
7.3726
7.3726
7.3738
7.3738
7.3738
7.4615
7.4615
7.4615
7.4615
7.4615
7.4615
7.4617
7.4617
7.4617
7.4617
7.4617
7.4617
7.4617
7.4617
7.4617
7.4617
7.4617
7.4617
7.4618
7.4618
7.4618
7.4618
7.4618
7.4618
7.606
7.606
7.606
7.6067
7.6067
7.6067
7.6067
7.6067
7.6067
7.6074
7.6074
7.6074
7.6079
7.6079
7.6079
7.6086
7.6086
7.6086
7.6087
7.6087
7.6087
7.6094
7.6094
7.6094
7.7002
7.7003
7.7003
7.7003
7.7003
7.7003
7.7003
7.7003
7.8451
7.8451
7.8451
7.8458
7.8458
7.8458
7.8458
7.8458
7.8458
7.8466
7.8466
7.8466
7.929
7.929
7.929
7.9293
7.9293
7.9293
7.9293
7.9293
7.9293
7.9295
7.9295
7.9295
7.9296
7.9296
7.9296
7.9298
7.9298
7.9298
7.9298
7.9298
7.9298
7.9301
7.9301
7.9301
8.1168
8.1168
8.1168
8.1168
8.1168
8.1168
8.1185
8.1185
8.1185
8.1185
8.1185
8.1185
8.2857
8.2857
8.2857
8.2867
8.2867
8.2867
8.2867
8.2867
8.2867
8.2872
8.2872
8.2872
8.2876
8.2876
8.2876
8.2881
8.2881
8.2881
8.2881
8.2881
8.2881
8.289
8.289
8.289
8.4394
8.4394
8.4394
8.4398
8.4398
8.4398
8.4398
8.4398
8.4398
8.4401
8.4401
8.4401
8.4401
8.4401
8.4401
8.4405
8.4405
8.4405
8.4405
8.4405
8.4405
8.4409
8.4409
8.4409
8.5979
8.5979
8.5979
8.5979
8.5979
8.5979
8.5983
8.5983
8.5983
8.5983
8.5983
8.5983
8.5995
8.5995
8.5995
8.5995
8.5995
8.5995
8.6
8.6
8.6
8.6
8.6
8.6
8.7871
8.7871
8.7871
8.7875
8.7875
8.7875
8.7875
8.7875
8.7875
8.7879
8.7879
8.7879
8.788
8.788
8.788
8.7884
8.7884
8.7884
8.7884
8.7884
8.7884
8.7887
8.7887
8.7887
8.9005
8.9005
8.9005
8.9005
8.9005
8.9005
8.9012
8.9012
8.9012
8.9012
8.9012
8.9012
8.9017
8.9017
8.9017
8.9017
8.9017
8.9017
8.9025
8.9025
8.9025
8.9025
8.9025
8.9025
9.0786
9.0786
9.0786
9.0786
9.0786
9.0786
9.079
9.079
9.079
9.079
9.079
9.079
9.0791
9.0791
9.0791
9.0791
9.0791
9.0791
9.0795
9.0795
9.0795
9.0795
9.0795
9.0795
9.0815
9.0815
9.0815
9.0815
9.0815
9.0815
9.0816
9.0816
9.0816
9.0816
9.0816
9.0816
9.0817
9.0817
9.0817
9.0817
9.0817
9.0817
9.0817
9.0817
9.0817
9.0817
9.0817
9.0817
9.1061
9.1061
9.1061
9.1061
9.1061
9.1061
9.1067
9.1067
9.1067
9.1067
9.1067
9.1067
9.1072
9.1072
9.1072
9.1072
9.1072
9.1072
9.1079
9.1079
9.1079
9.1079
9.1079
9.1079
9.1082
9.1082
9.1082
9.1082
9.1082
9.1082
9.1089
9.1089
9.1089
9.1089
9.1089
9.1089
9.1094
9.1094
9.1094
9.1094
9.1094
9.1094
9.11
9.11
9.11
9.11
9.11
9.11
9.2704
9.2704
9.2704
9.2704
9.2704
9.2704
9.2709
9.2709
9.2709
9.2709
9.2709
9.2709
9.2716
9.2716
9.2716
9.2716
9.2716
9.2716
9.272
9.272
9.272
9.272
9.272
9.272
9.272
9.272
9.272
9.272
9.272
9.272
9.2724
9.2724
9.2724
9.2724
9.2724
9.2724
9.2731
9.2731
9.2731
9.2731
9.2731
9.2731
9.2736
9.2736
9.2736
9.2736
9.2736
9.2736
9.3535
9.3535
9.3535
9.3535
9.3535
9.3535
9.3536
9.3536
9.3536
9.3536
9.3536
9.3536
9.3536
9.3536
9.3536
9.3536
9.3536
9.3536
9.3537
9.3537
9.3537
9.3537
9.3537
9.3537
9.3548
9.3548
9.3548
9.3548
9.3548
9.3548
9.3549
9.3549
9.3549
9.3549
9.3549
9.3549
9.3549
9.3549
9.3549
9.3549
9.3549
9.3549
9.355
9.355
9.355
9.355
9.355
9.355
9.5893
9.5893
9.5893
9.5893
9.5893
9.5894
9.5894
9.5894
9.5894
9.5894
9.5894
9.5895
9.5895
9.5895
9.5895
9.5895
9.624
9.624
9.624
9.6258
9.6258
9.6258
9.6258
9.6258
9.6258
9.6275
9.6275
9.6276
9.6743
9.6743
9.6743
9.6743
9.6743
9.6743
9.6746
9.6747
9.6747
9.6747
9.6747
9.6747
9.6752
9.6752
9.6752
9.6752
9.6752
9.6752
9.6753
9.6753
9.6753
9.6753
9.6753
9.6753
9.6755
9.6755
9.6755
9.6755
9.6755
9.6755
9.6756
9.6756
9.6756
9.6756
9.6756
9.6756
9.6762
9.6762
9.6762
9.6762
9.6762
9.6762
9.6765
9.6765
9.6765
9.6765
9.6765
9.6765
9.7485
9.7485
9.7485
9.7501
9.7501
9.7501
9.7501
9.7501
9.7501
9.7511
9.7511
9.7511
9.7517
9.7517
9.7517
9.7528
9.7528
9.7528
9.7528
9.7528
9.7528
9.7544
9.7544
9.7544
9.8604
9.8604
9.8604
9.8604
9.8604
9.8604
9.8611
9.8611
9.8611
9.8611
9.8611
9.8611
9.8619
9.8619
9.8619
9.8619
9.8619
9.8619
9.8625
9.8625
9.8625
9.8625
9.8625
9.8625
9.8657
9.8657
9.8657
9.8661
9.8661
9.8661
9.8661
9.8661
9.8661
9.8666
9.8666
9.8666
9.8667
9.8667
9.8667
9.8671
9.8671
9.8671
9.8671
9.8671
9.8671
9.8675
9.8675
9.8675
9.9015
9.9015
9.9015
9.902
9.902
9.902
9.902
9.902
9.902
9.9022
9.9022
9.9022
9.9026
9.9026
9.9026
9.9027
9.9027
9.9027
9.9027
9.9027
9.9027
9.9033
9.9033
9.9033
9.9076
9.9076
9.9076
9.9076
9.9076
9.9076
9.909
9.909
9.909
9.909
9.909
9.909
9.9094
9.9094
9.9094
9.9094
9.9094
9.9094
9.9108
9.9108
9.9108
9.9108
9.9108
9.9108
10.049
10.049
10.049
10.049
10.049
10.049
10.049
10.049
10.049
10.049
10.049
10.049
10.05
10.05
10.05
10.05
10.05
10.05
10.05
10.05
10.05
10.05
10.05
10.05
10.104
10.104
10.104
10.106
10.106
10.106
10.106
10.106
10.106
10.106
10.106
10.106
10.107
10.107
10.107
10.107
10.107
10.107
10.107
10.107
10.107
10.108
10.108
10.108
10.35
10.35
10.35
10.351
10.351
10.351
10.351
10.351
10.351
10.351
10.351
10.351
10.351
10.351
10.351
10.351
10.351
10.351
10.351
10.351
10.351
10.352
10.352
10.352
10.4
10.4
10.4
10.4
10.4
10.4
10.4
10.4
10.4
10.4
10.4
10.4
10.4
10.4
10.4
10.4
10.4
10.4
10.4
10.4
10.4
10.4
10.4
10.4
10.492
10.492
10.492
10.492
10.492
10.492
10.495
10.495
10.495
10.495
10.495
10.495
10.52
10.52
10.52
10.521
10.521
10.521
10.521
10.521
10.521
10.523
10.523
10.523
10.523
10.523
10.523
10.525
10.525
10.525
10.525
10.525
10.525
10.526
10.526
10.526
10.628
10.628
10.628
10.628
10.628
10.628
10.628
10.628
10.628
10.629
10.629
10.629
10.63
10.63
10.63
10.631
10.631
10.631
10.631
10.631
10.631
10.631
10.631
10.631
10.632
10.632
10.632
10.632
10.632
10.632
10.632
10.632
10.632
10.633
10.633
10.633
10.633
10.633
10.633
10.633
10.633
10.633
10.633
10.633
10.633
10.634
10.634
10.634
10.859
10.859
10.859
10.859
10.859
10.859
10.859
10.859
10.859
10.86
10.86
10.86
10.86
10.86
10.86
10.86
10.86
10.86
10.86
10.86
10.86
10.861
10.861
10.861
10.875
10.875
10.875
10.875
10.875
10.875
10.875
10.875
10.875
10.875
10.875
10.875
10.878
10.878
10.878
10.878
10.878
10.878
10.879
10.879
10.879
10.879
10.879
10.879
10.899
10.899
10.899
10.9
10.9
10.9
10.9
10.9
10.9
10.901
10.901
10.901
10.901
10.901
10.901
10.902
10.902
10.902
10.902
10.902
10.902
10.903
10.903
10.903
10.958
10.958
10.958
10.958
10.958
10.958
10.958
10.958
10.958
10.958
10.958
10.958
10.958
10.958
10.958
10.958
10.958
10.958
10.958
10.958
10.958
10.958
10.958
10.958
10.972
10.972
10.972
10.974
10.974
10.974
11.056
11.056
11.056
11.056
11.056
11.056
11.056
11.056
11.056
11.056
11.056
11.056
11.057
11.057
11.057
11.057
11.057
11.057
11.058
11.058
11.058
11.058
11.058
11.058
11.092
11.092
11.092
11.092
11.092
11.092
11.092
11.092
11.092
11.092
11.092
11.092
11.092
11.092
11.092
11.092
11.092
11.092
11.092
11.092
11.092
11.092
11.092
11.092
11.093
11.093
11.093
11.094
11.094
11.094
11.094
11.094
11.094
11.094
11.094
11.094
11.094
11.094
11.094
11.094
11.094
11.094
11.094
11.094
11.094
11.094
11.094
11.094
11.114
11.114
11.114
11.114
11.114
11.114
11.115
11.115
11.115
11.115
11.115
11.115
11.116
11.116
11.116
11.116
11.116
11.116
11.116
11.116
11.116
11.116
11.116
11.116
11.117
11.117
11.117
11.117
11.117
11.117
11.117
11.117
11.117
11.117
11.117
11.117
11.119
11.119
11.119
11.119
11.119
11.119
11.119
11.119
11.119
11.119
11.119
11.119
11.258
11.258
11.258
11.258
11.258
11.258
11.258
11.258
11.258
11.258
11.258
11.258
11.258
11.258
11.258
11.258
11.288
11.288
11.288
11.288
11.288
11.288
11.288
11.288
11.288
11.288
11.288
11.288
11.289
11.289
11.289
11.289
11.289
11.289
11.289
11.289
11.289
11.289
11.289
11.289
11.289
11.289
11.289
11.289
11.289
11.289
11.29
11.29
11.29
11.29
11.29
11.29
11.29
11.29
11.29
11.29
11.29
11.29
11.291
11.291
11.291
11.291
11.291
11.291
11.331
11.331
11.331
11.331
11.331
11.331
11.331
11.331
11.331
11.331
11.331
11.331
11.333
11.333
11.333
11.333
11.333
11.333
11.333
11.333
11.333
11.333
11.333
11.333
11.333
11.333
11.333
11.333
11.333
11.333
11.334
11.334
11.334
11.334
11.334
11.334
11.335
11.335
11.335
11.335
11.335
11.335
11.336
11.336
11.336
11.336
11.336
11.336
11.455
11.455
11.455
11.455
11.455
11.455
11.455
11.455
11.455
11.455
11.455
11.455
11.456
11.456
11.456
11.456
11.456
11.456
11.456
11.456
11.456
11.456
11.456
11.456
11.476
11.476
11.476
11.476
11.476
11.476
11.476
11.476
11.476
11.476
11.476
11.476
11.476
11.476
11.476
11.476
11.476
11.476
11.477
11.477
11.477
11.477
11.477
11.477
11.477
11.477
11.477
11.477
11.477
11.477
11.477
11.477
11.477
11.477
11.477
11.477
11.477
11.477
11.477
11.477
11.477
11.477
11.477
11.477
11.477
11.477
11.477
11.477
11.496
11.496
11.496
11.496
11.496
11.496
11.497
11.497
11.497
11.497
11.497
11.497
11.497
11.497
11.497
11.497
11.497
11.497
11.498
11.498
11.498
11.498
11.498
11.498
11.498
11.498
11.498
11.498
11.498
11.498
11.498
11.498
11.498
11.498
11.498
11.498
11.499
11.499
11.499
11.499
11.499
11.499
11.499
11.499
11.499
11.499
11.499
11.499
11.55
11.55
11.55
11.551
11.551
11.551
11.551
11.551
11.551
11.553
11.553
11.553
11.554
11.554
11.554
11.554
11.554
11.554
11.554
11.554
11.554
11.554
11.554
11.554
11.555
11.555
11.555
11.555
11.555
11.555
11.555
11.555
11.555
11.555
11.555
11.555
11.555
11.555
11.555
11.555
11.555
11.555
11.556
11.556
11.556
11.556
11.556
11.556
11.556
11.556
11.556
11.556
11.556
11.556
11.556
11.556
11.556
11.556
11.556
11.556
11.647
11.647
11.647
11.647
11.647
11.647
11.647
11.647
11.647
11.648
11.648
11.648
11.65
11.65
11.65
11.651
11.651
11.651
11.651
11.651
11.651
11.651
11.651
11.651
11.651
11.651
11.651
11.651
11.651
11.651
11.651
11.651
11.651
11.652
11.652
11.652
11.671
11.671
11.671
11.671
11.671
11.671
11.672
11.672
11.672
11.672
11.672
11.672
11.672
11.672
11.672
11.672
11.672
11.672
11.672
11.672
11.672
11.672
11.672
11.672
11.672
11.672
11.672
11.672
11.672
11.672
11.673
11.673
11.673
11.673
11.673
11.673
11.673
11.673
11.673
11.673
11.673
11.673
11.673
11.673
11.673
11.673
11.673
11.673
11.813
11.813
11.813
11.814
11.814
11.814
11.814
11.814
11.814
11.814
11.814
11.814
11.817
11.817
11.817
11.817
11.817
11.817
11.817
11.817
11.817
11.817
11.817
11.817
11.818
11.818
11.818
11.818
11.818
11.818
11.818
11.818
11.818
11.818
11.818
11.818
11.82
11.82
11.82
11.82
11.82
11.82
11.821
11.821
11.821
11.821
11.821
11.821
11.821
11.821
11.821
11.822
11.822
11.822
11.822
11.822
11.822
11.822
11.822
11.822
11.824
11.824
11.824
11.824
11.824
11.824
11.824
11.824
11.825
11.825
11.825
11.825
11.825
11.825
11.825
11.826
11.826
11.826
11.827
11.827
11.827
11.827
11.827
11.828
11.828
11.828
11.829
11.829
11.829
11.829
11.829
11.829
11.829
11.829
11.829
11.829
11.831
11.831
11.831
11.832
11.832
11.832
11.832
11.832
11.834
11.834
11.834
11.834
11.835
11.835
11.838
11.838
11.838
11.839
11.839
11.839
11.881
11.881
11.881
11.882
11.882
11.882
11.882
11.882
11.882
11.882
11.882
11.882
11.882
11.882
11.882
11.882
11.882
11.882
11.883
11.883
11.883
11.883
11.883
11.883
11.907
11.907
11.907
11.908
11.908
11.908
11.908
11.908
11.908
11.908
11.908
11.908
11.909
11.909
11.909
11.909
11.909
11.909
11.909
11.909
11.909
11.909
11.909
11.909
11.915
11.915
11.915
11.915
11.915
11.915
11.916
11.916
11.916
11.916
11.916
11.916
11.918
11.918
11.918
11.918
11.918
11.918
11.919
11.919
11.919
11.919
11.919
11.919
12.021
12.021
12.021
12.022
12.022
12.022
12.022
12.022
12.022
12.022
12.022
12.022
12.022
12.022
12.022
12.022
12.022
12.022
12.023
12.023
12.023
12.023
12.023
12.023
12.106
12.106
12.106
12.107
12.107
12.107
12.107
12.107
12.107
12.107
12.107
12.107
12.108
12.108
12.108
12.108
12.108
12.108
12.108
12.108
12.108
12.108
12.108
12.108
12.179
12.179
12.179
12.179
12.179
12.179
12.18
12.18
12.18
12.18
12.18
12.18
12.181
12.181
12.181
12.181
12.181
12.181
12.181
12.181
12.181
12.181
12.181
12.181
12.206
12.206
12.206
12.206
12.206
12.206
12.207
12.207
12.207
12.207
12.207
12.207
12.208
12.208
12.208
12.208
12.208
12.208
12.209
12.209
12.209
12.209
12.209
12.209
12.225
12.225
12.225
12.226
12.226
12.226
12.226
12.226
12.226
12.226
12.226
12.226
12.226
12.226
12.226
12.226
12.226
12.226
12.226
12.226
12.226
12.226
12.226
12.226
12.28
12.28
12.28
12.28
12.28
12.28
12.28
12.28
12.28
12.28
12.28
12.28
12.28
12.28
12.28
12.28
12.28
12.28
12.281
12.281
12.281
12.281
12.281
12.281
12.333
12.333
12.333
12.333
12.333
12.333
12.333
12.333
12.333
12.333
12.333
12.333
12.334
12.334
12.334
12.334
12.334
12.334
12.334
12.334
12.334
12.334
12.334
12.334
12.345
12.345
12.345
12.346
12.346
12.346
12.346
12.346
12.346
12.346
12.346
12.346
12.347
12.347
12.347
12.347
12.347
12.347
12.347
12.347
12.347
12.348
12.348
12.348
12.464
12.464
12.464
12.465
12.465
12.465
12.465
12.465
12.465
12.465
12.465
12.465
12.465
12.465
12.465
12.465
12.465
12.465
12.466
12.466
12.466
12.466
12.466
12.466
12.519
12.519
12.519
12.52
12.52
12.52
12.521
12.521
12.521
12.522
12.522
12.522
12.522
12.522
12.522
12.523
12.523
12.523
12.524
12.524
12.524
12.525
12.525
12.525
12.532
12.532
12.532
12.533
12.533
12.533
12.534
12.534
12.534
12.534
12.534
12.534
12.535
12.535
12.535
12.535
12.535
12.535
12.535
12.535
12.535
12.536
12.536
12.536
12.604
12.604
12.604
12.604
12.604
12.604
12.605
12.605
12.605
12.605
12.605
12.605
12.636
12.636
12.636
12.636
12.636
12.636
12.636
12.636
12.636
12.636
12.636
12.636
12.637
12.637
12.637
12.637
12.637
12.637
12.637
12.637
12.637
12.637
12.637
12.637
12.638
12.638
12.638
12.638
12.638
12.638
12.638
12.638
12.638
12.638
12.638
12.638
12.638
12.638
12.638
12.638
12.638
12.638
12.639
12.639
12.639
12.639
12.639
12.639
12.694
12.694
12.694
12.694
12.694
12.694
12.695
12.695
12.695
12.695
12.695
12.695
12.696
12.696
12.696
12.696
12.696
12.696
12.696
12.696
12.696
12.696
12.696
12.696
12.697
12.697
12.697
12.697
12.697
12.697
12.697
12.697
12.697
12.697
12.697
12.697
12.699
12.699
12.699
12.699
12.699
12.699
12.7
12.7
12.7
12.7
12.7
12.7
12.733
12.733
12.733
12.733
12.733
12.733
12.733
12.733
12.733
12.733
12.733
12.733
12.733
12.733
12.733
12.733
12.733
12.733
12.733
12.733
12.733
12.733
12.733
12.733
12.754
12.754
12.754
12.754
12.754
12.754
12.754
12.754
12.754
12.754
12.754
12.754
12.754
12.754
12.754
12.754
12.754
12.754
12.755
12.755
12.755
12.755
12.755
12.755
12.756
12.756
12.756
12.756
12.756
12.756
12.756
12.756
12.756
12.756
12.756
12.756
12.756
12.756
12.756
12.756
12.756
12.756
12.757
12.757
12.757
12.757
12.757
12.757
12.799
12.799
12.799
12.799
12.799
12.799
12.8
12.8
12.8
12.8
12.8
12.8
12.8
12.8
12.8
12.8
12.8
12.8
12.8
12.8
12.8
12.8
12.8
12.8
12.8
12.8
12.8
12.8
12.8
12.8
12.801
12.801
12.801
12.801
12.801
12.801
12.801
12.801
12.801
12.801
12.801
12.801
12.801
12.801
12.801
12.801
12.801
12.801
12.809
12.809
12.809
12.809
12.809
12.809
12.809
12.809
12.809
12.809
12.809
12.809
12.81
12.81
12.81
12.81
12.81
12.81
12.81
12.81
12.81
12.81
12.81
12.81
12.81
12.81
12.81
12.811
12.811
12.811
12.811
12.811
12.811
12.811
12.811
12.811
12.811
12.811
12.811
12.811
12.811
12.811
12.811
12.811
12.811
12.811
12.811
12.811
12.82
12.82
12.82
12.82
12.82
12.82
12.821
12.821
12.821
12.821
12.821
12.821
12.821
12.821
12.821
12.821
12.821
12.821
12.822
12.822
12.822
12.822
12.822
12.822
12.823
12.823
12.823
12.823
12.823
12.823
12.823
12.823
12.823
12.824
12.824
12.824
12.824
12.824
12.824
12.824
12.824
12.824
12.824
12.824
12.824
12.824
12.824
12.824
12.825
12.825
12.825
12.825
12.825
12.825
12.825
12.825
12.825
12.826
12.826
12.826
12.826
12.826
12.826
12.826
12.826
12.826
12.827
12.827
12.827
12.827
12.827
12.827
12.827
12.827
12.827
12.827
12.827
12.827
12.828
12.828
12.828
12.828
12.828
12.828
12.829
12.829
12.829
12.829
12.829
12.829
12.829
12.829
12.829
12.83
12.83
12.83
12.876
12.876
12.876
12.876
12.876
12.876
12.876
12.876
12.876
12.876
12.876
12.876
12.877
12.877
12.877
12.877
12.877
12.877
12.878
12.878
12.878
12.878
12.878
12.878
12.878
12.878
12.878
12.878
12.878
12.878
12.878
12.878
12.878
12.878
12.878
12.878
12.879
12.879
12.879
12.879
12.879
12.879
12.88
12.88
12.88
12.88
12.88
12.88
12.931
12.931
12.931
12.931
12.931
12.931
12.931
12.931
12.931
12.931
12.931
12.931
12.932
12.932
12.932
12.932
12.932
12.932
12.932
12.932
12.932
12.932
12.932
12.932
13.02
13.02
13.02
13.02
13.02
13.02
13.021
13.021
13.021
13.021
13.021
13.021
13.022
13.022
13.022
13.022
13.022
13.022
13.022
13.022
13.022
13.022
13.022
13.022
13.024
13.024
13.024
13.024
13.024
13.024
13.024
13.024
13.024
13.024
13.024
13.024
13.025
13.025
13.025
13.025
13.025
13.025
13.026
13.026
13.026
13.026
13.026
13.026
13.046
13.046
13.046
13.047
13.047
13.047
13.047
13.047
13.047
13.047
13.047
13.047
13.047
13.047
13.047
13.047
13.047
13.047
13.048
13.048
13.048
13.048
13.048
13.048
13.048
13.048
13.048
13.049
13.049
13.049
13.049
13.049
13.049
13.049
13.049
13.049
13.05
13.05
13.05
13.05
13.05
13.05
13.05
13.05
13.05
13.052
13.052
13.052
13.071
13.071
13.071
13.071
13.071
13.071
13.071
13.071
13.071
13.071
13.071
13.071
13.073
13.073
13.073
13.073
13.073
13.073
13.073
13.073
13.073
13.073
13.073
13.073
13.106
13.106
13.106
13.106
13.106
13.106
13.107
13.107
13.107
13.107
13.107
13.107
13.107
13.107
13.107
13.107
13.107
13.107
13.107
13.107
13.107
13.107
13.107
13.107
13.108
13.108
13.108
13.108
13.108
13.108
13.108
13.108
13.108
13.108
13.108
13.108
13.109
13.109
13.109
13.109
13.109
13.109
13.109
13.109
13.109
13.109
13.109
13.109
13.182
13.182
13.182
13.182
13.182
13.182
13.183
13.183
13.183
13.183
13.183
13.183
13.183
13.183
13.183
13.183
13.183
13.183
13.183
13.183
13.183
13.183
13.183
13.183
13.192
13.192
13.192
13.192
13.192
13.192
13.192
13.192
13.192
13.192
13.192
13.192
13.192
13.192
13.192
13.192
13.192
13.192
13.193
13.193
13.193
13.193
13.193
13.193
13.193
13.193
13.193
13.193
13.193
13.193
13.193
13.193
13.193
13.193
13.193
13.193
13.193
13.193
13.193
13.193
13.193
13.193
13.194
13.194
13.194
13.194
13.194
13.194
13.222
13.222
13.222
13.222
13.222
13.222
13.222
13.222
13.222
13.222
13.222
13.222
13.223
13.223
13.223
13.223
13.223
13.223
13.223
13.223
13.223
13.223
13.223
13.223
13.23
13.23
13.23
13.232
13.232
13.232
13.232
13.232
13.232
13.233
13.233
13.233
13.234
13.234
13.234
13.235
13.235
13.235
13.235
13.235
13.235
13.236
13.236
13.236
13.253
13.253
13.253
13.253
13.253
13.253
13.253
13.253
13.253
13.253
13.253
13.253
13.254
13.254
13.254
13.254
13.254
13.254
13.254
13.254
13.254
13.254
13.254
13.254
13.255
13.255
13.255
13.255
13.255
13.255
13.255
13.255
13.255
13.255
13.255
13.255
13.256
13.256
13.256
13.256
13.256
13.256
13.256
13.256
13.256
13.256
13.256
13.256
13.309
13.309
13.309
13.309
13.309
13.309
13.31
13.31
13.31
13.31
13.31
13.31
13.31
13.31
13.31
13.31
13.31
13.31
13.31
13.31
13.31
13.31
13.31
13.31
13.312
13.312
13.312
13.312
13.312
13.312
13.312
13.312
13.312
13.312
13.312
13.312
13.312
13.312
13.312
13.312
13.312
13.312
13.313
13.313
13.313
13.313
13.313
13.313
13.371
13.371
13.371
13.371
13.371
13.371
13.371
13.372
13.372
13.372
13.372
13.372
13.373
13.373
13.373
13.373
13.373
13.373
13.373
13.373
13.373
13.373
13.374
13.374
13.374
13.374
13.374
13.374
13.374
13.374
13.375
13.375
13.375
13.375
13.375
13.375
13.375
13.375
13.376
13.376
13.376
13.376
13.377
13.377
13.377
13.377
13.377
13.378
13.448
13.448
13.448
13.45
13.45
13.45
13.45
13.45
13.45
13.45
13.45
13.45
13.452
13.452
13.452
13.452
13.452
13.452
13.452
13.452
13.452
13.455
13.455
13.455
13.49
13.49
13.49
13.49
13.49
13.49
13.49
13.49
13.49
13.49
13.49
13.49
13.49
13.49
13.49
13.49
13.49
13.49
13.491
13.491
13.491
13.491
13.491
13.491
13.584
13.584
13.584
13.584
13.584
13.584
13.585
13.585
13.585
13.585
13.585
13.585
13.586
13.586
13.586
13.586
13.586
13.586
13.587
13.587
13.587
13.587
13.587
13.587
13.667
13.667
13.667
13.667
13.667
13.667
13.668
13.668
13.668
13.668
13.668
13.668
13.669
13.669
13.669
13.669
13.669
13.669
13.669
13.669
13.669
13.669
13.669
13.669
13.691
13.691
13.691
13.691
13.691
13.691
13.691
13.691
13.691
13.691
13.691
13.691
13.693
13.693
13.693
13.693
13.693
13.693
13.693
13.693
13.693
13.693
13.693
13.693
13.693
13.693
13.693
13.693
13.693
13.693
13.694
13.694
13.694
13.694
13.694
13.694
13.695
13.695
13.695
13.695
13.695
13.695
13.695
13.695
13.695
13.695
13.695
13.695
13.699
13.699
13.699
13.701
13.701
13.701
13.701
13.701
13.701
13.703
13.703
13.703
13.704
13.704
13.704
13.705
13.705
13.705
13.705
13.705
13.705
13.707
13.707
13.707
13.712
13.712
13.712
13.712
13.712
13.712
13.713
13.713
13.713
13.713
13.713
13.713
13.714
13.714
13.714
13.714
13.714
13.714
13.714
13.714
13.714
13.714
13.714
13.714
13.715
13.715
13.715
13.715
13.715
13.715
13.715
13.715
13.715
13.715
13.715
13.715
13.716
13.716
13.716
13.716
13.716
13.716
13.717
13.717
13.717
13.717
13.717
13.717
13.786
13.786
13.786
13.789
13.789
13.789
13.789
13.789
13.789
13.792
13.792
13.792
13.834
13.834
13.834
13.834
13.834
13.834
13.835
13.835
13.835
13.835
13.835
13.835
13.835
13.835
13.835
13.835
13.835
13.835
13.836
13.836
13.836
13.836
13.836
13.836
13.843
13.843
13.843
13.844
13.844
13.844
13.844
13.844
13.844
13.845
13.845
13.845
13.847
13.847
13.847
13.848
13.848
13.848
13.848
13.848
13.848
13.849
13.849
13.849
14.096
14.096
14.096
14.096
14.096
14.096
14.096
14.096
14.096
14.096
14.096
14.096
14.096
14.096
14.096
14.096
14.096
14.096
14.096
14.096
14.096
14.096
14.096
14.096
14.097
14.097
14.097
14.097
14.097
14.097
14.097
14.097
14.097
14.097
14.097
14.097
14.097
14.097
14.097
14.097
14.097
14.097
14.097
14.097
14.097
14.097
14.097
14.097
14.149
14.149
14.149
14.149
14.149
14.149
14.152
14.152
14.152
14.152
14.152
14.152
14.153
14.153
14.153
14.153
14.153
14.153
14.156
14.156
14.156
14.156
14.156
14.156
14.167
14.167
14.167
14.169
14.169
14.169
14.169
14.169
14.169
14.17
14.17
14.17
14.17
14.17
14.17
14.171
14.171
14.171
14.172
14.172
14.172
14.173
14.173
14.173
14.193
14.193
14.193
14.194
14.194
14.194
14.194
14.194
14.194
14.194
14.194
14.194
14.194
14.194
14.194
14.195
14.195
14.195
14.195
14.195
14.195
14.196
14.196
14.196
14.214
14.214
14.214
14.214
14.214
14.214
14.215
14.215
14.215
14.215
14.215
14.215
14.215
14.215
14.215
14.215
14.215
14.215
14.215
14.215
14.215
14.215
14.215
14.215
14.215
14.215
14.215
14.216
14.216
14.216
14.216
14.216
14.216
14.216
14.216
14.216
14.216
14.216
14.216
14.216
14.216
14.216
14.217
14.217
14.217
14.217
14.217
14.217
14.248
14.248
14.248
14.251
14.251
14.251
14.251
14.251
14.251
14.251
14.251
14.251
14.253
14.253
14.253
14.253
14.253
14.253
14.253
14.253
14.253
14.253
14.253
14.253
14.255
14.255
14.255
14.255
14.255
14.255
14.255
14.255
14.255
14.257
14.257
14.257
14.258
14.258
14.258
14.26
14.26
14.26
14.26
14.26
14.26
14.262
14.262
14.262
14.267
14.267
14.267
14.267
14.267
14.267
14.268
14.268
14.268
14.268
14.268
14.268
14.268
14.268
14.268
14.268
14.268
14.268
14.268
14.268
14.268
14.268
14.268
14.268
14.274
14.274
14.274
14.274
14.274
14.274
14.275
14.275
14.275
14.275
14.275
14.275
14.276
14.276
14.276
14.276
14.276
14.276
14.276
14.276
14.276
14.276
14.276
14.276
14.276
14.276
14.276
14.276
14.276
14.276
14.276
14.276
14.276
14.276
14.276
14.276
14.277
14.277
14.277
14.277
14.277
14.277
14.278
14.278
14.278
14.278
14.278
14.278
14.302
14.302
14.302
14.302
14.302
14.302
14.302
14.302
14.302
14.302
14.302
14.302
14.302
14.302
14.302
14.302
14.302
14.302
14.302
14.302
14.302
14.302
14.302
14.302
14.302
14.302
14.302
14.302
14.302
14.302
14.302
14.302
14.302
14.302
14.302
14.302
14.303
14.303
14.303
14.303
14.303
14.303
14.303
14.303
14.303
14.303
14.303
14.303
14.332
14.332
14.332
14.332
14.332
14.332
14.333
14.333
14.333
14.333
14.333
14.333
14.334
14.334
14.334
14.334
14.334
14.334
14.334
14.334
14.334
14.334
14.334
14.334
14.335
14.335
14.335
14.335
14.335
14.335
14.335
14.335
14.335
14.335
14.335
14.335
14.336
14.336
14.336
14.336
14.336
14.336
14.337
14.337
14.337
14.337
14.337
14.337
14.4
14.4
14.4
14.4
14.4
14.4
14.405
14.405
14.405
14.405
14.405
14.405
14.419
14.419
14.419
14.423
14.423
14.423
14.441
14.441
14.441
14.441
14.441
14.441
14.442
14.442
14.442
14.442
14.442
14.442
14.442
14.442
14.442
14.442
14.442
14.442
14.442
14.442
14.442
14.442
14.442
14.442
14.444
14.444
14.444
14.444
14.444
14.444
14.445
14.445
14.445
14.445
14.445
14.445
14.445
14.445
14.445
14.445
14.445
14.445
14.445
14.445
14.445
14.445
14.445
14.445
14.478
14.478
14.478
14.478
14.478
14.478
14.478
14.478
14.478
14.478
14.478
14.478
14.479
14.479
14.479
14.479
14.479
14.479
14.479
14.479
14.479
14.479
14.479
14.479
14.48
14.48
14.48
14.48
14.48
14.48
14.481
14.481
14.481
14.481
14.481
14.481
14.481
14.481
14.481
14.481
14.481
14.481
14.482
14.482
14.482
14.482
14.482
14.482
14.508
14.508
14.508
14.508
14.508
14.508
14.508
14.508
14.508
14.508
14.508
14.508
14.508
14.508
14.508
14.508
14.508
14.508
14.508
14.508
14.508
14.508
14.508
14.508
14.51
14.51
14.51
14.51
14.51
14.51
14.51
14.51
14.51
14.51
14.51
14.51
14.51
14.51
14.51
14.51
14.51
14.51
14.51
14.51
14.51
14.51
14.51
14.51
14.551
14.551
14.551
14.552
14.552
14.552
14.552
14.552
14.552
14.554
14.554
14.554
14.554
14.554
14.554
14.556
14.556
14.556
14.556
14.556
14.556
14.556
14.556
14.556
14.556
14.556
14.556
14.556
14.556
14.556
14.556
14.556
14.556
14.557
14.557
14.557
14.557
14.557
14.557
14.557
14.557
14.557
14.557
14.557
14.557
14.557
14.557
14.557
14.601
14.601
14.601
14.601
14.601
14.601
14.602
14.602
14.602
14.602
14.602
14.602
14.602
14.602
14.602
14.602
14.602
14.602
14.602
14.602
14.602
14.602
14.602
14.602
14.611
14.611
14.611
14.611
14.611
14.611
14.611
14.611
14.611
14.611
14.611
14.611
14.611
14.611
14.611
14.611
14.611
14.611
14.611
14.611
14.611
14.611
14.611
14.611
14.612
14.612
14.612
14.612
14.612
14.612
14.613
14.613
14.613
14.613
14.613
14.613
14.613
14.613
14.613
14.613
14.613
14.613
14.614
14.614
14.614
14.614
14.614
14.614
14.614
14.614
14.614
14.615
14.615
14.615
14.615
14.615
14.615
14.616
14.616
14.616
14.616
14.616
14.616
14.616
14.616
14.616
14.617
14.617
14.617
14.617
14.617
14.617
14.692
14.692
14.692
14.692
14.692
14.692
14.693
14.693
14.693
14.693
14.693
14.693
14.697
14.697
14.697
14.697
14.697
14.697
14.698
14.698
14.698
14.698
14.698
14.698
14.713
14.713
14.713
14.713
14.713
14.713
14.715
14.715
14.715
14.715
14.715
14.715
14.716
14.716
14.716
14.716
14.716
14.716
14.717
14.717
14.717
14.717
14.717
14.717
14.717
14.717
14.717
14.717
14.717
14.717
14.718
14.718
14.718
14.718
14.718
14.718
14.72
14.72
14.72
14.72
14.72
14.72
14.721
14.721
14.721
14.721
14.721
14.721
14.75
14.75
14.75
14.75
14.75
14.75
14.75
14.75
14.75
14.75
14.75
14.75
14.751
14.751
14.751
14.751
14.751
14.751
14.751
14.751
14.751
14.751
14.751
14.751
14.751
14.751
14.751
14.751
14.751
14.751
14.752
14.752
14.752
14.752
14.752
14.752
14.752
14.752
14.752
14.752
14.752
14.752
14.753
14.753
14.753
14.753
14.753
14.753
14.798
14.798
14.798
14.798
14.798
14.798
14.798
14.798
14.843
14.843
14.843
14.843
14.843
14.843
14.844
14.844
14.844
14.844
14.844
14.844
14.844
14.844
14.844
14.844
14.844
14.844
14.845
14.845
14.845
14.845
14.845
14.845
14.845
14.845
14.845
14.845
14.845
14.845
14.845
14.845
14.845
14.846
14.846
14.846
14.846
14.846
14.846
14.846
14.846
14.846
14.847
14.847
14.847
14.847
14.847
14.847
14.847
14.847
14.847
14.847
14.847
14.847
14.847
14.847
14.847
14.847
14.847
14.847
14.847
14.847
14.847
14.847
14.847
14.847
14.848
14.848
14.848
14.848
14.848
14.848
14.868
14.868
14.868
14.869
14.869
14.869
14.869
14.869
14.869
14.87
14.87
14.87
14.871
14.871
14.871
14.872
14.872
14.872
14.872
14.872
14.872
14.874
14.874
14.874
14.909
14.909
14.909
14.909
14.909
14.909
14.909
14.909
14.909
14.909
14.909
14.909
14.91
14.91
14.91
14.91
14.91
14.91
14.911
14.911
14.911
14.911
14.911
14.911
15.001
15.001
15.001
15.003
15.003
15.003
15.003
15.003
15.003
15.006
15.006
15.006
15.033
15.033
15.033
15.033
15.033
15.033
15.033
15.033
15.033
15.033
15.033
15.033
15.034
15.034
15.034
15.034
15.034
15.034
15.034
15.034
15.034
15.034
15.034
15.034
15.034
15.034
15.034
15.034
15.034
15.034
15.034
15.034
15.034
15.034
15.034
15.034
15.035
15.035
15.035
15.035
15.035
15.035
15.035
15.035
15.035
15.035
15.035
15.035
15.065
15.065
15.065
15.066
15.066
15.066
15.066
15.066
15.066
15.068
15.068
15.068
15.068
15.068
15.068
15.069
15.069
15.069
15.069
15.069
15.069
15.071
15.071
15.071
15.129
15.129
15.129
15.129
15.129
15.129
15.13
15.13
15.13
15.13
15.13
15.13
15.13
15.13
15.13
15.13
15.13
15.13
15.131
15.131
15.131
15.131
15.131
15.131
15.131
15.131
15.131
15.131
15.131
15.131
15.132
15.132
15.132
15.132
15.132
15.132
15.132
15.132
15.132
15.132
15.132
15.132
15.133
15.133
15.133
15.133
15.133
15.133
15.149
15.149
15.149
15.149
15.149
15.149
15.149
15.149
15.149
15.149
15.149
15.149
15.151
15.151
15.151
15.151
15.151
15.151
15.152
15.152
15.152
15.152
15.152
15.152
15.152
15.152
15.152
15.152
15.152
15.152
15.152
15.152
15.152
15.152
15.152
15.152
15.155
15.155
15.155
15.155
15.155
15.155
15.155
15.155
15.155
15.155
15.155
15.155
15.183
15.183
15.183
15.183
15.183
15.183
15.183
15.183
15.183
15.183
15.183
15.183
15.183
15.183
15.183
15.183
15.183
15.183
15.183
15.183
15.183
15.183
15.183
15.183
15.183
15.183
15.183
15.183
15.183
15.183
15.184
15.184
15.184
15.184
15.184
15.184
15.184
15.184
15.184
15.184
15.184
15.184
15.184
15.184
15.184
15.184
15.184
15.184
15.217
15.217
15.217
15.217
15.217
15.217
15.218
15.218
15.218
15.218
15.218
15.218
15.22
15.22
15.22
15.22
15.22
15.22
15.221
15.221
15.221
15.221
15.221
15.221
15.238
15.238
15.238
15.238
15.238
15.238
15.238
15.238
15.238
15.238
15.238
15.238
15.239
15.239
15.239
15.239
15.239
15.239
15.24
15.24
15.24
15.24
15.24
15.24
15.24
15.24
15.24
15.241
15.241
15.241
15.241
15.241
15.241
15.241
15.241
15.241
15.242
15.242
15.242
15.242
15.242
15.242
15.242
15.242
15.242
15.243
15.243
15.243
15.298
15.298
15.298
15.298
15.298
15.298
15.298
15.298
15.298
15.298
15.298
15.298
15.299
15.299
15.299
15.299
15.299
15.299
15.299
15.299
15.299
15.3
15.3
15.3
15.3
15.3
15.3
15.3
15.3
15.3
15.3
15.3
15.3
15.301
15.301
15.301
15.301
15.301
15.301
15.301
15.301
15.301
15.301
15.301
15.301
15.302
15.302
15.302
15.302
15.302
15.302
15.302
15.302
15.302
15.303
15.303
15.303
15.303
15.303
15.303
15.304
15.304
15.304
15.305
15.305
15.305
15.305
15.305
15.305
15.307
15.307
15.307
15.334
15.334
15.334
15.334
15.334
15.334
15.336
15.336
15.336
15.336
15.336
15.336
15.337
15.337
15.337
15.337
15.337
15.337
15.338
15.338
15.338
15.338
15.338
15.338
15.372
15.372
15.372
15.374
15.374
15.374
15.374
15.374
15.374
15.374
15.374
15.374
15.375
15.375
15.375
15.375
15.375
15.375
15.375
15.375
15.375
15.377
15.377
15.377
15.447
15.447
15.447
15.448
15.448
15.448
15.448
15.448
15.448
15.448
15.448
15.448
15.448
15.448
15.448
15.449
15.449
15.449
15.449
15.449
15.449
15.45
15.45
15.45
15.45
15.45
15.45
15.45
15.45
15.45
15.45
15.45
15.45
15.451
15.451
15.451
15.509
15.509
15.509
15.509
15.509
15.509
15.51
15.51
15.51
15.51
15.51
15.51
15.514
15.514
15.514
15.514
15.514
15.514
15.514
15.514
15.514
15.514
15.514
15.514
15.542
15.542
15.542
15.542
15.542
15.542
15.542
15.542
15.542
15.543
15.543
15.543
15.543
15.543
15.543
15.543
15.543
15.543
15.544
15.544
15.544
15.544
15.544
15.544
15.544
15.544
15.544
15.544
15.544
15.544
15.545
15.545
15.545
15.545
15.545
15.545
15.546
15.546
15.546
15.546
15.546
15.546
15.547
15.547
15.547
15.547
15.547
15.547
15.643
15.643
15.643
15.645
15.645
15.645
15.645
15.645
15.645
15.646
15.646
15.646
15.647
15.647
15.647
15.648
15.648
15.648
15.648
15.648
15.648
15.65
15.65
15.65
15.699
15.699
15.699
15.699
15.699
15.699
15.702
15.702
15.702
15.702
15.702
15.702
15.702
15.702
15.702
15.702
15.702
15.702
15.705
15.705
15.705
15.705
15.705
15.705
15.779
15.779
15.779
15.779
15.779
15.779
15.779
15.779
15.779
15.779
15.779
15.779
15.779
15.779
15.779
15.779
15.779
15.779
15.779
15.779
15.779
15.779
15.779
15.779
15.781
15.781
15.781
15.781
15.781
15.781
15.781
15.781
15.781
15.781
15.781
15.781
15.781
15.781
15.781
15.781
15.781
15.781
15.782
15.782
15.782
15.782
15.782
15.782
15.807
15.807
15.807
15.807
15.807
15.807
15.808
15.808
15.808
15.808
15.808
15.808
15.808
15.808
15.808
15.809
15.809
15.809
15.809
15.809
15.809
15.809
15.809
15.809
15.809
15.809
15.809
15.81
15.81
15.81
15.81
15.81
15.81
15.81
15.81
15.81
15.81
15.81
15.81
15.81
15.81
15.81
15.811
15.811
15.811
15.811
15.811
15.811
15.828
15.828
15.828
15.828
15.828
15.828
15.828
15.828
15.828
15.828
15.828
15.828
15.83
15.83
15.83
15.83
15.83
15.83
15.831
15.831
15.831
15.831
15.831
15.831
15.831
15.831
15.831
15.831
15.831
15.831
15.831
15.831
15.831
15.831
15.831
15.831
15.833
15.833
15.833
15.833
15.833
15.833
15.833
15.833
15.833
15.833
15.833
15.833
15.837
15.837
15.837
15.837
15.837
15.837
15.837
15.837
15.837
15.837
15.837
15.837
15.839
15.839
15.839
15.839
15.839
15.839
15.839
15.839
15.839
15.839
15.839
15.839
15.84
15.84
15.84
15.84
15.84
15.84
15.841
15.841
15.841
15.841
15.841
15.841
15.842
15.842
15.842
15.842
15.842
15.842
15.843
15.843
15.843
15.843
15.843
15.843
15.844
15.844
15.844
15.844
15.844
15.844
15.848
15.848
15.848
15.848
15.848
15.848
15.893
15.893
15.893
15.893
15.893
15.893
15.894
15.894
15.894
15.894
15.894
15.894
15.895
15.895
15.895
15.895
15.895
15.895
15.895
15.895
15.895
15.895
15.895
15.895
15.895
15.895
15.895
15.895
15.895
15.895
15.896
15.896
15.896
15.896
15.896
15.896
15.896
15.896
15.896
15.896
15.896
15.896
15.897
15.897
15.897
15.897
15.897
15.897
15.967
15.967
15.967
15.968
15.968
15.968
15.969
15.969
15.969
15.97
15.97
15.97
15.97
15.97
15.97
15.971
15.971
15.971
15.972
15.972
15.972
15.973
15.973
15.973
15.984
15.984
15.984
15.985
15.985
15.985
15.985
15.985
15.985
15.986
15.986
15.986
15.986
15.986
15.986
15.987
15.987
15.987
15.987
15.987
15.987
15.988
15.988
15.988
15.997
15.997
15.997
15.997
15.997
15.997
15.997
15.997
15.997
15.997
15.997
15.997
15.997
15.997
15.997
15.997
15.997
15.997
15.997
15.997
15.997
15.997
15.997
15.997
16.035
16.035
16.035
16.035
16.035
16.035
16.035
16.035
16.035
16.035
16.035
16.035
16.037
16.037
16.037
16.037
16.037
16.037
16.037
16.037
16.037
16.038
16.038
16.038
16.09
16.09
16.09
16.09
16.09
16.09
16.091
16.091
16.091
16.091
16.091
16.091
16.092
16.092
16.092
16.092
16.092
16.092
16.093
16.093
16.093
16.093
16.093
16.093
16.094
16.094
16.094
16.094
16.094
16.094
16.095
16.095
16.095
16.095
16.095
16.095
16.096
16.096
16.096
16.096
16.096
16.096
16.097
16.097
16.097
16.097
16.097
16.097
16.115
16.115
16.115
16.115
16.115
16.115
16.116
16.116
16.116
16.116
16.116
16.116
16.118
16.118
16.118
16.118
16.118
16.118
16.119
16.119
16.119
16.119
16.119
16.119
16.127
16.127
16.127
16.127
16.127
16.127
16.127
16.127
16.127
16.127
16.127
16.127
16.128
16.128
16.128
16.128
16.128
16.128
16.128
16.128
16.128
16.128
16.128
16.128
16.129
16.129
16.129
16.129
16.129
16.129
16.129
16.129
16.129
16.129
16.129
16.129
16.129
16.129
16.129
16.129
16.129
16.129
16.129
16.129
16.129
16.129
16.129
16.129
16.13
16.13
16.13
16.13
16.13
16.13
16.13
16.13
16.13
16.13
16.13
16.13
16.13
16.13
16.13
16.13
16.13
16.13
16.13
16.13
16.13
16.13
16.13
16.13
16.154
16.154
16.154
16.154
16.154
16.154
16.155
16.155
16.155
16.155
16.155
16.155
16.157
16.157
16.157
16.157
16.157
16.157
16.158
16.158
16.158
16.158
16.158
16.158
16.158
16.158
16.158
16.158
16.158
16.158
16.158
16.158
16.158
16.158
16.158
16.158
16.161
16.161
16.161
16.161
16.161
16.161
16.161
16.161
16.161
16.161
16.161
16.161
16.2
16.2
16.2
16.2
16.2
16.2
16.2
16.2
16.2
16.2
16.2
16.2
16.2
16.2
16.2
16.2
16.2
16.2
16.201
16.201
16.201
16.201
16.201
16.201
16.231
16.231
16.231
16.232
16.232
16.232
16.232
16.232
16.232
16.233
16.233
16.233
16.234
16.234
16.234
16.235
16.235
16.235
16.235
16.235
16.235
16.236
16.236
16.236
16.263
16.263
16.263
16.263
16.263
16.263
16.263
16.263
16.263
16.264
16.264
16.264
16.264
16.264
16.264
16.264
16.264
16.264
16.264
16.264
16.264
16.264
16.264
16.264
16.266
16.266
16.266
16.266
16.266
16.266
16.266
16.266
16.266
16.266
16.266
16.266
16.266
16.266
16.266
16.266
16.266
16.266
16.266
16.266
16.266
16.267
16.267
16.267
16.275
16.275
16.275
16.275
16.275
16.275
16.276
16.276
16.276
16.276
16.276
16.276
16.277
16.277
16.277
16.277
16.277
16.277
16.278
16.278
16.278
16.278
16.278
16.278
16.367
16.367
16.367
16.368
16.368
16.368
16.369
16.369
16.369
16.369
16.369
16.369
16.369
16.369
16.369
16.369
16.369
16.369
16.371
16.371
16.371
16.371
16.371
16.371
16.403
16.403
16.403
16.403
16.403
16.403
16.404
16.404
16.404
16.404
16.404
16.404
16.405
16.405
16.405
16.405
16.405
16.405
16.406
16.406
16.406
16.406
16.406
16.406
16.406
16.406
16.406
16.407
16.407
16.407
16.407
16.407
16.407
16.408
16.408
16.408
16.408
16.408
16.408
16.408
16.408
16.408
16.409
16.409
16.409
16.409
16.409
16.409
16.422
16.422
16.422
16.422
16.422
16.422
16.422
16.422
16.422
16.423
16.423
16.423
16.508
16.508
16.508
16.508
16.508
16.508
16.508
16.509
16.509
16.509
16.509
16.509
16.509
16.509
16.509
16.509
16.509
16.51
16.51
16.51
16.51
16.51
16.51
16.51
16.519
16.519
16.519
16.521
16.521
16.521
16.521
16.521
16.521
16.522
16.522
16.522
16.524
16.524
16.524
16.525
16.525
16.525
16.525
16.525
16.525
16.527
16.527
16.527
16.617
16.617
16.617
16.617
16.617
16.617
16.617
16.617
16.617
16.617
16.617
16.617
16.619
16.619
16.619
16.619
16.619
16.619
16.62
16.62
16.62
16.62
16.62
16.62
16.628
16.628
16.628
16.628
16.628
16.628
16.63
16.63
16.63
16.63
16.63
16.63
16.63
16.63
16.63
16.63
16.63
16.63
16.632
16.632
16.632
16.632
16.632
16.632
16.661
16.661
16.661
16.663
16.663
16.663
16.663
16.663
16.663
16.664
16.664
16.664
16.665
16.665
16.665
16.666
16.666
16.666
16.666
16.666
16.666
16.667
16.667
16.667
16.667
16.667
16.667
16.667
16.667
16.667
16.667
16.667
16.667
16.668
16.668
16.668
16.668
16.668
16.668
16.668
16.668
16.668
16.668
16.668
16.668
16.668
16.668
16.668
16.668
16.668
16.668
16.668
16.668
16.668
16.669
16.669
16.669
16.669
16.669
16.669
16.67
16.67
16.67
16.67
16.67
16.67
16.67
16.67
16.67
16.67
16.67
16.67
16.699
16.699
16.699
16.699
16.699
16.699
16.7
16.7
16.7
16.7
16.7
16.7
16.703
16.703
16.703
16.703
16.703
16.703
16.704
16.704
16.704
16.704
16.704
16.704
16.708
16.708
16.708
16.709
16.709
16.709
16.709
16.709
16.709
16.711
16.711
16.711
16.747
16.747
16.747
16.747
16.747
16.747
16.749
16.749
16.749
16.749
16.749
16.749
16.749
16.749
16.749
16.749
16.749
16.749
16.751
16.751
16.751
16.751
16.751
16.751
16.767
16.767
16.767
16.768
16.768
16.768
16.768
16.768
16.768
16.768
16.768
16.768
16.768
16.768
16.768
16.768
16.768
16.768
16.768
16.768
16.768
16.768
16.768
16.768
16.783
16.783
16.783
16.784
16.784
16.784
16.785
16.785
16.785
16.785
16.785
16.785
16.786
16.786
16.786
16.786
16.786
16.786
16.787
16.787
16.787
16.787
16.787
16.787
16.787
16.787
16.787
16.787
16.787
16.787
16.788
16.788
16.788
16.788
16.788
16.788
16.788
16.788
16.788
16.788
16.788
16.788
16.789
16.789
16.789
16.789
16.789
16.789
16.789
16.789
16.789
16.789
16.789
16.789
16.79
16.79
16.79
16.79
16.79
16.79
16.79
16.79
16.79
16.79
16.79
16.79
16.79
16.79
16.79
16.791
16.791
16.791
16.792
16.792
16.792
16.792
16.792
16.792
16.792
16.792
16.792
16.792
16.792
16.792
16.794
16.794
16.794
16.794
16.794
16.794
16.794
16.794
16.794
16.794
16.794
16.794
16.794
16.794
16.794
16.794
16.794
16.794
16.795
16.795
16.795
16.795
16.795
16.795
16.797
16.797
16.797
16.797
16.797
16.797
16.797
16.797
16.797
16.797
16.797
16.797
16.825
16.825
16.825
16.825
16.825
16.825
16.828
16.828
16.828
16.828
16.828
16.828
16.829
16.829
16.829
16.829
16.829
16.829
16.832
16.832
16.832
16.832
16.832
16.832
16.877
16.877
16.877
16.877
16.877
16.877
16.877
16.877
16.877
16.877
16.877
16.877
16.88
16.88
16.88
16.88
16.88
16.88
16.88
16.88
16.88
16.88
16.88
16.88
16.891
16.891
16.891
16.892
16.892
16.892
16.892
16.892
16.892
16.892
16.892
16.892
16.893
16.893
16.893
16.893
16.893
16.893
16.894
16.894
16.894
16.895
16.895
16.895
16.895
16.895
16.895
16.896
16.896
16.896
16.896
16.896
16.896
16.896
16.896
16.896
16.897
16.897
16.897
16.898
16.898
16.898
16.898
16.898
16.898
16.898
16.898
16.898
16.901
16.901
16.901
16.901
16.901
16.901
16.904
16.904
16.904
16.904
16.904
16.904
16.99
16.99
16.99
16.99
16.99
16.99
16.99
16.99
16.99
16.99
16.99
16.99
16.99
16.99
16.99
16.99
16.99
16.99
16.99
16.99
16.99
16.99
16.99
16.99
17.026
17.026
17.026
17.026
17.026
17.026
17.026
17.026
17.026
17.026
17.026
17.026
17.026
17.026
17.026
17.026
17.026
17.026
17.026
17.026
17.026
17.026
17.026
17.026
17.026
17.026
17.026
17.026
17.026
17.026
17.027
17.027
17.027
17.027
17.027
17.027
17.027
17.027
17.027
17.027
17.027
17.027
17.027
17.027
17.027
17.027
17.027
17.027
17.057
17.057
17.057
17.057
17.057
17.057
17.058
17.058
17.058
17.059
17.059
17.059
17.059
17.059
17.059
17.059
17.059
17.059
17.06
17.06
17.06
17.061
17.061
17.061
17.061
17.061
17.061
17.062
17.062
17.062
17.063
17.063
17.063
17.063
17.063
17.063
17.063
17.063
17.063
17.064
17.064
17.064
17.065
17.065
17.065
17.065
17.065
17.065
17.09
17.09
17.09
17.09
17.09
17.09
17.091
17.091
17.091
17.091
17.091
17.091
17.092
17.092
17.092
17.092
17.092
17.092
17.092
17.092
17.092
17.092
17.092
17.092
17.106
17.106
17.106
17.106
17.106
17.106
17.107
17.107
17.107
17.107
17.107
17.107
17.108
17.108
17.108
17.108
17.108
17.108
17.108
17.108
17.108
17.108
17.108
17.108
17.146
17.146
17.146
17.146
17.146
17.146
17.147
17.147
17.147
17.147
17.147
17.147
17.148
17.148
17.148
17.148
17.148
17.148
17.149
17.149
17.149
17.149
17.149
17.149
17.159
17.159
17.159
17.159
17.159
17.159
17.159
17.159
17.159
17.159
17.159
17.159
17.161
17.161
17.161
17.162
17.162
17.162
17.162
17.162
17.162
17.162
17.162
17.162
17.183
17.183
17.183
17.183
17.183
17.183
17.184
17.184
17.184
17.184
17.184
17.184
17.185
17.185
17.185
17.185
17.185
17.185
17.186
17.186
17.186
17.186
17.186
17.186
17.21
17.21
17.21
17.21
17.21
17.21
17.21
17.21
17.21
17.211
17.211
17.211
17.213
17.213
17.213
17.213
17.213
17.213
17.214
17.214
17.214
17.214
17.214
17.214
17.249
17.249
17.249
17.249
17.249
17.249
17.249
17.249
17.249
17.249
17.249
17.249
17.249
17.249
17.249
17.25
17.25
17.25
17.25
17.25
17.25
17.25
17.25
17.25
17.277
17.277
17.277
17.277
17.277
17.277
17.278
17.278
17.278
17.278
17.278
17.278
17.279
17.279
17.279
17.279
17.279
17.279
17.28
17.28
17.28
17.28
17.28
17.28
17.282
17.282
17.282
17.284
17.284
17.284
17.284
17.284
17.284
17.286
17.287
17.287
17.287
17.287
17.287
17.289
17.289
17.289
17.289
17.289
17.289
17.291
17.291
17.291
17.298
17.298
17.298
17.298
17.298
17.298
17.3
17.3
17.3
17.3
17.3
17.3
17.301
17.301
17.301
17.301
17.301
17.301
17.303
17.303
17.303
17.303
17.303
17.303
17.326
17.326
17.326
17.326
17.326
17.326
17.328
17.328
17.328
17.328
17.328
17.328
17.329
17.329
17.329
17.329
17.329
17.329
17.329
17.329
17.329
17.329
17.329
17.329
17.331
17.331
17.331
17.331
17.331
17.331
17.331
17.331
17.331
17.331
17.331
17.331
17.332
17.332
17.332
17.333
17.333
17.333
17.334
17.334
17.334
17.334
17.334
17.334
17.419
17.419
17.419
17.419
17.419
17.419
17.421
17.421
17.421
17.421
17.421
17.421
17.423
17.423
17.423
17.423
17.423
17.423
17.425
17.425
17.425
17.425
17.425
17.425
17.455
17.455
17.455
17.457
17.457
17.457
17.457
17.457
17.457
17.457
17.457
17.457
17.458
17.458
17.458
17.459
17.459
17.459
17.459
17.459
17.459
17.461
17.461
17.461
17.462
17.462
17.462
17.462
17.462
17.462
17.462
17.462
17.462
17.462
17.462
17.462
17.463
17.463
17.463
17.463
17.463
17.463
17.463
17.463
17.463
17.463
17.463
17.463
17.463
17.463
17.463
17.463
17.463
17.463
17.463
17.463
17.463
17.463
17.463
17.463
17.464
17.464
17.464
17.464
17.464
17.464
17.464
17.464
17.464
17.464
17.464
17.464
17.493
17.493
17.493
17.496
17.496
17.496
17.496
17.496
17.496
17.498
17.498
17.498
17.509
17.509
17.509
17.509
17.509
17.509
17.513
17.513
17.513
17.513
17.513
17.513
17.513
17.513
17.513
17.513
17.513
17.513
17.517
17.517
17.517
17.517
17.517
17.517
17.533
17.533
17.533
17.533
17.533
17.533
17.534
17.534
17.534
17.534
17.534
17.534
17.534
17.534
17.534
17.534
17.534
17.534
17.534
17.534
17.534
17.535
17.535
17.535
17.535
17.535
17.535
17.535
17.535
17.535
17.535
17.535
17.535
17.535
17.535
17.535
17.535
17.535
17.535
17.535
17.535
17.535
17.535
17.535
17.535
17.535
17.535
17.535
17.536
17.536
17.536
17.536
17.536
17.536
17.536
17.536
17.536
17.536
17.536
17.536
17.537
17.537
17.537
17.537
17.537
17.537
17.538
17.538
17.538
17.539
17.539
17.539
17.544
17.544
17.544
17.544
17.544
17.544
17.545
17.545
17.545
17.545
17.545
17.545
17.549
17.549
17.549
17.549
17.549
17.549
17.565
17.565
17.565
17.565
17.565
17.565
17.568
17.568
17.568
17.569
17.569
17.569
17.612
17.612
17.612
17.613
17.613
17.613
17.619
17.619
17.619
17.62
17.62
17.62
17.622
17.622
17.622
17.623
17.623
17.623
17.675
17.675
17.675
17.675
17.675
17.675
17.676
17.676
17.676
17.676
17.676
17.676
17.677
17.677
17.677
17.677
17.677
17.677
17.678
17.678
17.678
17.678
17.678
17.678
17.678
17.678
17.678
17.678
17.678
17.678
17.679
17.679
17.679
17.679
17.679
17.679
17.68
17.68
17.68
17.68
17.68
17.68
17.681
17.681
17.681
17.681
17.681
17.681
17.686
17.686
17.686
17.688
17.688
17.688
17.689
17.689
17.689
17.69
17.69
17.69
17.74
17.74
17.74
17.74
17.74
17.74
17.744
17.744
17.744
17.745
17.745
17.745
17.763
17.763
17.763
17.764
17.764
17.764
17.795
17.795
17.795
17.795
17.795
17.795
17.796
17.796
17.796
17.796
17.796
17.796
17.799
17.799
17.799
17.799
17.799
17.799
17.8
17.8
17.8
17.8
17.8
17.8
17.886
17.886
17.886
17.886
17.886
17.886
17.886
17.886
17.886
17.886
17.886
17.886
17.888
17.888
17.888
17.888
17.888
17.888
17.889
17.889
17.889
17.889
17.889
17.889
17.943
17.943
17.943
17.943
17.943
17.943
17.943
17.943
17.943
17.943
17.943
17.943
17.944
17.944
17.944
17.944
17.944
17.944
17.944
17.944
17.944
17.944
17.944
17.944
17.944
17.944
17.944
17.944
17.944
17.944
17.944
17.944
17.944
17.944
17.944
17.944
17.945
17.945
17.945
17.945
17.945
17.945
17.945
17.945
17.945
17.945
17.945
17.945
17.995
17.995
17.995
17.995
17.995
17.995
17.996
17.996
17.996
17.996
17.996
17.996
17.998
17.998
17.998
17.998
17.998
17.998
17.999
17.999
17.999
17.999
17.999
17.999
18.011
18.011
18.011
18.012
18.012
18.012
18.012
18.012
18.012
18.012
18.012
18.012
18.082
18.082
18.082
18.082
18.082
18.082
18.084
18.084
18.084
18.084
18.084
18.084
18.084
18.084
18.084
18.084
18.084
18.084
18.085
18.085
18.085
18.085
18.085
18.085
18.086
18.086
18.086
18.086
18.086
18.086
18.086
18.086
18.086
18.086
18.086
18.086
18.087
18.087
18.087
18.087
18.087
18.087
18.088
18.088
18.088
18.088
18.088
18.088
18.097
18.097
18.097
18.097
18.097
18.097
18.098
18.098
18.098
18.098
18.098
18.098
18.099
18.099
18.099
18.1
18.1
18.1
18.1
18.1
18.1
18.1
18.1
18.1
18.101
18.101
18.101
18.101
18.101
18.101
18.101
18.101
18.101
18.101
18.101
18.101
18.102
18.102
18.102
18.103
18.103
18.103
18.103
18.103
18.103
18.103
18.103
18.103
18.118
18.118
18.118
18.118
18.118
18.118
18.118
18.118
18.118
18.119
18.119
18.119
18.197
18.197
18.197
18.199
18.199
18.199
18.2
18.2
18.2
18.201
18.202
18.202
18.202
18.202
18.203
18.204
18.204
18.204
18.204
18.204
18.205
18.206
18.206
18.206
18.38
18.38
18.38
18.38
18.38
18.38
18.381
18.381
18.381
18.381
18.381
18.381
18.381
18.381
18.381
18.381
18.381
18.381
18.381
18.381
18.381
18.381
18.381
18.381
18.382
18.382
18.382
18.382
18.382
18.382
18.382
18.382
18.382
18.382
18.382
18.382
18.382
18.382
18.382
18.382
18.382
18.382
18.383
18.383
18.383
18.383
18.383
18.383
18.449
18.449
18.449
18.449
18.449
18.449
18.449
18.449
18.449
18.45
18.45
18.45
18.45
18.45
18.45
18.451
18.451
18.451
18.451
18.451
18.451
18.451
18.451
18.451
18.451
18.451
18.451
18.451
18.451
18.451
18.451
18.451
18.451
18.453
18.453
18.453
18.503
18.503
18.503
18.503
18.503
18.503
18.504
18.504
18.504
18.504
18.504
18.504
18.507
18.507
18.507
18.507
18.507
18.507
18.508
18.508
18.508
18.508
18.508
18.508
18.508
18.509
18.509
18.509
18.509
18.509
18.509
18.509
18.509
18.509
18.51
18.51
18.51
18.51
18.51
18.51
18.51
18.51
18.51
18.51
18.51
18.51
18.511
18.511
18.511
18.511
18.511
18.511
18.511
18.511
18.511
18.511
18.511
18.511
18.511
18.511
18.513
18.513
18.513
18.513
18.513
18.513
18.513
18.513
18.513
18.513
18.513
18.513
18.513
18.513
18.513
18.513
18.513
18.513
18.514
18.514
18.514
18.514
18.514
18.514
18.516
18.516
18.516
18.516
18.516
18.516
18.516
18.516
18.516
18.516
18.516
18.516
18.585
18.585
18.585
18.585
18.585
18.585
18.586
18.586
18.586
18.586
18.586
18.586
18.587
18.587
18.587
18.587
18.587
18.587
18.588
18.588
18.588
18.589
18.589
18.589
18.693
18.693
18.693
18.693
18.693
18.693
18.695
18.695
18.695
18.695
18.695
18.695
18.695
18.695
18.695
18.695
18.695
18.695
18.697
18.697
18.697
18.697
18.697
18.697
18.697
18.697
18.697
18.697
18.697
18.697
18.698
18.698
18.698
18.698
18.698
18.698
18.698
18.698
18.698
18.698
18.698
18.698
18.7
18.7
18.7
18.7
18.7
18.7
18.714
18.714
18.714
18.714
18.714
18.714
18.714
18.714
18.714
18.714
18.714
18.714
18.714
18.714
18.714
18.714
18.714
18.714
18.714
18.714
18.714
18.714
18.714
18.714
18.715
18.715
18.715
18.715
18.715
18.715
18.715
18.715
18.715
18.715
18.715
18.715
18.9
18.9
18.9
18.9
18.9
18.9
18.9
18.9
18.9
18.9
18.9
18.9
18.9
18.9
18.9
18.9
18.9
18.9
18.9
18.9
18.9
18.9
18.9
18.9
18.907
18.907
18.907
18.907
18.907
18.907
18.907
18.907
18.907
18.907
18.907
18.907
18.907
18.907
18.907
18.907
18.907
18.907
18.907
18.907
18.907
18.907
18.907
18.907
18.907
18.907
18.907
18.907
18.907
18.907
18.907
18.907
18.908
18.908
18.908
18.908
18.908
18.908
18.908
18.908
18.908
18.908
18.908
18.908
18.908
18.908
18.908
18.908
18.931
18.931
18.931
18.931
18.931
18.931
18.932
18.932
18.932
18.932
18.932
18.932
18.933
18.933
18.933
18.934
18.934
18.934
18.934
18.934
18.934
18.934
18.934
18.934
18.935
18.935
18.935
18.935
18.935
18.935
18.935
18.935
18.935
18.936
18.936
18.936
18.937
18.937
18.937
18.937
18.937
18.937
18.938
18.938
18.938
18.938
18.938
18.938
18.958
18.958
18.958
18.958
18.958
18.958
18.959
18.959
18.959
18.959
18.959
18.959
18.96
18.96
18.96
18.96
18.96
18.96
18.961
18.961
18.961
18.961
18.961
18.961
18.962
18.962
18.962
18.962
18.962
18.962
18.963
18.963
18.963
18.963
18.963
18.963
18.964
18.964
18.964
18.964
18.964
18.964
18.964
18.964
18.964
18.964
18.964
18.964
18.965
18.965
18.965
18.965
18.965
18.965
18.965
18.965
18.965
18.965
18.965
18.965
18.966
18.966
18.966
18.966
18.966
18.966
18.967
18.967
18.967
18.967
18.967
18.967
19.051
19.051
19.051
19.051
19.051
19.051
19.051
19.051
19.051
19.051
19.051
19.051
19.051
19.051
19.051
19.051
19.051
19.051
19.051
19.051
19.051
19.051
19.051
19.051
19.122
19.122
19.122
19.122
19.122
19.122
19.123
19.123
19.123
19.123
19.123
19.123
19.123
19.123
19.123
19.123
19.123
19.123
19.123
19.123
19.123
19.123
19.123
19.123
19.182
19.182
19.182
19.182
19.182
19.182
19.183
19.183
19.183
19.183
19.183
19.183
19.183
19.183
19.183
19.183
19.183
19.183
19.183
19.183
19.183
19.183
19.183
19.183
19.183
19.183
19.183
19.183
19.183
19.183
19.183
19.183
19.183
19.183
19.183
19.183
19.184
19.184
19.184
19.184
19.184
19.184
19.184
19.184
19.184
19.184
19.184
19.184
19.191
19.191
19.191
19.191
19.191
19.191
19.191
19.191
19.191
19.191
19.191
19.191
19.191
19.191
19.191
19.191
19.191
19.191
19.191
19.191
19.191
19.191
19.191
19.191
19.193
19.193
19.193
19.193
19.193
19.193
19.193
19.193
19.193
19.193
19.193
19.193
19.193
19.193
19.193
19.193
19.193
19.193
19.193
19.193
19.193
19.193
19.193
19.193
19.219
19.219
19.219
19.219
19.219
19.219
19.22
19.22
19.22
19.22
19.22
19.22
19.221
19.221
19.221
19.221
19.221
19.221
19.222
19.222
19.222
19.222
19.222
19.222
19.296
19.296
19.296
19.296
19.296
19.296
19.296
19.296
19.296
19.296
19.296
19.296
19.296
19.296
19.296
19.296
19.296
19.296
19.296
19.296
19.296
19.296
19.296
19.296
19.307
19.307
19.307
19.307
19.307
19.307
19.309
19.309
19.309
19.309
19.309
19.309
19.31
19.31
19.31
19.31
19.31
19.31
19.312
19.312
19.312
19.312
19.312
19.312
19.496
19.496
19.496
19.496
19.496
19.496
19.497
19.497
19.497
19.497
19.497
19.497
19.5
19.5
19.5
19.5
19.5
19.5
19.501
19.501
19.501
19.501
19.501
19.501
19.551
19.551
19.551
19.551
19.551
19.551
19.552
19.552
19.552
19.552
19.552
19.552
19.555
19.555
19.555
19.555
19.555
19.555
19.557
19.557
19.557
19.557
19.557
19.557
19.568
19.568
19.568
19.57
19.57
19.57
19.57
19.57
19.57
19.57
19.57
19.57
19.572
19.572
19.572
19.573
19.573
19.573
19.573
19.573
19.573
19.575
19.575
19.575
19.664
19.664
19.664
19.664
19.664
19.664
19.664
19.664
19.664
19.665
19.665
19.665
19.665
19.665
19.665
19.665
19.665
19.665
19.665
19.665
19.665
19.666
19.666
19.666
19.666
19.666
19.666
19.666
19.666
19.666
19.666
19.666
19.666
19.666
19.666
19.666
19.667
19.667
19.667
19.667
19.667
19.667
19.667
19.667
19.667
19.668
19.668
19.668
19.668
19.668
19.668
19.668
19.668
19.668
19.668
19.668
19.668
19.669
19.669
19.669
19.669
19.669
19.669
19.669
19.669
19.669
19.669
19.669
19.669
19.669
19.669
19.669
19.678
19.678
19.678
19.678
19.678
19.678
19.679
19.679
19.679
19.679
19.679
19.679
19.679
19.679
19.679
19.679
19.679
19.679
19.68
19.68
19.68
19.68
19.68
19.68
19.68
19.68
19.68
19.68
19.68
19.68
19.68
19.68
19.68
19.68
19.68
19.68
19.68
19.68
19.68
19.68
19.68
19.68
19.681
19.681
19.681
19.681
19.681
19.681
19.754
19.754
19.754
19.754
19.754
19.754
19.755
19.755
19.755
19.755
19.755
19.755
19.86
19.86
19.86
19.86
19.86
19.86
19.861
19.861
19.861
19.861
19.861
19.861
19.863
19.863
19.863
19.863
19.863
19.863
19.863
19.863
19.863
19.863
19.863
19.863
19.864
19.864
19.864
19.864
19.864
19.864
19.864
19.864
19.864
19.864
19.864
19.864
19.867
19.867
19.867
19.867
19.867
19.867
19.868
19.868
19.868
19.868
19.868
19.868
19.897
19.897
19.897
19.897
19.897
19.897
19.899
19.899
19.899
19.899
19.899
19.899
19.899
19.899
19.899
19.899
19.899
19.899
19.9
19.9
19.9
19.9
19.9
19.9
19.9
19.9
19.9
19.9
19.9
19.9
19.902
19.902
19.902
19.902
19.902
19.902
19.902
19.902
19.902
19.902
19.902
19.902
19.903
19.903
19.903
19.903
19.903
19.903
19.976
19.976
19.976
19.977
19.977
19.977
19.977
19.977
19.977
19.978
19.978
19.978
20.076
20.076
20.076
20.078
20.078
20.078
20.078
20.078
20.078
20.079
20.079
20.079
20.191
20.191
20.191
20.191
20.191
20.191
20.192
20.192
20.192
20.192
20.192
20.192
20.194
20.194
20.194
20.194
20.194
20.194
20.196
20.196
20.196
20.196
20.196
20.196
20.224
20.224
20.224
20.224
20.224
20.224
20.227
20.227
20.227
20.227
20.227
20.227
20.227
20.227
20.227
20.227
20.227
20.227
20.229
20.229
20.229
20.229
20.229
20.229
20.257
20.257
20.257
20.257
20.257
20.257
20.257
20.257
20.257
20.257
20.257
20.257
20.257
20.257
20.257
20.257
20.257
20.257
20.258
20.258
20.258
20.258
20.258
20.258
20.365
20.365
20.365
20.365
20.365
20.365
20.366
20.366
20.366
20.366
20.366
20.366
20.366
20.366
20.366
20.367
20.367
20.367
20.367
20.367
20.367
20.367
20.367
20.367
20.368
20.368
20.368
20.368
20.368
20.368
20.368
20.368
20.368
20.368
20.368
20.368
20.369
20.369
20.369
20.369
20.369
20.369
20.369
20.369
20.369
20.369
20.369
20.369
20.376
20.376
20.376
20.376
20.376
20.376
20.377
20.377
20.377
20.377
20.377
20.377
20.378
20.378
20.378
20.378
20.378
20.378
20.378
20.378
20.378
20.378
20.378
20.378
20.379
20.379
20.379
20.379
20.379
20.379
20.379
20.379
20.379
20.379
20.379
20.379
20.379
20.379
20.379
20.379
20.379
20.379
20.38
20.38
20.38
20.38
20.38
20.38
20.424
20.424
20.424
20.43
20.43
20.43
20.616
20.616
20.616
20.616
20.616
20.616
20.616
20.616
20.618
20.618
20.618
20.618
20.618
20.618
20.618
20.618
20.618
20.618
20.618
20.618
20.618
20.618
20.618
20.618
20.625
20.625
20.625
20.625
20.625
20.625
20.625
20.625
20.648
20.648
20.648
20.648
20.648
20.648
20.648
20.648
20.648
20.648
20.648
20.648
20.648
20.648
20.648
20.648
20.648
20.648
20.648
20.648
20.648
20.648
20.648
20.648
20.648
20.648
20.648
20.648
20.648
20.648
20.648
20.648
20.648
20.648
20.648
20.648
20.648
20.648
20.648
20.648
20.648
20.648
20.648
20.648
20.648
20.648
20.648
20.648
20.648
20.648
20.648
20.648
20.648
20.648
20.648
20.648
20.648
20.648
20.648
20.648
20.649
20.649
20.649
20.649
20.649
20.649
20.649
20.649
20.649
20.649
20.649
20.649
20.65
20.65
20.65
20.65
20.65
20.65
20.65
20.65
20.65
20.65
20.65
20.65
20.65
20.65
20.65
20.65
20.65
20.65
20.651
20.651
20.651
20.651
20.651
20.651
20.651
20.651
20.651
20.651
20.651
20.651
20.652
20.652
20.652
20.652
20.652
20.652
20.655
20.655
20.655
20.655
20.655
20.655
20.658
20.658
20.658
20.658
20.658
20.658
20.659
20.659
20.659
20.659
20.659
20.659
20.659
20.659
20.659
20.659
20.659
20.659
20.661
20.661
20.661
20.661
20.661
20.661
20.662
20.662
20.662
20.662
20.662
20.662
20.686
20.686
20.686
20.687
20.687
20.687
20.687
20.687
20.687
20.687
20.687
20.687
20.687
20.687
20.687
20.688
20.688
20.688
20.688
20.688
20.688
20.688
20.688
20.688
20.79
20.79
20.79
20.79
20.79
20.79
20.792
20.792
20.792
20.792
20.792
20.792
20.794
20.794
20.794
20.794
20.794
20.794
20.796
20.796
20.796
20.796
20.796
20.796
20.806
20.806
20.806
20.81
20.81
20.81
20.81
20.81
20.81
20.812
20.812
20.812
20.812
20.812
20.812
20.812
20.812
20.812
20.812
20.812
20.812
20.813
20.813
20.813
20.813
20.813
20.813
20.813
20.813
20.813
20.813
20.813
20.813
20.813
20.813
20.813
20.813
20.813
20.813
20.813
20.813
20.813
20.813
20.813
20.813
20.813
20.813
20.813
20.813
20.813
20.813
20.813
20.813
20.813
20.813
20.813
20.813
20.813
20.813
20.813
20.857
20.857
20.857
20.857
20.857
20.857
20.858
20.858
20.858
20.858
20.858
20.858
20.858
20.858
20.858
20.859
20.859
20.859
20.859
20.859
20.859
20.859
20.859
20.859
20.859
20.859
20.859
20.859
20.859
20.859
20.859
20.859
20.859
20.859
20.859
20.859
20.86
20.86
20.86
20.86
20.86
20.86
20.86
20.86
20.86
20.86
20.86
20.86
20.861
20.861
20.861
20.861
20.861
20.861
20.862
20.862
20.862
20.862
20.862
20.862
20.863
20.863
20.863
20.863
20.863
20.863
20.864
20.864
20.864
20.865
20.865
20.865
20.87
20.87
20.87
20.87
20.87
20.87
20.87
20.87
20.87
20.87
20.87
20.87
20.871
20.871
20.871
20.871
20.871
20.871
20.871
20.871
20.871
20.871
20.871
20.871
20.871
20.871
20.871
20.871
20.871
20.871
20.872
20.872
20.872
20.872
20.872
20.872
20.872
20.872
20.872
20.872
20.872
20.872
20.872
20.872
20.872
20.872
20.872
20.872
20.915
20.915
20.915
20.917
20.917
20.917
20.917
20.917
20.917
20.919
20.919
20.919
20.919
20.919
20.919
20.922
20.922
20.922
20.922
20.922
20.922
20.924
20.924
20.924
20.979
20.979
20.979
20.979
20.979
20.979
20.98
20.98
20.98
20.98
20.98
20.98
20.98
20.98
20.98
20.98
20.98
20.98
20.981
20.981
20.981
20.981
20.981
20.981
20.984
20.984
20.984
20.984
20.984
20.984
20.986
20.986
20.986
20.986
20.986
20.986
21.185
21.185
21.185
21.185
21.185
21.185
21.186
21.186
21.186
21.186
21.186
21.186
21.189
21.189
21.189
21.189
21.189
21.189
21.19
21.19
21.19
21.19
21.19
21.19
21.266
21.266
21.266
21.266
21.266
21.266
21.266
21.266
21.266
21.266
21.266
21.266
21.267
21.267
21.267
21.267
21.267
21.267
21.267
21.267
21.267
21.267
21.267
21.267
21.283
21.283
21.283
21.283
21.283
21.283
21.285
21.285
21.285
21.285
21.285
21.285
21.287
21.287
21.287
21.287
21.287
21.287
21.289
21.289
21.289
21.289
21.289
21.289
21.481
21.481
21.481
21.481
21.481
21.481
21.482
21.482
21.482
21.482
21.482
21.482
21.482
21.482
21.482
21.482
21.482
21.482
21.482
21.482
21.482
21.482
21.482
21.482
21.534
21.534
21.534
21.534
21.534
21.534
21.534
21.534
21.534
21.534
21.534
21.534
21.536
21.536
21.536
21.536
21.536
21.536
21.537
21.537
21.537
21.537
21.537
21.537
21.538
21.538
21.538
21.538
21.538
21.538
21.539
21.539
21.539
21.539
21.539
21.539
21.54
21.54
21.54
21.54
21.54
21.54
21.541
21.541
21.541
21.541
21.541
21.541
21.542
21.542
21.542
21.542
21.542
21.542
21.543
21.543
21.543
21.543
21.543
21.543
21.543
21.543
21.543
21.543
21.543
21.543
21.544
21.544
21.544
21.544
21.544
21.544
21.722
21.722
21.722
21.724
21.724
21.724
21.724
21.724
21.724
21.725
21.725
21.725
21.778
21.778
21.778
21.778
21.778
21.778
21.779
21.779
21.779
21.779
21.779
21.779
21.781
21.781
21.781
21.781
21.781
21.781
21.782
21.782
21.782
21.782
21.782
21.782
21.847
21.847
21.847
21.847
21.847
21.847
21.849
21.849
21.849
21.849
21.849
21.849
21.849
21.849
21.849
21.849
21.849
21.849
21.851
21.851
21.851
21.851
21.851
21.851
21.918
21.918
21.918
21.918
21.918
21.918
21.92
21.92
21.92
21.92
21.92
21.92
21.921
21.921
21.921
21.921
21.921
21.921
21.924
21.924
21.924
21.924
21.924
21.924
21.929
21.929
21.929
21.929
21.929
21.929
21.929
21.929
21.929
21.929
21.929
21.929
21.93
21.93
21.93
21.93
21.93
21.93
21.93
21.93
21.93
21.93
21.93
21.93
21.93
21.93
21.93
21.93
21.93
21.93
21.93
21.93
21.93
21.93
21.93
21.93
21.931
21.931
21.931
21.931
21.931
21.931
21.931
21.931
21.931
21.931
21.931
21.931
22.044
22.044
22.044
22.044
22.044
22.044
22.044
22.044
22.044
22.044
22.044
22.044
22.064
22.064
22.064
22.064
22.064
22.064
22.064
22.064
22.064
22.064
22.064
22.064
22.064
22.064
22.064
22.064
22.064
22.064
22.064
22.064
22.064
22.064
22.064
22.064
22.076
22.076
22.076
22.076
22.076
22.076
22.076
22.076
22.076
22.076
22.076
22.076
22.08
22.08
22.08
22.08
22.08
22.08
22.08
22.08
22.08
22.08
22.08
22.08
22.104
22.104
22.104
22.104
22.104
22.104
22.104
22.104
22.104
22.104
22.104
22.104
22.105
22.105
22.105
22.105
22.105
22.105
22.105
22.105
22.105
22.105
22.105
22.105
22.105
22.105
22.105
22.105
22.105
22.105
22.105
22.105
22.105
22.105
22.105
22.105
22.105
22.105
22.105
22.105
22.105
22.105
22.105
22.105
22.105
22.105
22.105
22.105
22.145
22.145
22.145
22.145
22.145
22.145
22.145
22.145
22.145
22.145
22.145
22.145
22.145
22.145
22.145
22.145
22.145
22.145
22.145
22.145
22.145
22.145
22.145
22.145
22.239
22.239
22.239
22.239
22.239
22.239
22.239
22.239
22.239
22.239
22.239
22.239
22.24
22.24
22.24
22.24
22.24
22.24
22.241
22.241
22.241
22.241
22.241
22.241
22.241
22.241
22.241
22.241
22.241
22.241
22.242
22.242
22.242
22.242
22.242
22.242
22.242
22.242
22.242
22.242
22.242
22.242
22.243
22.243
22.243
22.243
22.243
22.243
22.258
22.258
22.258
22.258
22.258
22.258
22.259
22.259
22.259
22.259
22.259
22.259
22.26
22.26
22.26
22.26
22.26
22.26
22.261
22.261
22.261
22.261
22.261
22.261
22.262
22.262
22.262
22.262
22.262
22.262
22.262
22.262
22.262
22.262
22.262
22.262
22.314
22.314
22.314
22.314
22.314
22.314
22.316
22.316
22.316
22.316
22.316
22.316
22.316
22.316
22.316
22.316
22.316
22.316
22.317
22.317
22.317
22.317
22.317
22.317
22.332
22.332
22.332
22.333
22.333
22.333
22.333
22.333
22.333
22.334
22.334
22.334
22.334
22.334
22.334
22.335
22.335
22.335
22.335
22.335
22.335
22.336
22.336
22.336
22.396
22.396
22.396
22.396
22.396
22.396
22.397
22.397
22.397
22.397
22.397
22.397
22.401
22.401
22.401
22.401
22.401
22.401
22.401
22.401
22.401
22.401
22.401
22.401
22.533
22.533
22.533
22.533
22.533
22.533
22.533
22.533
22.533
22.533
22.533
22.533
22.534
22.534
22.534
22.535
22.535
22.535
22.535
22.535
22.535
22.535
22.535
22.535
22.555
22.555
22.555
22.556
22.556
22.556
22.556
22.556
22.556
22.558
22.558
22.558
22.633
22.633
22.633
22.633
22.633
22.633
22.634
22.634
22.634
22.634
22.634
22.634
22.635
22.635
22.635
22.635
22.635
22.635
22.636
22.636
22.636
22.636
22.636
22.636
22.719
22.719
22.719
22.719
22.719
22.719
22.719
22.719
22.719
22.719
22.719
22.719
22.721
22.721
22.721
22.721
22.721
22.721
22.721
22.721
22.721
22.721
22.721
22.721
22.743
22.743
22.743
22.743
22.743
22.743
22.743
22.743
22.743
22.743
22.743
22.743
22.746
22.746
22.746
22.746
22.746
22.746
22.746
22.746
22.746
22.747
22.747
22.747
22.747
22.747
22.747
22.75
22.75
22.75
22.758
22.758
22.758
22.758
22.758
22.758
22.76
22.76
22.76
22.76
22.76
22.76
22.761
22.761
22.761
22.761
22.761
22.761
22.764
22.764
22.764
22.764
22.764
22.764
22.793
22.793
22.793
22.793
22.793
22.793
22.796
22.796
22.796
22.796
22.796
22.796
22.797
22.797
22.797
22.797
22.797
22.797
22.8
22.8
22.8
22.8
22.8
22.8
22.839
22.839
22.839
22.839
22.839
22.839
22.839
22.839
22.839
22.839
22.839
22.839
22.84
22.84
22.84
22.84
22.84
22.84
22.84
22.84
22.84
22.84
22.84
22.84
22.842
22.842
22.842
22.843
22.843
22.843
22.843
22.843
22.843
22.843
22.843
22.843
22.843
22.843
22.843
22.843
22.843
22.843
22.843
22.843
22.843
22.843
22.843
22.843
22.869
22.869
22.869
22.871
22.871
22.871
22.871
22.871
22.871
22.872
22.872
22.872
22.874
22.874
22.874
22.875
22.875
22.875
22.875
22.875
22.875
22.878
22.878
22.878
22.878
22.878
22.878
22.878
22.878
22.878
22.878
22.878
22.878
22.878
22.878
22.878
22.878
22.878
22.878
22.878
22.878
22.878
22.878
22.878
22.878
22.878
22.878
22.878
22.899
22.899
22.899
22.899
22.899
22.899
22.9
22.9
22.9
22.9
22.9
22.9
22.902
22.902
22.902
22.902
22.902
22.902
22.904
22.904
22.904
22.904
22.904
22.904
22.93
22.93
22.93
22.93
22.93
22.93
22.931
22.931
22.931
22.932
22.932
22.932
22.932
22.932
22.932
22.932
22.932
22.932
22.934
22.934
22.934
22.934
22.934
22.934
22.972
22.972
22.972
22.972
22.972
22.972
22.974
22.974
22.974
22.974
22.974
22.974
22.975
22.975
22.975
22.975
22.975
22.975
22.976
22.976
22.976
22.976
22.976
22.976
22.99
22.99
22.99
22.993
22.993
22.993
22.993
22.993
22.993
22.995
22.995
22.995
23.053
23.053
23.053
23.053
23.053
23.053
23.055
23.055
23.055
23.055
23.055
23.055
23.056
23.056
23.056
23.056
23.056
23.056
23.056
23.056
23.056
23.056
23.056
23.056
23.057
23.057
23.057
23.057
23.057
23.057
23.058
23.058
23.058
23.058
23.058
23.058
23.058
23.058
23.058
23.059
23.059
23.059
23.06
23.06
23.06
23.06
23.06
23.06
23.171
23.171
23.171
23.171
23.171
23.171
23.171
23.171
23.171
23.171
23.171
23.171
23.171
23.171
23.171
23.171
23.171
23.171
23.172
23.172
23.172
23.172
23.172
23.172
23.172
23.172
23.172
23.172
23.172
23.172
23.172
23.172
23.172
23.172
23.172
23.172
23.172
23.172
23.172
23.172
23.172
23.172
23.172
23.172
23.172
23.172
23.172
23.172
23.187
23.187
23.187
23.187
23.187
23.187
23.187
23.187
23.187
23.187
23.187
23.187
23.187
23.187
23.187
23.187
23.187
23.187
23.188
23.188
23.188
23.188
23.188
23.188
23.188
23.188
23.188
23.188
23.188
23.188
23.188
23.188
23.188
23.188
23.188
23.188
23.188
23.188
23.188
23.188
23.188
23.188
23.189
23.189
23.189
23.189
23.189
23.189
23.248
23.248
23.248
23.248
23.248
23.248
23.248
23.248
23.248
23.249
23.249
23.249
23.249
23.249
23.249
23.249
23.249
23.249
23.249
23.249
23.249
23.25
23.25
23.25
23.251
23.251
23.251
23.252
23.252
23.252
23.252
23.252
23.252
23.252
23.252
23.252
23.252
23.252
23.252
23.253
23.253
23.253
23.253
23.253
23.253
23.253
23.253
23.253
23.254
23.254
23.254
23.254
23.254
23.254
23.255
23.255
23.255
23.255
23.255
23.255
23.255
23.255
23.255
23.255
23.255
23.255
23.255
23.255
23.255
23.255
23.255
23.255
23.255
23.255
23.255
23.255
23.255
23.255
23.256
23.256
23.256
23.256
23.256
23.256
23.256
23.256
23.256
23.256
23.256
23.256
23.256
23.256
23.256
23.256
23.256
23.256
23.279
23.279
23.279
23.279
23.279
23.279
23.282
23.282
23.282
23.282
23.282
23.282
23.282
23.282
23.282
23.282
23.282
23.282
23.286
23.286
23.286
23.286
23.286
23.286
23.292
23.292
23.292
23.292
23.292
23.292
23.292
23.292
23.292
23.292
23.292
23.292
23.293
23.293
23.293
23.293
23.293
23.293
23.293
23.293
23.293
23.293
23.293
23.293
23.293
23.293
23.293
23.293
23.293
23.293
23.293
23.293
23.293
23.293
23.293
23.293
23.294
23.294
23.294
23.294
23.294
23.294
23.294
23.294
23.294
23.294
23.294
23.294
23.296
23.296
23.296
23.296
23.296
23.296
23.299
23.299
23.299
23.299
23.299
23.299
23.299
23.299
23.299
23.299
23.299
23.299
23.301
23.301
23.301
23.301
23.301
23.301
23.337
23.337
23.337
23.337
23.337
23.337
23.337
23.337
23.337
23.337
23.337
23.337
23.337
23.337
23.337
23.337
23.337
23.337
23.337
23.337
23.337
23.337
23.337
23.337
23.379
23.379
23.379
23.379
23.379
23.379
23.38
23.38
23.38
23.38
23.38
23.38
23.38
23.38
23.38
23.38
23.38
23.38
23.381
23.381
23.381
23.381
23.381
23.381
23.382
23.382
23.382
23.382
23.382
23.382
23.382
23.382
23.382
23.382
23.382
23.382
23.382
23.382
23.382
23.382
23.382
23.382
23.383
23.383
23.383
23.383
23.383
23.383
23.411
23.411
23.411
23.411
23.411
23.411
23.411
23.411
23.411
23.411
23.411
23.411
23.411
23.411
23.411
23.411
23.411
23.411
23.411
23.411
23.411
23.411
23.411
23.411
23.42
23.42
23.42
23.42
23.42
23.42
23.423
23.423
23.423
23.423
23.423
23.423
23.423
23.423
23.423
23.423
23.423
23.423
23.424
23.424
23.424
23.424
23.424
23.424
23.426
23.426
23.426
23.426
23.426
23.426
23.427
23.427
23.427
23.427
23.427
23.427
23.427
23.427
23.427
23.427
23.427
23.427
23.427
23.427
23.427
23.428
23.428
23.428
23.428
23.428
23.428
23.429
23.429
23.429
23.429
23.429
23.429
23.43
23.43
23.43
23.43
23.43
23.43
23.43
23.43
23.43
23.43
23.43
23.43
23.431
23.431
23.431
23.431
23.431
23.431
23.432
23.432
23.432
23.434
23.434
23.434
23.434
23.434
23.434
23.435
23.435
23.435
23.435
23.435
23.435
23.435
23.435
23.435
23.435
23.435
23.435
23.435
23.435
23.435
23.435
23.435
23.435
23.435
23.435
23.435
23.435
23.435
23.435
23.436
23.436
23.436
23.436
23.436
23.436
23.436
23.436
23.436
23.436
23.436
23.436
23.436
23.436
23.436
23.436
23.436
23.436
23.436
23.436
23.436
23.436
23.436
23.436
23.436
23.436
23.436
23.436
23.436
23.436
23.437
23.437
23.437
23.437
23.437
23.437
23.437
23.437
23.437
23.437
23.437
23.437
23.437
23.437
23.437
23.437
23.437
23.437
23.437
23.437
23.437
23.438
23.438
23.438
23.438
23.438
23.438
23.438
23.438
23.438
23.439
23.439
23.439
23.439
23.439
23.439
23.439
23.439
23.439
23.439
23.439
23.439
23.44
23.44
23.44
23.44
23.44
23.44
23.442
23.442
23.442
23.442
23.442
23.442
23.458
23.458
23.458
23.458
23.458
23.458
23.459
23.459
23.459
23.459
23.459
23.459
23.459
23.459
23.459
23.459
23.459
23.459
23.459
23.459
23.459
23.459
23.459
23.459
23.459
23.459
23.459
23.459
23.459
23.459
23.461
23.461
23.461
23.461
23.461
23.461
23.484
23.484
23.484
23.485
23.485
23.485
23.485
23.485
23.485
23.485
23.485
23.485
23.485
23.485
23.485
23.485
23.485
23.485
23.485
23.485
23.485
23.485
23.485
23.485
23.485
23.485
23.485
23.485
23.485
23.485
23.485
23.485
23.485
23.485
23.485
23.485
23.485
23.485
23.485
23.485
23.485
23.486
23.486
23.486
23.486
23.486
23.486
23.486
23.548
23.548
23.548
23.548
23.548
23.548
23.55
23.55
23.55
23.55
23.55
23.55
23.55
23.55
23.55
23.55
23.55
23.55
23.55
23.55
23.55
23.55
23.55
23.55
23.552
23.552
23.552
23.552
23.552
23.552
23.552
23.552
23.552
23.552
23.552
23.552
23.552
23.552
23.552
23.552
23.552
23.552
23.554
23.554
23.554
23.554
23.554
23.554
23.658
23.658
23.658
23.659
23.659
23.659
23.659
23.659
23.659
23.66
23.66
23.66
23.66
23.66
23.66
23.661
23.661
23.661
23.661
23.661
23.661
23.663
23.663
23.663
23.802
23.802
23.802
23.802
23.802
23.802
23.804
23.804
23.804
23.804
23.804
23.804
23.804
23.804
23.804
23.804
23.804
23.804
23.807
23.807
23.807
23.807
23.807
23.807
23.817
23.817
23.817
23.817
23.817
23.817
23.819
23.819
23.819
23.819
23.819
23.819
23.82
23.82
23.82
23.82
23.82
23.82
23.822
23.822
23.822
23.822
23.822
23.822
23.847
23.847
23.847
23.847
23.847
23.847
23.847
23.847
23.847
23.847
23.847
23.847
23.847
23.847
23.847
23.847
23.847
23.847
23.847
23.847
23.847
23.848
23.848
23.848
23.849
23.849
23.849
23.849
23.849
23.849
23.85
23.85
23.85
23.85
23.85
23.85
23.85
23.85
23.85
23.85
23.85
23.85
23.85
23.85
23.85
23.85
23.85
23.85
23.891
23.891
23.891
23.891
23.891
23.891
23.893
23.893
23.893
23.893
23.893
23.893
23.893
23.893
23.893
23.893
23.893
23.893
23.893
23.893
23.893
23.893
23.893
23.893
23.893
23.893
23.893
23.893
23.893
23.893
23.893
23.893
23.893
23.893
23.893
23.893
23.894
23.894
23.894
23.894
23.894
23.894
23.894
23.894
23.894
23.894
23.894
23.894
23.895
23.895
23.895
23.895
23.895
23.895
23.896
23.896
23.896
23.896
23.896
23.896
23.896
23.896
23.896
23.896
23.896
23.896
23.896
23.896
23.896
23.896
23.896
23.896
23.896
23.896
23.896
23.896
23.896
23.896
23.896
23.896
23.896
23.896
23.896
23.896
23.896
23.896
23.896
23.896
23.896
23.896
23.898
23.898
23.898
23.898
23.898
23.898
23.941
23.941
23.941
23.941
23.941
23.941
23.941
23.941
23.941
23.941
23.941
23.941
23.944
23.944
23.944
23.944
23.944
23.944
23.944
23.944
23.944
23.944
23.944
23.944
23.955
23.955
23.955
23.955
23.955
23.955
23.957
23.957
23.957
23.957
23.957
23.957
23.957
23.957
23.957
23.957
23.957
23.957
23.959
23.959
23.959
23.959
23.959
23.959
23.959
23.959
23.959
23.959
23.959
23.959
23.961
23.961
23.961
23.961
23.961
23.961
23.961
23.961
23.961
23.961
23.961
23.961
23.963
23.963
23.963
23.963
23.963
23.963
24.004
24.004
24.004
24.004
24.004
24.004
24.004
24.004
24.004
24.004
24.004
24.004
24.004
24.004
24.004
24.004
24.004
24.004
24.004
24.004
24.004
24.004
24.004
24.004
24.024
24.024
24.024
24.024
24.024
24.024
24.025
24.025
24.025
24.025
24.025
24.025
24.025
24.025
24.025
24.025
24.025
24.025
24.025
24.025
24.025
24.025
24.025
24.025
24.027
24.027
24.027
24.028
24.028
24.028
24.028
24.028
24.028
24.028
24.028
24.028
24.028
24.028
24.028
24.028
24.028
24.028
24.028
24.028
24.028
24.028
24.028
24.028
24.077
24.077
24.077
24.077
24.077
24.077
24.077
24.077
24.077
24.078
24.078
24.078
24.078
24.078
24.078
24.078
24.078
24.078
24.078
24.078
24.078
24.079
24.079
24.079
24.079
24.079
24.079
24.08
24.08
24.08
24.08
24.08
24.08
24.08
24.08
24.08
24.08
24.08
24.08
24.08
24.08
24.081
24.081
24.081
24.081
24.081
24.081
24.081
24.118
24.118
24.118
24.119
24.119
24.119
24.119
24.119
24.119
24.119
24.119
24.119
24.119
24.119
24.119
24.119
24.119
24.119
24.119
24.119
24.119
24.119
24.119
24.119
24.132
24.132
24.132
24.133
24.133
24.133
24.134
24.134
24.134
24.134
24.134
24.135
24.135
24.136
24.136
24.136
24.136
24.136
24.137
24.137
24.137
24.138
24.138
24.138
24.17
24.17
24.17
24.17
24.17
24.17
24.172
24.172
24.172
24.172
24.172
24.172
24.173
24.173
24.173
24.173
24.173
24.173
24.173
24.173
24.174
24.174
24.174
24.174
24.175
24.175
24.175
24.175
24.175
24.175
24.175
24.175
24.175
24.176
24.176
24.176
24.177
24.177
24.177
24.177
24.177
24.177
24.178
24.178
24.178
24.179
24.179
24.179
24.185
24.185
24.185
24.185
24.185
24.185
24.185
24.185
24.185
24.185
24.185
24.185
24.185
24.185
24.185
24.186
24.186
24.186
24.186
24.186
24.186
24.186
24.186
24.186
24.186
24.186
24.186
24.186
24.186
24.186
24.186
24.186
24.186
24.186
24.186
24.186
24.186
24.186
24.186
24.186
24.186
24.186
24.186
24.186
24.186
24.186
24.186
24.186
24.187
24.187
24.187
24.187
24.187
24.187
24.188
24.188
24.188
24.188
24.188
24.188
24.189
24.189
24.189
24.189
24.189
24.189
24.191
24.191
24.191
24.191
24.191
24.191
24.213
24.213
24.213
24.213
24.213
24.213
24.216
24.216
24.216
24.216
24.216
24.216
24.217
24.217
24.217
24.217
24.217
24.217
24.218
24.218
24.218
24.219
24.219
24.219
24.219
24.219
24.219
24.219
24.219
24.219
24.22
24.22
24.22
24.221
24.221
24.221
24.222
24.222
24.222
24.222
24.222
24.222
24.224
24.224
24.224
24.224
24.224
24.224
24.277
24.277
24.277
24.277
24.277
24.277
24.277
24.277
24.277
24.278
24.278
24.278
24.278
24.278
24.278
24.278
24.278
24.278
24.278
24.278
24.278
24.279
24.279
24.279
24.307
24.307
24.307
24.307
24.307
24.307
24.309
24.309
24.309
24.309
24.309
24.309
24.31
24.31
24.31
24.31
24.31
24.31
24.313
24.313
24.313
24.313
24.313
24.313
24.314
24.314
24.314
24.314
24.314
24.314
24.316
24.316
24.316
24.316
24.316
24.316
24.319
24.319
24.319
24.319
24.319
24.319
24.321
24.321
24.321
24.321
24.321
24.321
24.325
24.325
24.325
24.325
24.325
24.325
24.325
24.325
24.325
24.325
24.325
24.325
24.325
24.325
24.325
24.325
24.325
24.325
24.325
24.325
24.325
24.325
24.325
24.325
24.325
24.325
24.325
24.325
24.325
24.325
24.325
24.325
24.325
24.325
24.325
24.325
24.326
24.326
24.326
24.326
24.326
24.326
24.326
24.326
24.326
24.326
24.326
24.326
24.343
24.343
24.343
24.346
24.346
24.346
24.346
24.346
24.346
24.346
24.346
24.346
24.349
24.349
24.349
24.349
24.349
24.349
24.349
24.349
24.349
24.352
24.352
24.352
24.354
24.354
24.354
24.354
24.354
24.354
24.354
24.354
24.354
24.354
24.354
24.354
24.354
24.354
24.354
24.354
24.354
24.354
24.354
24.354
24.354
24.354
24.354
24.354
24.354
24.354
24.354
24.354
24.354
24.354
24.354
24.354
24.354
24.354
24.354
24.354
24.354
24.354
24.354
24.354
24.354
24.354
24.354
24.354
24.354
24.354
24.354
24.354
24.375
24.375
24.375
24.375
24.375
24.375
24.375
24.375
24.375
24.375
24.375
24.375
24.375
24.375
24.375
24.375
24.375
24.375
24.375
24.375
24.375
24.375
24.375
24.375
24.375
24.375
24.375
24.375
24.375
24.375
24.375
24.375
24.375
24.375
24.375
24.375
24.375
24.375
24.375
24.375
24.375
24.375
24.375
24.375
24.375
24.375
24.375
24.375
24.397
24.397
24.397
24.397
24.397
24.397
24.398
24.398
24.398
24.398
24.398
24.398
24.398
24.398
24.398
24.398
24.398
24.398
24.398
24.398
24.398
24.398
24.398
24.398
24.398
24.398
24.398
24.398
24.398
24.398
24.398
24.398
24.398
24.398
24.398
24.398
24.398
24.398
24.398
24.398
24.398
24.398
24.398
24.398
24.398
24.398
24.398
24.398
24.402
24.402
24.402
24.402
24.402
24.402
24.405
24.405
24.405
24.405
24.405
24.405
24.406
24.406
24.406
24.406
24.406
24.406
24.409
24.409
24.409
24.409
24.409
24.409
24.437
24.437
24.437
24.437
24.438
24.438
24.438
24.438
24.438
24.439
24.439
24.439
24.441
24.441
24.441
24.441
24.441
24.441
24.441
24.441
24.442
24.442
24.442
24.442
24.475
24.475
24.475
24.479
24.479
24.479
24.48
24.48
24.48
24.48
24.48
24.48
24.482
24.482
24.482
24.482
24.482
24.482
24.483
24.483
24.483
24.483
24.483
24.483
24.483
24.483
24.49
24.49
24.49
24.492
24.492
24.492
24.492
24.492
24.492
24.494
24.494
24.494
24.495
24.495
24.495
24.497
24.497
24.497
24.497
24.497
24.497
24.499
24.499
24.499
24.523
24.523
24.523
24.523
24.523
24.523
24.523
24.523
24.523
24.523
24.523
24.523
24.523
24.523
24.523
24.523
24.523
24.523
24.523
24.523
24.523
24.523
24.523
24.523
24.594
24.594
24.594
24.596
24.596
24.596
24.596
24.596
24.596
24.599
24.599
24.599
24.815
24.815
24.815
24.815
24.815
24.815
24.815
24.815
24.815
24.815
24.816
24.816
24.816
24.816
24.816
24.816
24.816
24.816
24.816
24.816
24.816
24.816
24.816
24.816
24.818
24.818
24.818
24.818
24.818
24.818
24.818
24.818
24.818
24.818
24.818
24.818
24.818
24.818
24.818
24.818
24.818
24.818
24.818
24.818
24.818
24.818
24.818
24.818
24.844
24.844
24.844
24.844
24.844
24.844
24.844
24.844
24.844
24.844
24.844
24.844
24.844
24.844
24.844
24.844
24.844
24.844
24.844
24.844
24.844
24.844
24.844
24.844
24.848
24.848
24.848
24.848
24.848
24.848
24.848
24.848
24.848
24.848
24.848
24.848
24.848
24.848
24.848
24.848
24.848
24.848
24.848
24.848
24.848
24.848
24.848
24.848
24.853
24.853
24.853
24.853
24.853
24.853
24.856
24.856
24.856
24.856
24.856
24.856
24.857
24.857
24.857
24.857
24.857
24.857
24.859
24.859
24.859
24.859
24.859
24.859
24.859
24.859
24.859
24.859
24.859
24.859
24.861
24.861
24.861
24.861
24.861
24.861
24.862
24.862
24.862
24.862
24.862
24.862
24.864
24.864
24.864
24.864
24.864
24.864
24.959
24.959
24.959
24.959
24.959
24.959
24.959
24.959
24.96
24.96
24.96
24.96
24.962
24.962
24.962
24.962
24.962
24.962
24.962
24.962
24.962
24.962
24.962
24.962
24.982
24.982
24.982
24.982
24.982
24.982
24.984
24.984
24.984
24.984
24.984
24.984
24.988
24.988
24.988
24.988
24.988
24.988
24.989
24.989
24.989
24.989
24.989
24.989
24.989
24.989
24.989
24.989
24.989
24.989
24.989
24.989
24.989
24.989
24.989
24.989
24.989
24.989
24.989
24.989
24.989
24.989
24.99
24.99
24.99
24.99
24.99
24.99
25.086
25.086
25.086
25.086
25.086
25.086
25.089
25.089
25.089
25.089
25.089
25.089
25.09
25.09
25.09
25.09
25.09
25.09
25.092
25.092
25.092
25.092
25.092
25.092
25.169
25.169
25.169
25.169
25.169
25.169
25.169
25.169
25.169
25.169
25.169
25.169
25.169
25.169
25.169
25.169
25.169
25.169
25.169
25.169
25.169
25.169
25.169
25.169
25.188
25.188
25.188
25.188
25.188
25.188
25.188
25.189
25.189
25.189
25.189
25.189
25.189
25.189
25.189
25.189
25.189
25.189
25.189
25.189
25.189
25.189
25.189
25.189
25.189
25.189
25.189
25.189
25.189
25.189
25.189
25.189
25.189
25.189
25.189
25.189
25.189
25.189
25.189
25.189
25.189
25.189
25.189
25.189
25.189
25.189
25.189
25.189
25.198
25.198
25.198
25.198
25.198
25.198
25.198
25.198
25.198
25.198
25.198
25.198
25.198
25.198
25.198
25.198
25.198
25.198
25.199
25.199
25.199
25.199
25.199
25.199
25.255
25.255
25.255
25.255
25.255
25.255
25.257
25.257
25.257
25.257
25.257
25.257
25.258
25.258
25.258
25.261
25.261
25.261
25.261
25.261
25.261
25.263
25.263
25.263
25.264
25.264
25.264
25.266
25.266
25.266
25.266
25.266
25.266
25.27
25.27
25.27
25.397
25.397
25.397
25.397
25.397
25.397
25.401
25.401
25.401
25.401
25.401
25.401
25.403
25.403
25.403
25.403
25.403
25.403
25.406
25.406
25.406
25.406
25.406
25.406
25.412
25.412
25.412
25.412
25.414
25.414
25.414
25.414
25.414
25.414
25.414
25.414
25.418
25.418
25.418
25.418
25.418
25.418
25.418
25.418
25.42
25.42
25.42
25.42
25.54
25.54
25.54
25.546
25.546
25.546
25.571
25.571
25.571
25.574
25.574
25.574
25.574
25.574
25.574
25.578
25.578
25.578
25.611
25.611
25.611
25.611
25.612
25.612
25.612
25.612
25.612
25.612
25.612
25.612
25.615
25.615
25.615
25.616
25.616
25.616
25.616
25.616
25.616
25.617
25.617
25.617
25.622
25.622
25.622
25.622
25.622
25.622
25.622
25.622
25.622
25.622
25.622
25.622
25.623
25.623
25.623
25.623
25.623
25.623
25.623
25.623
25.623
25.624
25.624
25.624
25.737
25.737
25.737
25.737
25.737
25.737
25.741
25.741
25.741
25.741
25.741
25.741
25.838
25.838
25.838
25.838
25.903
25.903
25.903
