0
0
0
4.2957
4.3414
4.4326
4.4729
4.5079
4.5307
4.5624
4.5894
4.6428
4.7197
4.8218
4.8629
4.9929
5.0394
5.0636
5.1064
5.1289
5.158
5.2049
5.2326
5.2732
5.2768
5.3051
5.3188
6.0827
6.1125
6.1219
6.1508
6.1627
6.1784
6.1858
6.2466
6.2924
6.2996
6.3352
6.3405
6.3695
6.3708
6.4256
6.4293
6.7047
6.7819
6.8231
6.9843
7.0225
7.0287
7.0557
7.15
7.1546
7.2258
7.2448
7.2774
7.3032
7.3332
7.3963
7.4371
7.4622
7.5434
7.5817
7.6189
7.6394
7.6876
7.7409
7.7577
7.7656
7.8146
7.8368
7.8593
7.8923
7.9039
7.9247
7.9468
7.9709
7.9918
8.0437
8.0554
8.0676
8.0781
8.1181
8.1383
8.1543
8.1769
8.1894
8.197
8.2242
8.2407
8.257
8.2944
8.3208
8.3306
8.3358
8.3399
8.3627
8.3822
8.3985
8.418
8.4347
8.4517
8.4551
8.4804
8.4941
8.5177
8.5251
8.5421
8.5454
8.5545
8.6058
8.6188
8.6297
8.6483
8.6611
8.6728
8.6898
8.6987
8.7186
8.742
8.7649
8.7762
8.7888
8.8052
8.8257
8.8571
8.8704
8.8797
8.8921
8.8993
8.9212
8.938
8.9524
8.9616
8.969
8.9767
8.9939
9.016
9.0269
9.0322
9.0653
9.0805
9.0933
9.1001
9.1103
9.1327
9.1334
9.1533
9.163
9.1771
9.1911
9.1982
9.2256
9.2294
9.2485
9.2692
9.2763
9.3
9.3085
9.329
9.3436
9.3527
9.3556
9.3856
9.3943
9.4159
9.4229
9.4379
9.453
9.5017
9.5034
9.5117
9.5169
9.5452
9.5587
9.5679
9.5742
9.5978
9.6155
9.6381
9.666
9.6847
9.7057
9.7134
9.7336
9.7485
9.7921
9.8285
9.8579
9.8767
9.9067
9.9218
9.9517
9.9722
9.9904
10.004
10.03
10.058
10.079
10.089
10.114
10.123
10.142
10.159
10.178
10.191
10.213
10.222
10.239
10.247
10.262
10.293
10.31
10.329
10.347
10.354
10.387
10.398
10.404
10.421
10.443
10.454
10.467
10.484
10.488
10.517
10.522
10.53
10.541
10.553
10.562
10.579
10.587
10.602
10.617
10.63
10.643
10.666
10.671
10.676
10.693
10.706
10.727
10.737
10.752
10.762
10.774
10.787
10.796
10.821
10.837
10.846
10.858
10.862
10.876
10.893
10.894
10.928
10.937
10.945
10.96
10.962
10.987
11
11.007
11.022
11.027
11.049
11.063
11.08
11.088
11.102
11.111
11.127
11.143
11.155
11.162
11.19
11.196
11.206
11.23
11.236
11.25
11.265
11.272
11.294
11.301
11.32
11.345
11.355
11.366
11.373
11.387
11.408
11.421
11.427
11.433
11.454
11.471
11.478
11.482
11.525
11.53
11.542
11.573
11.579
11.593
11.6
11.622
11.63
11.637
11.663
11.672
11.686
11.693
11.712
11.721
11.75
11.763
11.769
11.792
11.806
11.816
11.822
11.839
11.859
11.868
11.879
11.884
11.912
11.924
11.938
11.969
11.979
11.996
12.001
12.009
12.02
12.048
12.068
12.076
12.093
12.108
12.129
12.145
12.156
12.168
12.171
12.199
12.204
12.215
12.225
12.259
12.279
12.289
12.311
12.322
12.342
12.344
12.361
12.375
12.397
12.413
12.438
12.443
12.464
12.469
12.484
12.489
12.497
12.514
12.521
12.573
12.585
12.605
12.608
12.633
12.655
12.659
12.671
12.686
12.702
12.707
12.72
12.726
12.743
12.768
12.789
12.804
12.813
12.825
12.832
12.848
12.88
12.89
12.913
12.923
12.93
12.948
12.969
12.988
12.999
13.01
13.019
13.041
13.047
13.074
13.081
13.099
13.118
13.143
13.145
13.158
13.163
13.193
13.206
13.209
13.238
13.239
13.262
13.283
13.288
13.313
13.341
13.356
13.37
13.394
13.405
13.425
13.43
13.447
13.472
13.476
13.483
13.504
13.522
13.553
13.571
13.575
13.583
13.605
13.619
13.641
13.656
13.67
13.697
13.712
13.735
13.739
13.755
13.783
13.788
13.81
13.828
13.858
13.863
13.881
13.892
13.924
13.933
13.943
13.971
13.985
14.008
14.019
14.037
14.057
14.079
14.095
14.118
14.144
14.16
14.179
14.181
14.216
14.229
14.253
14.263
14.277
14.288
14.332
14.347
14.374
14.381
14.406
14.426
14.451
14.468
14.478
14.489
14.519
14.55
14.576
14.583
14.61
14.625
14.64
14.663
14.682
14.713
14.721
14.764
14.785
14.8
14.811
14.862
14.871
14.895
14.903
14.928
14.94
14.967
14.997
15.014
15.041
15.073
15.079
15.119
15.143
15.151
15.171
15.201
15.234
15.245
15.289
15.292
15.333
15.36
15.363
15.387
15.403
15.413
15.465
15.482
15.493
15.495
15.541
15.576
15.595
15.619
15.64
15.683
15.687
15.699
15.726
15.771
15.78
15.833
15.848
15.87
15.902
15.931
15.96
15.979
15.985
16.014
16.042
16.079
16.122
16.13
16.138
16.163
16.193
16.236
16.279
16.294
16.323
16.388
16.392
16.426
16.469
16.489
16.54
16.568
16.59
16.617
16.643
16.656
16.686
16.709
16.738
16.76
16.781
16.819
16.845
16.875
16.901
16.911
16.939
16.967
17.02
17.054
17.083
17.109
17.124
17.151
17.197
17.221
17.231
17.25
17.317
17.322
17.341
17.363
17.398
17.425
17.44
17.453
17.505
17.507
17.56
17.599
17.621
17.649
17.676
17.692
17.723
17.767
17.805
17.821
17.841
17.875
17.914
17.944
17.952
17.993
18.024
18.053
18.091
18.11
18.143
18.159
18.173
18.221
18.27
18.289
18.316
18.338
18.396
18.429
18.449
18.477
18.518
18.541
18.579
18.625
18.641
18.643
18.692
18.703
18.741
18.751
18.803
18.835
18.843
18.927
18.943
18.971
18.983
19.023
19.054
19.073
19.137
19.144
19.192
19.23
19.243
19.253
19.299
19.359
19.411
19.427
19.462
19.493
19.501
19.536
19.564
19.614
19.631
19.669
19.711
19.738
19.762
19.795
19.816
19.876
19.901
19.938
19.979
20.016
20.092
20.104
20.147
20.229
20.259
20.294
20.34
20.355
20.404
20.419
20.444
20.515
20.539
20.576
20.622
20.668
20.724
20.755
20.778
20.827
20.858
20.881
20.897
20.898
20.937
20.997
21.056
21.114
21.123
21.155
21.19
21.232
21.259
21.275
21.329
21.368
21.448
21.462
21.498
21.525
21.622
21.645
21.687
21.718
21.779
21.819
21.841
21.907
21.955
21.989
22.002
22.079
22.109
22.162
22.205
22.304
22.344
22.379
22.434
22.503
22.548
22.6
22.697
22.732
22.819
22.88
22.914
22.969
23.082
23.121
23.137
23.205
23.236
23.333
23.443
23.518
23.757
23.894
23.966
