1848 Out of 2592 QH, Third, Fourth Freq in rad/ps and Lifetimes in ps for a 6x6x6 Ar Lattice at 10K. (atoms/UC=4)
8.84629	-0.10092	0.238941	6.96156
8.84629	-0.10092	0.238941	6.96156
8.84629	-0.10092	0.238941	6.96156
8.84629	-0.10092	0.238941	6.96156
4.03182	-0.0449287	0.0959782	25.1557
4.03182	-0.0449287	0.0959782	25.1557
4.03182	-0.0449287	0.0959782	25.1557
4.03182	-0.0449287	0.0959782	25.1557
4.03182	-0.0449287	0.0959782	25.1557
4.03182	-0.0449287	0.0959782	25.1557
4.03182	-0.0449287	0.0959782	25.1557
4.03182	-0.0449287	0.0959782	25.1557
8.63546	-0.105122	0.233156	8.93239
8.63546	-0.105122	0.233156	8.93239
8.63546	-0.105122	0.233156	8.93239
8.63546	-0.105122	0.233156	8.93239
4.48602	-0.0579959	0.109219	23.0638
4.48602	-0.0579959	0.109219	23.0638
4.48602	-0.0579959	0.109219	23.0638
4.48602	-0.0579959	0.109219	23.0638
4.03066	-0.0399229	0.095871	25.515
4.03066	-0.0399229	0.095871	25.515
4.03066	-0.0399229	0.095871	25.515
4.03066	-0.0399229	0.095871	25.515
8.06019	-0.104176	0.217243	8.56301
8.06019	-0.104176	0.217243	8.56301
8.06019	-0.104176	0.217243	8.56301
8.06019	-0.104176	0.217243	8.56301
5.4859	-0.0742158	0.137541	19.8793
5.4859	-0.0742158	0.137541	19.8793
5.4859	-0.0742158	0.137541	19.8793
5.4859	-0.0742158	0.137541	19.8793
4.02832	-0.0451164	0.0960464	29.362
4.02832	-0.0451164	0.0960464	29.362
4.02832	-0.0451164	0.0960464	29.362
4.02832	-0.0451164	0.0960464	29.362
7.54587	-0.133466	0.204933	8.25253
7.54587	-0.133466	0.204933	8.25253
7.54587	-0.133466	0.204933	8.25253
7.54587	-0.133466	0.204933	8.25253
6.18908	-0.0755255	0.155905	27.4774
6.18908	-0.0755255	0.155905	27.4774
6.18908	-0.0755255	0.155905	27.4774
6.18908	-0.0755255	0.155905	27.4774
4.02716	-0.0400789	0.0959602	20.8436
4.02716	-0.0400789	0.0959602	20.8436
4.02716	-0.0400789	0.0959602	20.8436
4.02716	-0.0400789	0.0959602	20.8436
8.06019	-0.104176	0.217243	8.56301
8.06019	-0.104176	0.217243	8.56301
8.06019	-0.104176	0.217243	8.56301
8.06019	-0.104176	0.217243	8.56301
5.4859	-0.0742158	0.137541	19.8793
5.4859	-0.0742158	0.137541	19.8793
5.4859	-0.0742158	0.137541	19.8793
5.4859	-0.0742158	0.137541	19.8793
4.02832	-0.0451164	0.0960464	29.362
4.02832	-0.0451164	0.0960464	29.362
4.02832	-0.0451164	0.0960464	29.362
4.02832	-0.0451164	0.0960464	29.362
8.63546	-0.105122	0.233156	8.93239
8.63546	-0.105122	0.233156	8.93239
8.63546	-0.105122	0.233156	8.93239
8.63546	-0.105122	0.233156	8.93239
4.48602	-0.0579959	0.109219	23.0638
4.48602	-0.0579959	0.109219	23.0638
4.48602	-0.0579959	0.109219	23.0638
4.48602	-0.0579959	0.109219	23.0638
4.03066	-0.0399229	0.095871	25.515
4.03066	-0.0399229	0.095871	25.515
4.03066	-0.0399229	0.095871	25.515
4.03066	-0.0399229	0.095871	25.515
8.63546	-0.105122	0.233156	8.93239
8.63546	-0.105122	0.233156	8.93239
8.63546	-0.105122	0.233156	8.93239
8.63546	-0.105122	0.233156	8.93239
4.48602	-0.0579959	0.109219	23.0638
4.48602	-0.0579959	0.109219	23.0638
4.48602	-0.0579959	0.109219	23.0638
4.48602	-0.0579959	0.109219	23.0638
4.03066	-0.0399229	0.095871	25.515
4.03066	-0.0399229	0.095871	25.515
4.03066	-0.0399229	0.095871	25.515
4.03066	-0.0399229	0.095871	25.515
8.63986	-0.114039	0.231562	8.8096
8.63986	-0.114039	0.231562	8.8096
8.23563	-0.085912	0.223305	8.64487
8.23563	-0.085912	0.223305	8.64487
5.16002	-0.071357	0.128137	32.2489
5.16002	-0.071357	0.128137	32.2489
4.43898	-0.049913	0.106637	27.25
4.43898	-0.049913	0.106637	27.25
4.10164	-0.0492964	0.098294	19.3351
4.10164	-0.0492964	0.098294	19.3351
4.08062	-0.0471616	0.0987943	20.3623
4.08062	-0.0471616	0.0987943	20.3623
8.24683	-0.115419	0.2191	6.71685
8.24683	-0.115419	0.2191	6.71685
7.55277	-0.0922356	0.205948	8.8379
7.55277	-0.0922356	0.205948	8.8379
6.19396	-0.0902508	0.156867	29.2003
6.19396	-0.0902508	0.156867	29.2003
4.78334	-0.0563538	0.118258	23.535
4.78334	-0.0563538	0.118258	23.535
4.70798	-0.0524346	0.113785	27.6258
4.70798	-0.0524346	0.113785	27.6258
3.82127	-0.044337	0.0916178	19.0063
3.82127	-0.044337	0.0916178	19.0063
7.76284	-0.125156	0.206298	7.39984
7.76284	-0.125156	0.206298	7.39984
7.05957	-0.0986964	0.194057	16.2773
7.05957	-0.0986964	0.194057	16.2773
6.93674	-0.101216	0.176534	25.4676
6.93674	-0.101216	0.176534	25.4676
5.33223	-0.0658919	0.132743	27.6418
5.33223	-0.0658919	0.132743	27.6418
4.79258	-0.0539227	0.116068	26.8494
4.79258	-0.0539227	0.116068	26.8494
3.72056	-0.0341284	0.0888833	18.6971
3.72056	-0.0341284	0.0888833	18.6971
8.24683	-0.115419	0.2191	6.71685
8.24683	-0.115419	0.2191	6.71685
7.55277	-0.0922356	0.205948	8.8379
7.55277	-0.0922356	0.205948	8.8379
6.19396	-0.0902508	0.156867	29.2003
6.19396	-0.0902508	0.156867	29.2003
4.78334	-0.0563538	0.118258	23.535
4.78334	-0.0563538	0.118258	23.535
4.70798	-0.0524346	0.113785	27.6258
4.70798	-0.0524346	0.113785	27.6258
3.82127	-0.044337	0.0916178	19.0063
3.82127	-0.044337	0.0916178	19.0063
8.63986	-0.114039	0.231562	8.8096
8.63986	-0.114039	0.231562	8.8096
8.23563	-0.085912	0.223305	8.64487
8.23563	-0.085912	0.223305	8.64487
5.16002	-0.071357	0.128137	32.2489
5.16002	-0.071357	0.128137	32.2489
4.43898	-0.049913	0.106637	27.25
4.43898	-0.049913	0.106637	27.25
4.10164	-0.0492964	0.098294	19.3351
4.10164	-0.0492964	0.098294	19.3351
4.08062	-0.0471616	0.0987943	20.3623
4.08062	-0.0471616	0.0987943	20.3623
8.06019	-0.104176	0.217243	8.56301
8.06019	-0.104176	0.217243	8.56301
8.06019	-0.104176	0.217243	8.56301
8.06019	-0.104176	0.217243	8.56301
5.4859	-0.0742158	0.137541	19.8793
5.4859	-0.0742158	0.137541	19.8793
5.4859	-0.0742158	0.137541	19.8793
5.4859	-0.0742158	0.137541	19.8793
4.02832	-0.0451164	0.0960464	29.362
4.02832	-0.0451164	0.0960464	29.362
4.02832	-0.0451164	0.0960464	29.362
4.02832	-0.0451164	0.0960464	29.362
8.24683	-0.115419	0.2191	6.71685
8.24683	-0.115419	0.2191	6.71685
7.55277	-0.0922356	0.205948	8.8379
7.55277	-0.0922356	0.205948	8.8379
6.19396	-0.0902508	0.156867	29.2003
6.19396	-0.0902508	0.156867	29.2003
4.78334	-0.0563538	0.118258	23.535
4.78334	-0.0563538	0.118258	23.535
4.70798	-0.0524346	0.113785	27.6258
4.70798	-0.0524346	0.113785	27.6258
3.82127	-0.044337	0.0916178	19.0063
3.82127	-0.044337	0.0916178	19.0063
8.07977	-0.130976	0.211802	6.74632
8.07977	-0.130976	0.211802	6.74632
6.88747	-0.10762	0.175656	29.8618
6.88747	-0.10762	0.175656	29.8618
6.85925	-0.0806004	0.188778	14.0098
6.85925	-0.0806004	0.188778	14.0098
5.35721	-0.062974	0.131674	35.081
5.35721	-0.062974	0.131674	35.081
4.23608	-0.043512	0.102428	15.8342
4.23608	-0.043512	0.102428	15.8342
4.19894	-0.0385702	0.103341	23.1088
4.19894	-0.0385702	0.103341	23.1088
7.71385	-0.14835	0.20114	8.35146
7.71385	-0.14835	0.20114	8.35146
7.43427	-0.12219	0.19042	13.9979
7.43427	-0.12219	0.19042	13.9979
6.42283	-0.0798456	0.178476	17.6708
6.42283	-0.0798456	0.178476	17.6708
5.60411	-0.0656646	0.13869	49.0611
5.60411	-0.0656646	0.13869	49.0611
4.60065	-0.0422393	0.112567	16.1553
4.60065	-0.0422393	0.112567	16.1553
3.99207	-0.0303565	0.0967117	19.7908
3.99207	-0.0303565	0.0967117	19.7908
8.07977	-0.130976	0.211802	6.74632
8.07977	-0.130976	0.211802	6.74632
6.88747	-0.10762	0.175656	29.8618
6.88747	-0.10762	0.175656	29.8618
6.85925	-0.0806004	0.188778	14.0098
6.85925	-0.0806004	0.188778	14.0098
5.35721	-0.062974	0.131674	35.081
5.35721	-0.062974	0.131674	35.081
4.23608	-0.043512	0.102428	15.8342
4.23608	-0.043512	0.102428	15.8342
4.19894	-0.0385702	0.103341	23.1088
4.19894	-0.0385702	0.103341	23.1088
8.24683	-0.115419	0.2191	6.71685
8.24683	-0.115419	0.2191	6.71685
7.55277	-0.0922356	0.205948	8.8379
7.55277	-0.0922356	0.205948	8.8379
6.19396	-0.0902508	0.156867	29.2003
6.19396	-0.0902508	0.156867	29.2003
4.78334	-0.0563538	0.118258	23.535
4.78334	-0.0563538	0.118258	23.535
4.70798	-0.0524346	0.113785	27.6258
4.70798	-0.0524346	0.113785	27.6258
3.82127	-0.044337	0.0916178	19.0063
3.82127	-0.044337	0.0916178	19.0063
7.54587	-0.133466	0.204933	8.25253
7.54587	-0.133466	0.204933	8.25253
7.54587	-0.133466	0.204933	8.25253
7.54587	-0.133466	0.204933	8.25253
6.18908	-0.0755255	0.155905	27.4774
6.18908	-0.0755255	0.155905	27.4774
6.18908	-0.0755255	0.155905	27.4774
6.18908	-0.0755255	0.155905	27.4774
4.02716	-0.0400789	0.0959602	20.8436
4.02716	-0.0400789	0.0959602	20.8436
4.02716	-0.0400789	0.0959602	20.8436
4.02716	-0.0400789	0.0959602	20.8436
7.76284	-0.125156	0.206298	7.39984
7.76284	-0.125156	0.206298	7.39984
7.05957	-0.0986964	0.194057	16.2773
7.05957	-0.0986964	0.194057	16.2773
6.93674	-0.101216	0.176534	25.4676
6.93674	-0.101216	0.176534	25.4676
5.33223	-0.0658919	0.132743	27.6418
5.33223	-0.0658919	0.132743	27.6418
4.79258	-0.0539227	0.116068	26.8494
4.79258	-0.0539227	0.116068	26.8494
3.72056	-0.0341284	0.0888833	18.6971
3.72056	-0.0341284	0.0888833	18.6971
7.71385	-0.14835	0.20114	8.35146
7.71385	-0.14835	0.20114	8.35146
7.43427	-0.12219	0.19042	13.9979
7.43427	-0.12219	0.19042	13.9979
6.42283	-0.0798456	0.178476	17.6708
6.42283	-0.0798456	0.178476	17.6708
5.60411	-0.0656646	0.13869	49.0611
5.60411	-0.0656646	0.13869	49.0611
4.60065	-0.0422393	0.112567	16.1553
4.60065	-0.0422393	0.112567	16.1553
3.99207	-0.0303565	0.0967117	19.7908
3.99207	-0.0303565	0.0967117	19.7908
7.6078	-0.159505	0.196028	12.9564
7.6078	-0.159505	0.196028	12.9564
7.6078	-0.159505	0.196028	12.9564
7.6078	-0.159505	0.196028	12.9564
6.03504	-0.0682956	0.169342	53.564
6.03504	-0.0682956	0.169342	53.564
5.99125	-0.0823963	0.15055	52.7598
5.99125	-0.0823963	0.15055	52.7598
4.30086	-0.0334468	0.104278	19.7225
4.30086	-0.0334468	0.104278	19.7225
4.30086	-0.0334468	0.104278	19.7225
4.30086	-0.0334468	0.104278	19.7225
7.71385	-0.14835	0.20114	8.35146
7.71385	-0.14835	0.20114	8.35146
7.43427	-0.12219	0.19042	13.9979
7.43427	-0.12219	0.19042	13.9979
6.42283	-0.0798456	0.178476	17.6708
6.42283	-0.0798456	0.178476	17.6708
5.60411	-0.0656646	0.13869	49.0611
5.60411	-0.0656646	0.13869	49.0611
4.60065	-0.0422393	0.112567	16.1553
4.60065	-0.0422393	0.112567	16.1553
3.99207	-0.0303565	0.0967117	19.7908
3.99207	-0.0303565	0.0967117	19.7908
7.76284	-0.125156	0.206298	7.39984
7.76284	-0.125156	0.206298	7.39984
7.05957	-0.0986964	0.194057	16.2773
7.05957	-0.0986964	0.194057	16.2773
6.93674	-0.101216	0.176534	25.4676
6.93674	-0.101216	0.176534	25.4676
5.33223	-0.0658919	0.132743	27.6418
5.33223	-0.0658919	0.132743	27.6418
4.79258	-0.0539227	0.116068	26.8494
4.79258	-0.0539227	0.116068	26.8494
3.72056	-0.0341284	0.0888833	18.6971
3.72056	-0.0341284	0.0888833	18.6971
8.06019	-0.104176	0.217243	8.56301
8.06019	-0.104176	0.217243	8.56301
8.06019	-0.104176	0.217243	8.56301
8.06019	-0.104176	0.217243	8.56301
5.4859	-0.0742158	0.137541	19.8793
5.4859	-0.0742158	0.137541	19.8793
5.4859	-0.0742158	0.137541	19.8793
5.4859	-0.0742158	0.137541	19.8793
4.02832	-0.0451164	0.0960464	29.362
4.02832	-0.0451164	0.0960464	29.362
4.02832	-0.0451164	0.0960464	29.362
4.02832	-0.0451164	0.0960464	29.362
8.24683	-0.115419	0.2191	6.71685
8.24683	-0.115419	0.2191	6.71685
7.55277	-0.0922356	0.205948	8.8379
7.55277	-0.0922356	0.205948	8.8379
6.19396	-0.0902508	0.156867	29.2003
6.19396	-0.0902508	0.156867	29.2003
4.78334	-0.0563538	0.118258	23.535
4.78334	-0.0563538	0.118258	23.535
4.70798	-0.0524346	0.113785	27.6258
4.70798	-0.0524346	0.113785	27.6258
3.82127	-0.044337	0.0916178	19.0063
3.82127	-0.044337	0.0916178	19.0063
8.07977	-0.130976	0.211802	6.74632
8.07977	-0.130976	0.211802	6.74632
6.88747	-0.10762	0.175656	29.8618
6.88747	-0.10762	0.175656	29.8618
6.85925	-0.0806004	0.188778	14.0098
6.85925	-0.0806004	0.188778	14.0098
5.35721	-0.062974	0.131674	35.081
5.35721	-0.062974	0.131674	35.081
4.23608	-0.043512	0.102428	15.8342
4.23608	-0.043512	0.102428	15.8342
4.19894	-0.0385702	0.103341	23.1088
4.19894	-0.0385702	0.103341	23.1088
7.71385	-0.14835	0.20114	8.35146
7.71385	-0.14835	0.20114	8.35146
7.43427	-0.12219	0.19042	13.9979
7.43427	-0.12219	0.19042	13.9979
6.42283	-0.0798456	0.178476	17.6708
6.42283	-0.0798456	0.178476	17.6708
5.60411	-0.0656646	0.13869	49.0611
5.60411	-0.0656646	0.13869	49.0611
4.60065	-0.0422393	0.112567	16.1553
4.60065	-0.0422393	0.112567	16.1553
3.99207	-0.0303565	0.0967117	19.7908
3.99207	-0.0303565	0.0967117	19.7908
8.07977	-0.130976	0.211802	6.74632
8.07977	-0.130976	0.211802	6.74632
6.88747	-0.10762	0.175656	29.8618
6.88747	-0.10762	0.175656	29.8618
6.85925	-0.0806004	0.188778	14.0098
6.85925	-0.0806004	0.188778	14.0098
5.35721	-0.062974	0.131674	35.081
5.35721	-0.062974	0.131674	35.081
4.23608	-0.043512	0.102428	15.8342
4.23608	-0.043512	0.102428	15.8342
4.19894	-0.0385702	0.103341	23.1088
4.19894	-0.0385702	0.103341	23.1088
8.24683	-0.115419	0.2191	6.71685
8.24683	-0.115419	0.2191	6.71685
7.55277	-0.0922356	0.205948	8.8379
7.55277	-0.0922356	0.205948	8.8379
6.19396	-0.0902508	0.156867	29.2003
6.19396	-0.0902508	0.156867	29.2003
4.78334	-0.0563538	0.118258	23.535
4.78334	-0.0563538	0.118258	23.535
4.70798	-0.0524346	0.113785	27.6258
4.70798	-0.0524346	0.113785	27.6258
3.82127	-0.044337	0.0916178	19.0063
3.82127	-0.044337	0.0916178	19.0063
8.63546	-0.105122	0.233156	8.93239
8.63546	-0.105122	0.233156	8.93239
8.63546	-0.105122	0.233156	8.93239
8.63546	-0.105122	0.233156	8.93239
4.48602	-0.0579959	0.109219	23.0638
4.48602	-0.0579959	0.109219	23.0638
4.48602	-0.0579959	0.109219	23.0638
4.48602	-0.0579959	0.109219	23.0638
4.03066	-0.0399229	0.095871	25.515
4.03066	-0.0399229	0.095871	25.515
4.03066	-0.0399229	0.095871	25.515
4.03066	-0.0399229	0.095871	25.515
8.63986	-0.114039	0.231562	8.8096
8.63986	-0.114039	0.231562	8.8096
8.23563	-0.085912	0.223305	8.64487
8.23563	-0.085912	0.223305	8.64487
5.16002	-0.071357	0.128137	32.2489
5.16002	-0.071357	0.128137	32.2489
4.43898	-0.049913	0.106637	27.25
4.43898	-0.049913	0.106637	27.25
4.10164	-0.0492964	0.098294	19.3351
4.10164	-0.0492964	0.098294	19.3351
4.08062	-0.0471616	0.0987943	20.3623
4.08062	-0.0471616	0.0987943	20.3623
8.24683	-0.115419	0.2191	6.71685
8.24683	-0.115419	0.2191	6.71685
7.55277	-0.0922356	0.205948	8.8379
7.55277	-0.0922356	0.205948	8.8379
6.19396	-0.0902508	0.156867	29.2003
6.19396	-0.0902508	0.156867	29.2003
4.78334	-0.0563538	0.118258	23.535
4.78334	-0.0563538	0.118258	23.535
4.70798	-0.0524346	0.113785	27.6258
4.70798	-0.0524346	0.113785	27.6258
3.82127	-0.044337	0.0916178	19.0063
3.82127	-0.044337	0.0916178	19.0063
7.76284	-0.125156	0.206298	7.39984
7.76284	-0.125156	0.206298	7.39984
7.05957	-0.0986964	0.194057	16.2773
7.05957	-0.0986964	0.194057	16.2773
6.93674	-0.101216	0.176534	25.4676
6.93674	-0.101216	0.176534	25.4676
5.33223	-0.0658919	0.132743	27.6418
5.33223	-0.0658919	0.132743	27.6418
4.79258	-0.0539227	0.116068	26.8494
4.79258	-0.0539227	0.116068	26.8494
3.72056	-0.0341284	0.0888833	18.6971
3.72056	-0.0341284	0.0888833	18.6971
8.24683	-0.115419	0.2191	6.71685
8.24683	-0.115419	0.2191	6.71685
7.55277	-0.0922356	0.205948	8.8379
7.55277	-0.0922356	0.205948	8.8379
6.19396	-0.0902508	0.156867	29.2003
6.19396	-0.0902508	0.156867	29.2003
4.78334	-0.0563538	0.118258	23.535
4.78334	-0.0563538	0.118258	23.535
4.70798	-0.0524346	0.113785	27.6258
4.70798	-0.0524346	0.113785	27.6258
3.82127	-0.044337	0.0916178	19.0063
3.82127	-0.044337	0.0916178	19.0063
8.63986	-0.114039	0.231562	8.8096
8.63986	-0.114039	0.231562	8.8096
8.23563	-0.085912	0.223305	8.64487
8.23563	-0.085912	0.223305	8.64487
5.16002	-0.071357	0.128137	32.2489
5.16002	-0.071357	0.128137	32.2489
4.43898	-0.049913	0.106637	27.25
4.43898	-0.049913	0.106637	27.25
4.10164	-0.0492964	0.098294	19.3351
4.10164	-0.0492964	0.098294	19.3351
4.08062	-0.0471616	0.0987943	20.3623
4.08062	-0.0471616	0.0987943	20.3623
8.63546	-0.105122	0.233156	8.93239
8.63546	-0.105122	0.233156	8.93239
8.63546	-0.105122	0.233156	8.93239
8.63546	-0.105122	0.233156	8.93239
4.48602	-0.0579959	0.109219	23.0638
4.48602	-0.0579959	0.109219	23.0638
4.48602	-0.0579959	0.109219	23.0638
4.48602	-0.0579959	0.109219	23.0638
4.03066	-0.0399229	0.095871	25.515
4.03066	-0.0399229	0.095871	25.515
4.03066	-0.0399229	0.095871	25.515
4.03066	-0.0399229	0.095871	25.515
8.63986	-0.114039	0.231562	8.8096
8.63986	-0.114039	0.231562	8.8096
8.23563	-0.085912	0.223305	8.64487
8.23563	-0.085912	0.223305	8.64487
5.16002	-0.071357	0.128137	32.2489
5.16002	-0.071357	0.128137	32.2489
4.43898	-0.049913	0.106637	27.25
4.43898	-0.049913	0.106637	27.25
4.10164	-0.0492964	0.098294	19.3351
4.10164	-0.0492964	0.098294	19.3351
4.08062	-0.0471616	0.0987943	20.3623
4.08062	-0.0471616	0.0987943	20.3623
8.24683	-0.115419	0.2191	6.71685
8.24683	-0.115419	0.2191	6.71685
7.55277	-0.0922356	0.205948	8.8379
7.55277	-0.0922356	0.205948	8.8379
6.19396	-0.0902508	0.156867	29.2003
6.19396	-0.0902508	0.156867	29.2003
4.78334	-0.0563538	0.118258	23.535
4.78334	-0.0563538	0.118258	23.535
4.70798	-0.0524346	0.113785	27.6258
4.70798	-0.0524346	0.113785	27.6258
3.82127	-0.044337	0.0916178	19.0063
3.82127	-0.044337	0.0916178	19.0063
7.76284	-0.125156	0.206298	7.39984
7.76284	-0.125156	0.206298	7.39984
7.05957	-0.0986964	0.194057	16.2773
7.05957	-0.0986964	0.194057	16.2773
6.93674	-0.101216	0.176534	25.4676
6.93674	-0.101216	0.176534	25.4676
5.33223	-0.0658919	0.132743	27.6418
5.33223	-0.0658919	0.132743	27.6418
4.79258	-0.0539227	0.116068	26.8494
4.79258	-0.0539227	0.116068	26.8494
3.72056	-0.0341284	0.0888833	18.6971
3.72056	-0.0341284	0.0888833	18.6971
8.24683	-0.115419	0.2191	6.71685
8.24683	-0.115419	0.2191	6.71685
7.55277	-0.0922356	0.205948	8.8379
7.55277	-0.0922356	0.205948	8.8379
6.19396	-0.0902508	0.156867	29.2003
6.19396	-0.0902508	0.156867	29.2003
4.78334	-0.0563538	0.118258	23.535
4.78334	-0.0563538	0.118258	23.535
4.70798	-0.0524346	0.113785	27.6258
4.70798	-0.0524346	0.113785	27.6258
3.82127	-0.044337	0.0916178	19.0063
3.82127	-0.044337	0.0916178	19.0063
8.63986	-0.114039	0.231562	8.8096
8.63986	-0.114039	0.231562	8.8096
8.23563	-0.085912	0.223305	8.64487
8.23563	-0.085912	0.223305	8.64487
5.16002	-0.071357	0.128137	32.2489
5.16002	-0.071357	0.128137	32.2489
4.43898	-0.049913	0.106637	27.25
4.43898	-0.049913	0.106637	27.25
4.10164	-0.0492964	0.098294	19.3351
4.10164	-0.0492964	0.098294	19.3351
4.08062	-0.0471616	0.0987943	20.3623
4.08062	-0.0471616	0.0987943	20.3623
8.63986	-0.114039	0.231562	8.8096
8.63986	-0.114039	0.231562	8.8096
8.23563	-0.085912	0.223305	8.64487
8.23563	-0.085912	0.223305	8.64487
5.16002	-0.071357	0.128137	32.2489
5.16002	-0.071357	0.128137	32.2489
4.43898	-0.049913	0.106637	27.25
4.43898	-0.049913	0.106637	27.25
4.10164	-0.0492964	0.098294	19.3351
4.10164	-0.0492964	0.098294	19.3351
4.08062	-0.0471616	0.0987943	20.3623
4.08062	-0.0471616	0.0987943	20.3623
8.48017	-0.0932112	0.226571	9.68017
8.48017	-0.0932112	0.226571	9.68017
8.48017	-0.0932112	0.226571	9.68017
7.58997	-0.0805797	0.208425	12.485
5.27459	-0.0726286	0.131599	45.4044
5.27459	-0.0726286	0.131599	45.4044
5.27459	-0.0726286	0.131599	45.4044
4.62531	-0.0556418	0.111493	22.0987
4.62531	-0.0556418	0.111493	22.0987
4.62531	-0.0556418	0.111493	22.0987
3.49623	-0.0533795	0.0833563	19.7266
3.49623	-0.0533795	0.0833563	19.7266
8.26594	-0.103924	0.217528	6.73801
8.06817	-0.112421	0.215867	9.57462
8.06817	-0.112421	0.215867	9.57462
6.69414	-0.0792522	0.185755	28.097
6.54901	-0.100021	0.167067	44.7403
5.76219	-0.0717382	0.144248	43.5138
5.76219	-0.0717382	0.144248	43.5138
4.97278	-0.0539602	0.120126	25.5365
4.80948	-0.0536087	0.116824	28.0786
4.80948	-0.0536087	0.116824	28.0786
3.84222	-0.0514123	0.0939062	20.3741
2.97139	-0.0414553	0.0701613	24.1697
7.75928	-0.11173	0.207968	6.75397
7.75928	-0.11173	0.207968	6.75397
7.63115	-0.136345	0.196935	11.793
7.56551	-0.126035	0.198298	16.6296
6.15769	-0.0822216	0.154259	24.1748
6.15769	-0.0822216	0.154259	24.1748
6.08543	-0.0707803	0.170551	18.288
5.09394	-0.0643707	0.1234	23.0513
4.84317	-0.0538829	0.1181	28.6416
4.84317	-0.0538829	0.1181	28.6416
4.34711	-0.0336578	0.106834	22.8346
2.75312	-0.0433216	0.0648616	23.7336
8.26594	-0.103924	0.217528	6.73801
8.06817	-0.112421	0.215867	9.57462
8.06817	-0.112421	0.215867	9.57462
6.69414	-0.0792522	0.185755	28.097
6.54901	-0.100021	0.167067	44.7403
5.76219	-0.0717382	0.144248	43.5138
5.76219	-0.0717382	0.144248	43.5138
4.97278	-0.0539602	0.120126	25.5365
4.80948	-0.0536087	0.116824	28.0786
4.80948	-0.0536087	0.116824	28.0786
3.84222	-0.0514123	0.0939062	20.3741
2.97139	-0.0414553	0.0701613	24.1697
8.48017	-0.0932112	0.226571	9.68017
8.48017	-0.0932112	0.226571	9.68017
8.48017	-0.0932112	0.226571	9.68017
7.58997	-0.0805797	0.208425	12.485
5.27459	-0.0726286	0.131599	45.4044
5.27459	-0.0726286	0.131599	45.4044
5.27459	-0.0726286	0.131599	45.4044
4.62531	-0.0556418	0.111493	22.0987
4.62531	-0.0556418	0.111493	22.0987
4.62531	-0.0556418	0.111493	22.0987
3.49623	-0.0533795	0.0833563	19.7266
3.49623	-0.0533795	0.0833563	19.7266
8.24683	-0.115419	0.2191	6.71685
8.24683	-0.115419	0.2191	6.71685
7.55277	-0.0922356	0.205948	8.8379
7.55277	-0.0922356	0.205948	8.8379
6.19396	-0.0902508	0.156867	29.2003
6.19396	-0.0902508	0.156867	29.2003
4.78334	-0.0563538	0.118258	23.535
4.78334	-0.0563538	0.118258	23.535
4.70798	-0.0524346	0.113785	27.6258
4.70798	-0.0524346	0.113785	27.6258
3.82127	-0.044337	0.0916178	19.0063
3.82127	-0.044337	0.0916178	19.0063
8.26594	-0.103924	0.217528	6.73801
8.06817	-0.112421	0.215867	9.57462
8.06817	-0.112421	0.215867	9.57462
6.69414	-0.0792522	0.185755	28.097
6.54901	-0.100021	0.167067	44.7403
5.76219	-0.0717382	0.144248	43.5138
5.76219	-0.0717382	0.144248	43.5138
4.97278	-0.0539602	0.120126	25.5365
4.80948	-0.0536087	0.116824	28.0786
4.80948	-0.0536087	0.116824	28.0786
3.84222	-0.0514123	0.0939062	20.3741
2.97139	-0.0414553	0.0701613	24.1697
8.1908	-0.125398	0.21502	7.27047
8.1908	-0.125398	0.21502	7.27047
7.78811	-0.10196	0.209317	8.86659
6.70293	-0.105506	0.170347	27.8472
6.70293	-0.105506	0.170347	27.8472
5.64719	-0.0594522	0.158506	43.1307
5.46978	-0.0625787	0.135838	35.9457
5.4319	-0.0624543	0.132916	25.4726
5.4319	-0.0624543	0.132916	25.4726
5.08537	-0.0542978	0.123642	25.4769
3.1585	-0.0440521	0.0760099	20.6427
2.82839	-0.0407199	0.0687197	22.7208
8.14695	-0.124654	0.21367	6.89644
8.09827	-0.150662	0.210489	6.46894
7.62867	-0.120481	0.206283	9.22825
7.18683	-0.130819	0.184825	27.5455
6.6961	-0.107078	0.168693	21.4315
5.69087	-0.0703279	0.141016	43.4252
5.63178	-0.0660837	0.138111	33.1543
5.51357	-0.0643896	0.13575	24.115
5.10471	-0.0534055	0.124683	34.3931
4.9568	-0.0459352	0.140984	25.0287
3.44602	-0.0411329	0.0841417	14.4115
2.60296	-0.0453428	0.0630322	21.6767
8.1908	-0.125398	0.21502	7.27047
8.1908	-0.125398	0.21502	7.27047
7.78811	-0.10196	0.209317	8.86659
6.70293	-0.105506	0.170347	27.8472
6.70293	-0.105506	0.170347	27.8472
5.64719	-0.0594522	0.158506	43.1307
5.46978	-0.0625787	0.135838	35.9457
5.4319	-0.0624543	0.132916	25.4726
5.4319	-0.0624543	0.132916	25.4726
5.08537	-0.0542978	0.123642	25.4769
3.1585	-0.0440521	0.0760099	20.6427
2.82839	-0.0407199	0.0687197	22.7208
8.26594	-0.103924	0.217528	6.73801
8.06817	-0.112421	0.215867	9.57462
8.06817	-0.112421	0.215867	9.57462
6.69414	-0.0792522	0.185755	28.097
6.54901	-0.100021	0.167067	44.7403
5.76219	-0.0717382	0.144248	43.5138
5.76219	-0.0717382	0.144248	43.5138
4.97278	-0.0539602	0.120126	25.5365
4.80948	-0.0536087	0.116824	28.0786
4.80948	-0.0536087	0.116824	28.0786
3.84222	-0.0514123	0.0939062	20.3741
2.97139	-0.0414553	0.0701613	24.1697
7.76284	-0.125156	0.206298	7.39984
7.76284	-0.125156	0.206298	7.39984
7.05957	-0.0986964	0.194057	16.2773
7.05957	-0.0986964	0.194057	16.2773
6.93674	-0.101216	0.176534	25.4676
6.93674	-0.101216	0.176534	25.4676
5.33223	-0.0658919	0.132743	27.6418
5.33223	-0.0658919	0.132743	27.6418
4.79258	-0.0539227	0.116068	26.8494
4.79258	-0.0539227	0.116068	26.8494
3.72056	-0.0341284	0.0888833	18.6971
3.72056	-0.0341284	0.0888833	18.6971
7.75928	-0.11173	0.207968	6.75397
7.75928	-0.11173	0.207968	6.75397
7.63115	-0.136345	0.196935	11.793
7.56551	-0.126035	0.198298	16.6296
6.15769	-0.0822216	0.154259	24.1748
6.15769	-0.0822216	0.154259	24.1748
6.08543	-0.0707803	0.170551	18.288
5.09394	-0.0643707	0.1234	23.0513
4.84317	-0.0538829	0.1181	28.6416
4.84317	-0.0538829	0.1181	28.6416
4.34711	-0.0336578	0.106834	22.8346
2.75312	-0.0433216	0.0648616	23.7336
8.14695	-0.124654	0.21367	6.89644
8.09827	-0.150662	0.210489	6.46894
7.62867	-0.120481	0.206283	9.22825
7.18683	-0.130819	0.184825	27.5455
6.6961	-0.107078	0.168693	21.4315
5.69087	-0.0703279	0.141016	43.4252
5.63178	-0.0660837	0.138111	33.1543
5.51357	-0.0643896	0.13575	24.115
5.10471	-0.0534055	0.124683	34.3931
4.9568	-0.0459352	0.140984	25.0287
3.44602	-0.0411329	0.0841417	14.4115
2.60296	-0.0453428	0.0630322	21.6767
8.26187	-0.139978	0.214843	4.56881
8.26187	-0.139978	0.214843	4.56881
7.54297	-0.117802	0.204666	10.5366
6.88241	-0.108828	0.173481	86.6469
6.88241	-0.108828	0.173481	86.6469
6.00895	-0.0779129	0.150047	34.8251
6.00895	-0.0779129	0.150047	34.8251
5.25717	-0.0561412	0.128311	26.7229
5.25717	-0.0561412	0.128311	26.7229
4.16634	-0.0501502	0.122385	25.7115
3.04867	-0.0361498	0.0738867	13.8655
3.04867	-0.0361498	0.0738867	13.8655
8.14695	-0.124654	0.21367	6.89644
8.09827	-0.150662	0.210489	6.46894
7.62867	-0.120481	0.206283	9.22825
7.18683	-0.130819	0.184825	27.5455
6.6961	-0.107078	0.168693	21.4315
5.69087	-0.0703279	0.141016	43.4252
5.63178	-0.0660837	0.138111	33.1543
5.51357	-0.0643896	0.13575	24.115
5.10471	-0.0534055	0.124683	34.3931
4.9568	-0.0459352	0.140984	25.0287
3.44602	-0.0411329	0.0841417	14.4115
2.60296	-0.0453428	0.0630322	21.6767
7.75928	-0.11173	0.207968	6.75397
7.75928	-0.11173	0.207968	6.75397
7.63115	-0.136345	0.196935	11.793
7.56551	-0.126035	0.198298	16.6296
6.15769	-0.0822216	0.154259	24.1748
6.15769	-0.0822216	0.154259	24.1748
6.08543	-0.0707803	0.170551	18.288
5.09394	-0.0643707	0.1234	23.0513
4.84317	-0.0538829	0.1181	28.6416
4.84317	-0.0538829	0.1181	28.6416
4.34711	-0.0336578	0.106834	22.8346
2.75312	-0.0433216	0.0648616	23.7336
8.24683	-0.115419	0.2191	6.71685
8.24683	-0.115419	0.2191	6.71685
7.55277	-0.0922356	0.205948	8.8379
7.55277	-0.0922356	0.205948	8.8379
6.19396	-0.0902508	0.156867	29.2003
6.19396	-0.0902508	0.156867	29.2003
4.78334	-0.0563538	0.118258	23.535
4.78334	-0.0563538	0.118258	23.535
4.70798	-0.0524346	0.113785	27.6258
4.70798	-0.0524346	0.113785	27.6258
3.82127	-0.044337	0.0916178	19.0063
3.82127	-0.044337	0.0916178	19.0063
8.26594	-0.103924	0.217528	6.73801
8.06817	-0.112421	0.215867	9.57462
8.06817	-0.112421	0.215867	9.57462
6.69414	-0.0792522	0.185755	28.097
6.54901	-0.100021	0.167067	44.7403
5.76219	-0.0717382	0.144248	43.5138
5.76219	-0.0717382	0.144248	43.5138
4.97278	-0.0539602	0.120126	25.5365
4.80948	-0.0536087	0.116824	28.0786
4.80948	-0.0536087	0.116824	28.0786
3.84222	-0.0514123	0.0939062	20.3741
2.97139	-0.0414553	0.0701613	24.1697
8.1908	-0.125398	0.21502	7.27047
8.1908	-0.125398	0.21502	7.27047
7.78811	-0.10196	0.209317	8.86659
6.70293	-0.105506	0.170347	27.8472
6.70293	-0.105506	0.170347	27.8472
5.64719	-0.0594522	0.158506	43.1307
5.46978	-0.0625787	0.135838	35.9457
5.4319	-0.0624543	0.132916	25.4726
5.4319	-0.0624543	0.132916	25.4726
5.08537	-0.0542978	0.123642	25.4769
3.1585	-0.0440521	0.0760099	20.6427
2.82839	-0.0407199	0.0687197	22.7208
8.14695	-0.124654	0.21367	6.89644
8.09827	-0.150662	0.210489	6.46894
7.62867	-0.120481	0.206283	9.22825
7.18683	-0.130819	0.184825	27.5455
6.6961	-0.107078	0.168693	21.4315
5.69087	-0.0703279	0.141016	43.4252
5.63178	-0.0660837	0.138111	33.1543
5.51357	-0.0643896	0.13575	24.115
5.10471	-0.0534055	0.124683	34.3931
4.9568	-0.0459352	0.140984	25.0287
3.44602	-0.0411329	0.0841417	14.4115
2.60296	-0.0453428	0.0630322	21.6767
8.1908	-0.125398	0.21502	7.27047
8.1908	-0.125398	0.21502	7.27047
7.78811	-0.10196	0.209317	8.86659
6.70293	-0.105506	0.170347	27.8472
6.70293	-0.105506	0.170347	27.8472
5.64719	-0.0594522	0.158506	43.1307
5.46978	-0.0625787	0.135838	35.9457
5.4319	-0.0624543	0.132916	25.4726
5.4319	-0.0624543	0.132916	25.4726
5.08537	-0.0542978	0.123642	25.4769
3.1585	-0.0440521	0.0760099	20.6427
2.82839	-0.0407199	0.0687197	22.7208
8.26594	-0.103924	0.217528	6.73801
8.06817	-0.112421	0.215867	9.57462
8.06817	-0.112421	0.215867	9.57462
6.69414	-0.0792522	0.185755	28.097
6.54901	-0.100021	0.167067	44.7403
5.76219	-0.0717382	0.144248	43.5138
5.76219	-0.0717382	0.144248	43.5138
4.97278	-0.0539602	0.120126	25.5365
4.80948	-0.0536087	0.116824	28.0786
4.80948	-0.0536087	0.116824	28.0786
3.84222	-0.0514123	0.0939062	20.3741
2.97139	-0.0414553	0.0701613	24.1697
8.63986	-0.114039	0.231562	8.8096
8.63986	-0.114039	0.231562	8.8096
8.23563	-0.085912	0.223305	8.64487
8.23563	-0.085912	0.223305	8.64487
5.16002	-0.071357	0.128137	32.2489
5.16002	-0.071357	0.128137	32.2489
4.43898	-0.049913	0.106637	27.25
4.43898	-0.049913	0.106637	27.25
4.10164	-0.0492964	0.098294	19.3351
4.10164	-0.0492964	0.098294	19.3351
4.08062	-0.0471616	0.0987943	20.3623
4.08062	-0.0471616	0.0987943	20.3623
8.48017	-0.0932112	0.226571	9.68017
8.48017	-0.0932112	0.226571	9.68017
8.48017	-0.0932112	0.226571	9.68017
7.58997	-0.0805797	0.208425	12.485
5.27459	-0.0726286	0.131599	45.4044
5.27459	-0.0726286	0.131599	45.4044
5.27459	-0.0726286	0.131599	45.4044
4.62531	-0.0556418	0.111493	22.0987
4.62531	-0.0556418	0.111493	22.0987
4.62531	-0.0556418	0.111493	22.0987
3.49623	-0.0533795	0.0833563	19.7266
3.49623	-0.0533795	0.0833563	19.7266
8.26594	-0.103924	0.217528	6.73801
8.06817	-0.112421	0.215867	9.57462
8.06817	-0.112421	0.215867	9.57462
6.69414	-0.0792522	0.185755	28.097
6.54901	-0.100021	0.167067	44.7403
5.76219	-0.0717382	0.144248	43.5138
5.76219	-0.0717382	0.144248	43.5138
4.97278	-0.0539602	0.120126	25.5365
4.80948	-0.0536087	0.116824	28.0786
4.80948	-0.0536087	0.116824	28.0786
3.84222	-0.0514123	0.0939062	20.3741
2.97139	-0.0414553	0.0701613	24.1697
7.75928	-0.11173	0.207968	6.75397
7.75928	-0.11173	0.207968	6.75397
7.63115	-0.136345	0.196935	11.793
7.56551	-0.126035	0.198298	16.6296
6.15769	-0.0822216	0.154259	24.1748
6.15769	-0.0822216	0.154259	24.1748
6.08543	-0.0707803	0.170551	18.288
5.09394	-0.0643707	0.1234	23.0513
4.84317	-0.0538829	0.1181	28.6416
4.84317	-0.0538829	0.1181	28.6416
4.34711	-0.0336578	0.106834	22.8346
2.75312	-0.0433216	0.0648616	23.7336
8.26594	-0.103924	0.217528	6.73801
8.06817	-0.112421	0.215867	9.57462
8.06817	-0.112421	0.215867	9.57462
6.69414	-0.0792522	0.185755	28.097
6.54901	-0.100021	0.167067	44.7403
5.76219	-0.0717382	0.144248	43.5138
5.76219	-0.0717382	0.144248	43.5138
4.97278	-0.0539602	0.120126	25.5365
4.80948	-0.0536087	0.116824	28.0786
4.80948	-0.0536087	0.116824	28.0786
3.84222	-0.0514123	0.0939062	20.3741
2.97139	-0.0414553	0.0701613	24.1697
8.48017	-0.0932112	0.226571	9.68017
8.48017	-0.0932112	0.226571	9.68017
8.48017	-0.0932112	0.226571	9.68017
7.58997	-0.0805797	0.208425	12.485
5.27459	-0.0726286	0.131599	45.4044
5.27459	-0.0726286	0.131599	45.4044
5.27459	-0.0726286	0.131599	45.4044
4.62531	-0.0556418	0.111493	22.0987
4.62531	-0.0556418	0.111493	22.0987
4.62531	-0.0556418	0.111493	22.0987
3.49623	-0.0533795	0.0833563	19.7266
3.49623	-0.0533795	0.0833563	19.7266
8.06019	-0.104176	0.217243	8.56301
8.06019	-0.104176	0.217243	8.56301
8.06019	-0.104176	0.217243	8.56301
8.06019	-0.104176	0.217243	8.56301
5.4859	-0.0742158	0.137541	19.8793
5.4859	-0.0742158	0.137541	19.8793
5.4859	-0.0742158	0.137541	19.8793
5.4859	-0.0742158	0.137541	19.8793
4.02832	-0.0451164	0.0960464	29.362
4.02832	-0.0451164	0.0960464	29.362
4.02832	-0.0451164	0.0960464	29.362
4.02832	-0.0451164	0.0960464	29.362
8.24683	-0.115419	0.2191	6.71685
8.24683	-0.115419	0.2191	6.71685
7.55277	-0.0922356	0.205948	8.8379
7.55277	-0.0922356	0.205948	8.8379
6.19396	-0.0902508	0.156867	29.2003
6.19396	-0.0902508	0.156867	29.2003
4.78334	-0.0563538	0.118258	23.535
4.78334	-0.0563538	0.118258	23.535
4.70798	-0.0524346	0.113785	27.6258
4.70798	-0.0524346	0.113785	27.6258
3.82127	-0.044337	0.0916178	19.0063
3.82127	-0.044337	0.0916178	19.0063
8.07977	-0.130976	0.211802	6.74632
8.07977	-0.130976	0.211802	6.74632
6.88747	-0.10762	0.175656	29.8618
6.88747	-0.10762	0.175656	29.8618
6.85925	-0.0806004	0.188778	14.0098
6.85925	-0.0806004	0.188778	14.0098
5.35721	-0.062974	0.131674	35.081
5.35721	-0.062974	0.131674	35.081
4.23608	-0.043512	0.102428	15.8342
4.23608	-0.043512	0.102428	15.8342
4.19894	-0.0385702	0.103341	23.1088
4.19894	-0.0385702	0.103341	23.1088
7.71385	-0.14835	0.20114	8.35146
7.71385	-0.14835	0.20114	8.35146
7.43427	-0.12219	0.19042	13.9979
7.43427	-0.12219	0.19042	13.9979
6.42283	-0.0798456	0.178476	17.6708
6.42283	-0.0798456	0.178476	17.6708
5.60411	-0.0656646	0.13869	49.0611
5.60411	-0.0656646	0.13869	49.0611
4.60065	-0.0422393	0.112567	16.1553
4.60065	-0.0422393	0.112567	16.1553
3.99207	-0.0303565	0.0967117	19.7908
3.99207	-0.0303565	0.0967117	19.7908
8.07977	-0.130976	0.211802	6.74632
8.07977	-0.130976	0.211802	6.74632
6.88747	-0.10762	0.175656	29.8618
6.88747	-0.10762	0.175656	29.8618
6.85925	-0.0806004	0.188778	14.0098
6.85925	-0.0806004	0.188778	14.0098
5.35721	-0.062974	0.131674	35.081
5.35721	-0.062974	0.131674	35.081
4.23608	-0.043512	0.102428	15.8342
4.23608	-0.043512	0.102428	15.8342
4.19894	-0.0385702	0.103341	23.1088
4.19894	-0.0385702	0.103341	23.1088
8.24683	-0.115419	0.2191	6.71685
8.24683	-0.115419	0.2191	6.71685
7.55277	-0.0922356	0.205948	8.8379
7.55277	-0.0922356	0.205948	8.8379
6.19396	-0.0902508	0.156867	29.2003
6.19396	-0.0902508	0.156867	29.2003
4.78334	-0.0563538	0.118258	23.535
4.78334	-0.0563538	0.118258	23.535
4.70798	-0.0524346	0.113785	27.6258
4.70798	-0.0524346	0.113785	27.6258
3.82127	-0.044337	0.0916178	19.0063
3.82127	-0.044337	0.0916178	19.0063
8.24683	-0.115419	0.2191	6.71685
8.24683	-0.115419	0.2191	6.71685
7.55277	-0.0922356	0.205948	8.8379
7.55277	-0.0922356	0.205948	8.8379
6.19396	-0.0902508	0.156867	29.2003
6.19396	-0.0902508	0.156867	29.2003
4.78334	-0.0563538	0.118258	23.535
4.78334	-0.0563538	0.118258	23.535
4.70798	-0.0524346	0.113785	27.6258
4.70798	-0.0524346	0.113785	27.6258
3.82127	-0.044337	0.0916178	19.0063
3.82127	-0.044337	0.0916178	19.0063
8.26594	-0.103924	0.217528	6.73801
8.06817	-0.112421	0.215867	9.57462
8.06817	-0.112421	0.215867	9.57462
6.69414	-0.0792522	0.185755	28.097
6.54901	-0.100021	0.167067	44.7403
5.76219	-0.0717382	0.144248	43.5138
5.76219	-0.0717382	0.144248	43.5138
4.97278	-0.0539602	0.120126	25.5365
4.80948	-0.0536087	0.116824	28.0786
4.80948	-0.0536087	0.116824	28.0786
3.84222	-0.0514123	0.0939062	20.3741
2.97139	-0.0414553	0.0701613	24.1697
8.1908	-0.125398	0.21502	7.27047
8.1908	-0.125398	0.21502	7.27047
7.78811	-0.10196	0.209317	8.86659
6.70293	-0.105506	0.170347	27.8472
6.70293	-0.105506	0.170347	27.8472
5.64719	-0.0594522	0.158506	43.1307
5.46978	-0.0625787	0.135838	35.9457
5.4319	-0.0624543	0.132916	25.4726
5.4319	-0.0624543	0.132916	25.4726
5.08537	-0.0542978	0.123642	25.4769
3.1585	-0.0440521	0.0760099	20.6427
2.82839	-0.0407199	0.0687197	22.7208
8.14695	-0.124654	0.21367	6.89644
8.09827	-0.150662	0.210489	6.46894
7.62867	-0.120481	0.206283	9.22825
7.18683	-0.130819	0.184825	27.5455
6.6961	-0.107078	0.168693	21.4315
5.69087	-0.0703279	0.141016	43.4252
5.63178	-0.0660837	0.138111	33.1543
5.51357	-0.0643896	0.13575	24.115
5.10471	-0.0534055	0.124683	34.3931
4.9568	-0.0459352	0.140984	25.0287
3.44602	-0.0411329	0.0841417	14.4115
2.60296	-0.0453428	0.0630322	21.6767
8.1908	-0.125398	0.21502	7.27047
8.1908	-0.125398	0.21502	7.27047
7.78811	-0.10196	0.209317	8.86659
6.70293	-0.105506	0.170347	27.8472
6.70293	-0.105506	0.170347	27.8472
5.64719	-0.0594522	0.158506	43.1307
5.46978	-0.0625787	0.135838	35.9457
5.4319	-0.0624543	0.132916	25.4726
5.4319	-0.0624543	0.132916	25.4726
5.08537	-0.0542978	0.123642	25.4769
3.1585	-0.0440521	0.0760099	20.6427
2.82839	-0.0407199	0.0687197	22.7208
8.26594	-0.103924	0.217528	6.73801
8.06817	-0.112421	0.215867	9.57462
8.06817	-0.112421	0.215867	9.57462
6.69414	-0.0792522	0.185755	28.097
6.54901	-0.100021	0.167067	44.7403
5.76219	-0.0717382	0.144248	43.5138
5.76219	-0.0717382	0.144248	43.5138
4.97278	-0.0539602	0.120126	25.5365
4.80948	-0.0536087	0.116824	28.0786
4.80948	-0.0536087	0.116824	28.0786
3.84222	-0.0514123	0.0939062	20.3741
2.97139	-0.0414553	0.0701613	24.1697
8.07977	-0.130976	0.211802	6.74632
8.07977	-0.130976	0.211802	6.74632
6.88747	-0.10762	0.175656	29.8618
6.88747	-0.10762	0.175656	29.8618
6.85925	-0.0806004	0.188778	14.0098
6.85925	-0.0806004	0.188778	14.0098
5.35721	-0.062974	0.131674	35.081
5.35721	-0.062974	0.131674	35.081
4.23608	-0.043512	0.102428	15.8342
4.23608	-0.043512	0.102428	15.8342
4.19894	-0.0385702	0.103341	23.1088
4.19894	-0.0385702	0.103341	23.1088
8.1908	-0.125398	0.21502	7.27047
8.1908	-0.125398	0.21502	7.27047
7.78811	-0.101959	0.209317	8.86659
6.70293	-0.105506	0.170347	27.8472
6.70293	-0.105506	0.170347	27.8472
5.64719	-0.0594522	0.158506	43.1307
5.46978	-0.0625787	0.135838	35.9457
5.4319	-0.0624543	0.132916	25.4726
5.4319	-0.0624543	0.132916	25.4726
5.08537	-0.0542978	0.123642	25.4769
3.1585	-0.0440521	0.0760099	20.6427
2.82839	-0.0407199	0.0687197	22.7208
8.35794	-0.124238	0.220231	6.69911
8.35794	-0.124238	0.220231	6.69911
8.35794	-0.124238	0.220231	6.69911
6.34346	-0.0930861	0.15917	30.8025
6.34346	-0.0930861	0.15917	30.8025
6.34346	-0.0930861	0.15917	30.8025
5.62476	-0.0602165	0.13711	28.7328
5.62476	-0.0602165	0.13711	28.7328
5.62476	-0.0602165	0.13711	28.7328
4.29874	-0.0405494	0.122138	19.9724
2.02382	-0.0382002	0.0481755	31.3299
2.02382	-0.0382002	0.0481755	31.3299
8.54687	-0.126178	0.223039	3.77544
8.42572	-0.124959	0.222451	6.08503
8.42572	-0.124959	0.222451	6.08503
6.65511	-0.104618	0.167836	39.9101
6.09401	-0.0716587	0.15038	34.1685
6.09401	-0.0716587	0.15038	34.1685
5.80955	-0.0643987	0.141772	48.8177
5.8058	-0.065806	0.142689	57.9135
5.8058	-0.065806	0.142689	57.9135
3.37801	-0.0477116	0.0981139	16.8963
2.24107	-0.0446455	0.0548116	22.8477
1.38972	-0.0271387	0.0323115	71.7546
8.35794	-0.124238	0.220231	6.69911
8.35794	-0.124238	0.220231	6.69911
8.35794	-0.124238	0.220231	6.69911
6.34346	-0.0930861	0.15917	30.8025
6.34346	-0.0930861	0.15917	30.8025
6.34346	-0.0930861	0.15917	30.8025
5.62476	-0.0602165	0.13711	28.7328
5.62476	-0.0602165	0.13711	28.7328
5.62476	-0.0602165	0.13711	28.7328
4.29874	-0.0405494	0.122138	19.9724
2.02382	-0.0382002	0.0481755	31.3299
2.02382	-0.0382002	0.0481755	31.3299
8.1908	-0.125398	0.21502	7.27047
8.1908	-0.125398	0.21502	7.27047
7.78811	-0.10196	0.209317	8.86659
6.70293	-0.105506	0.170347	27.8472
6.70293	-0.105506	0.170347	27.8472
5.64719	-0.0594522	0.158506	43.1307
5.46978	-0.0625787	0.135838	35.9457
5.4319	-0.0624543	0.132916	25.4726
5.4319	-0.0624543	0.132916	25.4726
5.08537	-0.0542978	0.123642	25.4769
3.1585	-0.0440521	0.0760099	20.6427
2.82839	-0.0407199	0.0687197	22.7208
7.71385	-0.14835	0.20114	8.35146
7.71385	-0.14835	0.20114	8.35146
7.43427	-0.12219	0.19042	13.9979
7.43427	-0.12219	0.19042	13.9979
6.42283	-0.0798456	0.178476	17.6708
6.42283	-0.0798456	0.178476	17.6708
5.60411	-0.0656646	0.13869	49.0611
5.60411	-0.0656646	0.13869	49.0611
4.60065	-0.0422393	0.112567	16.1553
4.60065	-0.0422393	0.112567	16.1553
3.99207	-0.0303565	0.0967117	19.7908
3.99207	-0.0303565	0.0967117	19.7908
8.14695	-0.124654	0.21367	6.89644
8.09827	-0.150662	0.210489	6.46894
7.62867	-0.120481	0.206283	9.22825
7.18683	-0.130819	0.184825	27.5455
6.6961	-0.107078	0.168693	21.4315
5.69087	-0.0703279	0.141016	43.4252
5.63178	-0.0660837	0.138111	33.1543
5.51357	-0.0643896	0.13575	24.115
5.10471	-0.0534055	0.124683	34.3931
4.9568	-0.0459352	0.140984	25.0287
3.44602	-0.0411329	0.0841417	14.4115
2.60296	-0.0453428	0.0630322	21.6767
8.54687	-0.126178	0.223039	3.77544
8.42572	-0.124959	0.222451	6.08503
8.42572	-0.124959	0.222451	6.08503
6.65511	-0.104618	0.167836	39.9101
6.09401	-0.0716587	0.15038	34.1685
6.09401	-0.0716587	0.15038	34.1685
5.80955	-0.0643987	0.141772	48.8177
5.8058	-0.065806	0.142689	57.9135
5.8058	-0.065806	0.142689	57.9135
3.37801	-0.0477116	0.0981139	16.8963
2.24107	-0.0446455	0.0548116	22.8477
1.38972	-0.0271387	0.0323115	71.7546
8.7042	-0.0966563	0.227004	3.43784
8.7042	-0.0966563	0.227004	3.43784
8.52114	-0.154534	0.22629	4.47015
6.29292	-0.0809215	0.155548	52.8716
6.29292	-0.0809215	0.155548	52.8716
6.04418	-0.0747504	0.149019	49.7586
6.04418	-0.0747504	0.149019	49.7586
5.85714	-0.063046	0.143255	47.0964
5.85714	-0.063046	0.143255	47.0964
2.1136	-0.0319192	0.0646671	72.0566
1.58146	-0.0315106	0.038471	55.7597
1.58146	-0.0315106	0.038471	55.7597
8.54687	-0.126178	0.223039	3.77544
8.42572	-0.124959	0.222451	6.08503
8.42572	-0.124959	0.222451	6.08503
6.65511	-0.104618	0.167836	39.9101
6.09401	-0.0716587	0.15038	34.1685
6.09401	-0.0716587	0.15038	34.1685
5.80955	-0.0643987	0.141772	48.8177
5.8058	-0.065806	0.142689	57.9135
5.8058	-0.065806	0.142689	57.9135
3.37801	-0.0477116	0.0981139	16.8963
2.24107	-0.0446455	0.0548116	22.8477
1.38972	-0.0271387	0.0323115	71.7546
8.14695	-0.124654	0.21367	6.89644
8.09827	-0.150662	0.210489	6.46894
7.62867	-0.120481	0.206283	9.22825
7.18683	-0.130819	0.184825	27.5455
6.6961	-0.107078	0.168693	21.4315
5.69087	-0.0703279	0.141016	43.4252
5.63178	-0.0660837	0.138111	33.1543
5.51357	-0.0643896	0.13575	24.115
5.10471	-0.0534055	0.124683	34.3931
4.9568	-0.0459352	0.140984	25.0287
3.44602	-0.0411329	0.0841417	14.4115
2.60296	-0.0453428	0.0630322	21.6767
8.07977	-0.130976	0.211802	6.74632
8.07977	-0.130976	0.211802	6.74632
6.88747	-0.10762	0.175656	29.8618
6.88747	-0.10762	0.175656	29.8618
6.85925	-0.0806004	0.188778	14.0098
6.85925	-0.0806004	0.188778	14.0098
5.35721	-0.062974	0.131674	35.081
5.35721	-0.062974	0.131674	35.081
4.23608	-0.043512	0.102428	15.8342
4.23608	-0.043512	0.102428	15.8342
4.19894	-0.0385702	0.103341	23.1088
4.19894	-0.0385702	0.103341	23.1088
8.1908	-0.125398	0.21502	7.27047
8.1908	-0.125398	0.21502	7.27047
7.78811	-0.10196	0.209317	8.86659
6.70293	-0.105506	0.170347	27.8472
6.70293	-0.105506	0.170347	27.8472
5.64719	-0.0594522	0.158506	43.1307
5.46978	-0.0625787	0.135838	35.9457
5.4319	-0.0624543	0.132916	25.4726
5.4319	-0.0624543	0.132916	25.4726
5.08537	-0.0542978	0.123642	25.4769
3.1585	-0.0440521	0.0760099	20.6427
2.82839	-0.0407199	0.0687197	22.7208
8.35794	-0.124238	0.220231	6.69911
8.35794	-0.124238	0.220231	6.69911
8.35794	-0.124238	0.220231	6.69911
6.34346	-0.0930861	0.15917	30.8025
6.34346	-0.0930861	0.15917	30.8025
6.34346	-0.0930861	0.15917	30.8025
5.62476	-0.0602165	0.13711	28.7328
5.62476	-0.0602165	0.13711	28.7328
5.62476	-0.0602165	0.13711	28.7328
4.29874	-0.0405494	0.122138	19.9724
2.02382	-0.0382002	0.0481755	31.3299
2.02382	-0.0382002	0.0481755	31.3299
8.54687	-0.126178	0.223039	3.77544
8.42572	-0.124959	0.222451	6.08503
8.42572	-0.124959	0.222451	6.08503
6.65511	-0.104618	0.167836	39.9101
6.09401	-0.0716587	0.15038	34.1685
6.09401	-0.0716587	0.15038	34.1685
5.80955	-0.0643987	0.141772	48.8177
5.8058	-0.065806	0.142689	57.9135
5.8058	-0.065806	0.142689	57.9135
3.37801	-0.0477116	0.0981139	16.8963
2.24107	-0.0446455	0.0548116	22.8477
1.38972	-0.0271387	0.0323115	71.7546
8.35794	-0.124238	0.220231	6.69911
8.35794	-0.124238	0.220231	6.69911
8.35794	-0.124238	0.220231	6.69911
6.34346	-0.0930861	0.15917	30.8025
6.34346	-0.0930861	0.15917	30.8025
6.34346	-0.0930861	0.15917	30.8025
5.62476	-0.0602165	0.13711	28.7328
5.62476	-0.0602165	0.13711	28.7328
5.62476	-0.0602165	0.13711	28.7328
4.29874	-0.0405494	0.122138	19.9724
2.02382	-0.0382002	0.0481755	31.3299
2.02382	-0.0382002	0.0481755	31.3299
8.1908	-0.125398	0.21502	7.27047
8.1908	-0.125398	0.21502	7.27047
7.78811	-0.10196	0.209317	8.86659
6.70293	-0.105506	0.170347	27.8472
6.70293	-0.105506	0.170347	27.8472
5.64719	-0.0594522	0.158506	43.1307
5.46978	-0.0625787	0.135838	35.9457
5.4319	-0.0624543	0.132916	25.4726
5.4319	-0.0624543	0.132916	25.4726
5.08537	-0.0542978	0.123642	25.4769
3.1585	-0.0440521	0.0760099	20.6427
2.82839	-0.0407199	0.0687197	22.7208
8.24683	-0.115419	0.2191	6.71685
8.24683	-0.115419	0.2191	6.71685
7.55277	-0.0922356	0.205948	8.8379
7.55277	-0.0922356	0.205948	8.8379
6.19396	-0.0902508	0.156867	29.2003
6.19396	-0.0902508	0.156867	29.2003
4.78334	-0.0563538	0.118258	23.535
4.78334	-0.0563538	0.118258	23.535
4.70798	-0.0524346	0.113785	27.6258
4.70798	-0.0524346	0.113785	27.6258
3.82127	-0.044337	0.0916178	19.0063
3.82127	-0.044337	0.0916178	19.0063
8.26594	-0.103924	0.217528	6.73801
8.06817	-0.112421	0.215867	9.57462
8.06817	-0.112421	0.215867	9.57462
6.69414	-0.0792522	0.185755	28.097
6.54901	-0.100021	0.167067	44.7403
5.76219	-0.0717382	0.144248	43.5138
5.76219	-0.0717382	0.144248	43.5138
4.97278	-0.0539602	0.120126	25.5365
4.80948	-0.0536087	0.116824	28.0786
4.80948	-0.0536087	0.116824	28.0786
3.84222	-0.0514123	0.0939062	20.3741
2.97139	-0.0414553	0.0701613	24.1697
8.1908	-0.125398	0.21502	7.27047
8.1908	-0.125398	0.21502	7.27047
7.78811	-0.10196	0.209317	8.86659
6.70293	-0.105506	0.170347	27.8472
6.70293	-0.105506	0.170347	27.8472
5.64719	-0.0594522	0.158506	43.1307
5.46978	-0.0625787	0.135838	35.9457
5.4319	-0.0624543	0.132916	25.4726
5.4319	-0.0624543	0.132916	25.4726
5.08537	-0.0542978	0.123642	25.4769
3.1585	-0.0440521	0.0760099	20.6427
2.82839	-0.0407199	0.0687197	22.7208
8.14695	-0.124654	0.21367	6.89644
8.09827	-0.150662	0.210489	6.46894
7.62867	-0.120481	0.206283	9.22825
7.18683	-0.130819	0.184825	27.5455
6.6961	-0.107078	0.168693	21.4315
5.69087	-0.0703279	0.141016	43.4252
5.63178	-0.0660837	0.138111	33.1543
5.51357	-0.0643896	0.13575	24.115
5.10471	-0.0534055	0.124683	34.3931
4.9568	-0.0459352	0.140984	25.0287
3.44602	-0.0411329	0.0841417	14.4115
2.60296	-0.0453428	0.0630322	21.6767
8.1908	-0.125398	0.21502	7.27047
8.1908	-0.125398	0.21502	7.27047
7.78811	-0.10196	0.209317	8.86659
6.70293	-0.105506	0.170347	27.8472
6.70293	-0.105506	0.170347	27.8472
5.64719	-0.0594522	0.158506	43.1307
5.46978	-0.0625787	0.135838	35.9457
5.4319	-0.0624543	0.132916	25.4726
5.4319	-0.0624543	0.132916	25.4726
5.08537	-0.0542978	0.123642	25.4769
3.1585	-0.0440521	0.0760099	20.6427
2.82839	-0.0407199	0.0687197	22.7208
8.26594	-0.103924	0.217528	6.73801
8.06817	-0.112421	0.215867	9.57462
8.06817	-0.112421	0.215867	9.57462
6.69414	-0.0792522	0.185755	28.097
6.54901	-0.100021	0.167067	44.7403
5.76219	-0.0717382	0.144248	43.5138
5.76219	-0.0717382	0.144248	43.5138
4.97278	-0.0539602	0.120126	25.5365
4.80948	-0.0536087	0.116824	28.0786
4.80948	-0.0536087	0.116824	28.0786
3.84222	-0.0514123	0.0939062	20.3741
2.97139	-0.0414553	0.0701613	24.1697
7.54587	-0.133466	0.204933	8.25253
7.54587	-0.133466	0.204933	8.25253
7.54587	-0.133466	0.204933	8.25253
7.54587	-0.133466	0.204933	8.25253
6.18908	-0.0755255	0.155905	27.4774
6.18908	-0.0755255	0.155905	27.4774
6.18908	-0.0755255	0.155905	27.4774
6.18908	-0.0755255	0.155905	27.4774
4.02716	-0.0400789	0.0959602	20.8436
4.02716	-0.0400789	0.0959602	20.8436
4.02716	-0.0400789	0.0959602	20.8436
4.02716	-0.0400789	0.0959602	20.8436
7.76284	-0.125156	0.206298	7.39984
7.76284	-0.125156	0.206298	7.39984
7.05957	-0.0986964	0.194057	16.2773
7.05957	-0.0986964	0.194057	16.2773
6.93674	-0.101216	0.176534	25.4676
6.93674	-0.101216	0.176534	25.4676
5.33223	-0.0658919	0.132743	27.6418
5.33223	-0.0658919	0.132743	27.6418
4.79258	-0.0539227	0.116068	26.8494
4.79258	-0.0539227	0.116068	26.8494
3.72056	-0.0341284	0.0888833	18.6971
3.72056	-0.0341284	0.0888833	18.6971
7.71385	-0.14835	0.20114	8.35146
7.71385	-0.14835	0.20114	8.35146
7.43427	-0.12219	0.19042	13.9979
7.43427	-0.12219	0.19042	13.9979
6.42283	-0.0798456	0.178476	17.6708
6.42283	-0.0798456	0.178476	17.6708
5.60411	-0.0656646	0.13869	49.0611
5.60411	-0.0656646	0.13869	49.0611
4.60065	-0.0422393	0.112567	16.1553
4.60065	-0.0422393	0.112567	16.1553
3.99207	-0.0303565	0.0967117	19.7908
3.99207	-0.0303565	0.0967117	19.7908
7.6078	-0.159505	0.196028	12.9564
7.6078	-0.159505	0.196028	12.9564
7.6078	-0.159505	0.196028	12.9564
7.6078	-0.159505	0.196028	12.9564
6.03504	-0.0682956	0.169342	53.564
6.03504	-0.0682956	0.169342	53.564
5.99125	-0.0823963	0.15055	52.7598
5.99125	-0.0823963	0.15055	52.7598
4.30086	-0.0334468	0.104278	19.7225
4.30086	-0.0334468	0.104278	19.7225
4.30086	-0.0334468	0.104278	19.7225
4.30086	-0.0334468	0.104278	19.7225
7.71385	-0.14835	0.20114	8.35146
7.71385	-0.14835	0.20114	8.35146
7.43427	-0.12219	0.19042	13.9979
7.43427	-0.12219	0.19042	13.9979
6.42283	-0.0798456	0.178476	17.6708
6.42283	-0.0798456	0.178476	17.6708
5.60411	-0.0656646	0.13869	49.0611
5.60411	-0.0656646	0.13869	49.0611
4.60065	-0.0422393	0.112567	16.1553
4.60065	-0.0422393	0.112567	16.1553
3.99207	-0.0303565	0.0967117	19.7908
3.99207	-0.0303565	0.0967117	19.7908
7.76284	-0.125156	0.206298	7.39984
7.76284	-0.125156	0.206298	7.39984
7.05957	-0.0986964	0.194057	16.2773
7.05957	-0.0986964	0.194057	16.2773
6.93674	-0.101216	0.176534	25.4676
6.93674	-0.101216	0.176534	25.4676
5.33223	-0.0658919	0.132743	27.6418
5.33223	-0.0658919	0.132743	27.6418
4.79258	-0.0539227	0.116068	26.8494
4.79258	-0.0539227	0.116068	26.8494
3.72056	-0.0341284	0.0888833	18.6971
3.72056	-0.0341284	0.0888833	18.6971
7.76284	-0.125156	0.206298	7.39984
7.76284	-0.125156	0.206298	7.39984
7.05957	-0.0986964	0.194057	16.2773
7.05957	-0.0986964	0.194057	16.2773
6.93674	-0.101216	0.176534	25.4676
6.93674	-0.101216	0.176534	25.4676
5.33223	-0.0658919	0.132743	27.6418
5.33223	-0.0658919	0.132743	27.6418
4.79258	-0.0539227	0.116068	26.8494
4.79258	-0.0539227	0.116068	26.8494
3.72056	-0.0341284	0.0888833	18.6971
3.72056	-0.0341284	0.0888833	18.6971
7.75928	-0.11173	0.207968	6.75397
7.75928	-0.11173	0.207968	6.75397
7.63115	-0.136345	0.196935	11.793
7.56551	-0.126035	0.198298	16.6296
6.15769	-0.0822216	0.154259	24.1748
6.15769	-0.0822216	0.154259	24.1748
6.08543	-0.0707803	0.170551	18.288
5.09394	-0.0643707	0.1234	23.0513
4.84317	-0.0538829	0.1181	28.6416
4.84317	-0.0538829	0.1181	28.6416
4.34711	-0.0336578	0.106834	22.8346
2.75312	-0.0433216	0.0648616	23.7336
8.14695	-0.124654	0.21367	6.89644
8.09827	-0.150662	0.210489	6.46894
7.62867	-0.120481	0.206283	9.22825
7.18683	-0.130819	0.184825	27.5455
6.6961	-0.107078	0.168693	21.4315
5.69087	-0.0703279	0.141016	43.4252
5.63178	-0.0660837	0.138111	33.1543
5.51357	-0.0643896	0.13575	24.115
5.10471	-0.0534055	0.124683	34.3931
4.9568	-0.0459352	0.140984	25.0287
3.44602	-0.0411329	0.0841417	14.4115
2.60296	-0.0453428	0.0630322	21.6767
8.26187	-0.139978	0.214843	4.56881
8.26187	-0.139978	0.214843	4.56881
7.54297	-0.117802	0.204666	10.5366
6.88241	-0.108828	0.173481	86.6469
6.88241	-0.108828	0.173481	86.6469
6.00895	-0.0779129	0.150047	34.8251
6.00895	-0.0779129	0.150047	34.8251
5.25717	-0.0561412	0.128311	26.7229
5.25717	-0.0561412	0.128311	26.7229
4.16634	-0.0501502	0.122385	25.7115
3.04867	-0.0361498	0.0738867	13.8655
3.04867	-0.0361498	0.0738867	13.8655
8.14695	-0.124654	0.21367	6.89644
8.09827	-0.150662	0.210489	6.46894
7.62867	-0.120481	0.206283	9.22825
7.18683	-0.130819	0.184825	27.5455
6.6961	-0.107078	0.168693	21.4315
5.69087	-0.0703279	0.141016	43.4252
5.63178	-0.0660837	0.138111	33.1543
5.51357	-0.0643896	0.13575	24.115
5.10471	-0.0534055	0.124683	34.3931
4.9568	-0.0459352	0.140984	25.0287
3.44602	-0.0411329	0.0841417	14.4115
2.60296	-0.0453428	0.0630322	21.6767
7.75928	-0.11173	0.207968	6.75397
7.75928	-0.11173	0.207968	6.75397
7.63115	-0.136345	0.196935	11.793
7.56551	-0.126035	0.198298	16.6296
6.15769	-0.0822216	0.154259	24.1748
6.15769	-0.0822216	0.154259	24.1748
6.08543	-0.0707803	0.170551	18.288
5.09394	-0.0643707	0.1234	23.0513
4.84317	-0.0538829	0.1181	28.6416
4.84317	-0.0538829	0.1181	28.6416
4.34711	-0.0336578	0.106834	22.8346
2.75312	-0.0433216	0.0648616	23.7336
7.71385	-0.14835	0.20114	8.35146
7.71385	-0.14835	0.20114	8.35146
7.43427	-0.12219	0.19042	13.9979
7.43427	-0.12219	0.19042	13.9979
6.42283	-0.0798456	0.178476	17.6708
6.42283	-0.0798456	0.178476	17.6708
5.60411	-0.0656646	0.13869	49.0611
5.60411	-0.0656646	0.13869	49.0611
4.60065	-0.0422393	0.112567	16.1553
4.60065	-0.0422393	0.112567	16.1553
3.99207	-0.0303565	0.0967117	19.7908
3.99207	-0.0303565	0.0967117	19.7908
8.14695	-0.124654	0.21367	6.89644
8.09827	-0.150662	0.210489	6.46894
7.62867	-0.120481	0.206283	9.22825
7.18683	-0.130819	0.184825	27.5455
6.6961	-0.107078	0.168693	21.4315
5.69087	-0.0703279	0.141016	43.4252
5.63178	-0.0660837	0.138111	33.1543
5.51357	-0.0643896	0.13575	24.115
5.10471	-0.0534055	0.124683	34.3931
4.9568	-0.0459352	0.140984	25.0287
3.44602	-0.0411329	0.0841417	14.4115
2.60296	-0.0453428	0.0630322	21.6767
8.54687	-0.126178	0.223039	3.77544
8.42572	-0.124959	0.222451	6.08503
8.42572	-0.124959	0.222451	6.08503
6.65511	-0.104618	0.167836	39.9101
6.09401	-0.0716587	0.15038	34.1685
6.09401	-0.0716587	0.15038	34.1685
5.80955	-0.0643987	0.141772	48.8177
5.8058	-0.065806	0.142689	57.9135
5.8058	-0.065806	0.142689	57.9135
3.37801	-0.0477116	0.0981139	16.8963
2.24107	-0.0446455	0.0548116	22.8477
1.38972	-0.0271387	0.0323115	71.7546
8.7042	-0.0966563	0.227004	3.43784
8.7042	-0.0966563	0.227004	3.43784
8.52114	-0.154534	0.22629	4.47015
6.29292	-0.0809215	0.155548	52.8716
6.29292	-0.0809215	0.155548	52.8716
6.04418	-0.0747504	0.149019	49.7586
6.04418	-0.0747504	0.149019	49.7586
5.85714	-0.063046	0.143255	47.0964
5.85714	-0.063046	0.143255	47.0964
2.1136	-0.0319192	0.0646671	72.0566
1.58146	-0.0315106	0.038471	55.7597
1.58146	-0.0315106	0.038471	55.7597
8.54687	-0.126178	0.223039	3.77544
8.42572	-0.124959	0.222451	6.08503
8.42572	-0.124959	0.222451	6.08503
6.65511	-0.104618	0.167836	39.9101
6.09401	-0.0716587	0.15038	34.1685
6.09401	-0.0716587	0.15038	34.1685
5.80955	-0.0643987	0.141772	48.8177
5.8058	-0.065806	0.142689	57.9135
5.8058	-0.065806	0.142689	57.9135
3.37801	-0.0477116	0.0981139	16.8963
2.24107	-0.0446455	0.0548116	22.8477
1.38972	-0.0271387	0.0323115	71.7546
8.14695	-0.124654	0.21367	6.89644
8.09827	-0.150662	0.210489	6.46894
7.62867	-0.120481	0.206283	9.22825
7.18683	-0.130819	0.184825	27.5455
6.6961	-0.107078	0.168693	21.4315
5.69087	-0.0703279	0.141016	43.4252
5.63178	-0.0660837	0.138111	33.1543
5.51357	-0.0643896	0.13575	24.115
5.10471	-0.0534055	0.124683	34.3931
4.9568	-0.0459352	0.140984	25.0287
3.44602	-0.0411329	0.0841417	14.4115
2.60296	-0.0453428	0.0630322	21.6767
7.6078	-0.159505	0.196028	12.9564
7.6078	-0.159505	0.196028	12.9564
7.6078	-0.159505	0.196028	12.9564
7.6078	-0.159505	0.196028	12.9564
6.03504	-0.0682956	0.169342	53.564
6.03504	-0.0682956	0.169342	53.564
5.99125	-0.0823963	0.15055	52.7598
5.99125	-0.0823963	0.15055	52.7598
4.30086	-0.0334468	0.104278	19.7225
4.30086	-0.0334468	0.104278	19.7225
4.30086	-0.0334468	0.104278	19.7225
4.30086	-0.0334468	0.104278	19.7225
8.26187	-0.139978	0.214843	4.56881
8.26187	-0.139978	0.214843	4.56881
7.54297	-0.117802	0.204666	10.5366
6.88241	-0.108828	0.173481	86.6469
6.88241	-0.108828	0.173481	86.6469
6.00895	-0.0779129	0.150047	34.8251
6.00895	-0.0779129	0.150047	34.8251
5.25717	-0.0561412	0.128311	26.7229
5.25717	-0.0561412	0.128311	26.7229
4.16634	-0.0501502	0.122385	25.7115
3.04867	-0.0361498	0.0738867	13.8655
3.04867	-0.0361498	0.0738867	13.8655
8.7042	-0.0966563	0.227004	3.43784
8.7042	-0.0966563	0.227004	3.43784
8.52114	-0.154534	0.22629	4.47015
6.29292	-0.0809215	0.155548	52.8716
6.29292	-0.0809215	0.155548	52.8716
6.04418	-0.0747504	0.149019	49.7586
6.04418	-0.0747504	0.149019	49.7586
5.85714	-0.063046	0.143255	47.0964
5.85714	-0.063046	0.143255	47.0964
2.1136	-0.0319192	0.0646671	72.0566
1.58146	-0.0315106	0.038471	55.7597
1.58146	-0.0315106	0.038471	55.7597
8.85936	-0.0575306	0.230813	4.03524
8.85936	-0.0575306	0.230813	4.03524
8.85936	-0.0575306	0.230813	4.03524
6.06172	-0.0744086	0.14858	59.6435
6.06172	-0.0744086	0.14858	59.6435
6.06172	-0.0744086	0.14858	59.6435
6.06172	-0.0744086	0.14858	59.6435
6.06172	-0.0744086	0.14858	59.6435
6.06172	-0.0744086	0.14858	59.6435
0	0	0	0
0	0	0	0
0	0	0	0
7.71385	-0.14835	0.20114	8.35146
7.71385	-0.14835	0.20114	8.35146
7.43427	-0.12219	0.19042	13.9979
7.43427	-0.12219	0.19042	13.9979
6.42283	-0.0798456	0.178476	17.6708
6.42283	-0.0798456	0.178476	17.6708
5.60411	-0.0656646	0.13869	49.0611
5.60411	-0.0656646	0.13869	49.0611
4.60065	-0.0422393	0.112567	16.1553
4.60065	-0.0422393	0.112567	16.1553
3.99207	-0.0303565	0.0967117	19.7908
3.99207	-0.0303565	0.0967117	19.7908
7.76284	-0.125156	0.206298	7.39984
7.76284	-0.125156	0.206298	7.39984
7.05957	-0.0986964	0.194057	16.2773
7.05957	-0.0986964	0.194057	16.2773
6.93674	-0.101216	0.176534	25.4676
6.93674	-0.101216	0.176534	25.4676
5.33223	-0.0658919	0.132743	27.6418
5.33223	-0.0658919	0.132743	27.6418
4.79258	-0.0539227	0.116068	26.8494
4.79258	-0.0539227	0.116068	26.8494
3.72056	-0.0341284	0.0888833	18.6971
3.72056	-0.0341284	0.0888833	18.6971
8.06019	-0.104176	0.217243	8.56301
8.06019	-0.104176	0.217243	8.56301
8.06019	-0.104176	0.217243	8.56301
8.06019	-0.104176	0.217243	8.56301
5.4859	-0.0742158	0.137541	19.8793
5.4859	-0.0742158	0.137541	19.8793
5.4859	-0.0742158	0.137541	19.8793
5.4859	-0.0742158	0.137541	19.8793
4.02832	-0.0451164	0.0960464	29.362
4.02832	-0.0451164	0.0960464	29.362
4.02832	-0.0451164	0.0960464	29.362
4.02832	-0.0451164	0.0960464	29.362
8.24683	-0.115419	0.2191	6.71685
8.24683	-0.115419	0.2191	6.71685
7.55277	-0.0922356	0.205948	8.8379
7.55277	-0.0922356	0.205948	8.8379
6.19396	-0.0902508	0.156867	29.2003
6.19396	-0.0902508	0.156867	29.2003
4.78334	-0.0563538	0.118258	23.535
4.78334	-0.0563538	0.118258	23.535
4.70798	-0.0524346	0.113785	27.6258
4.70798	-0.0524346	0.113785	27.6258
3.82127	-0.044337	0.0916178	19.0063
3.82127	-0.044337	0.0916178	19.0063
8.07977	-0.130976	0.211802	6.74632
8.07977	-0.130976	0.211802	6.74632
6.88747	-0.10762	0.175656	29.8618
6.88747	-0.10762	0.175656	29.8618
6.85925	-0.0806004	0.188778	14.0098
6.85925	-0.0806004	0.188778	14.0098
5.35721	-0.062974	0.131674	35.081
5.35721	-0.062974	0.131674	35.081
4.23608	-0.043512	0.102428	15.8342
4.23608	-0.043512	0.102428	15.8342
4.19894	-0.0385702	0.103341	23.1088
4.19894	-0.0385702	0.103341	23.1088
7.71385	-0.14835	0.20114	8.35146
7.71385	-0.14835	0.20114	8.35146
7.43427	-0.12219	0.19042	13.9979
7.43427	-0.12219	0.19042	13.9979
6.42283	-0.0798456	0.178476	17.6708
6.42283	-0.0798456	0.178476	17.6708
5.60411	-0.0656646	0.13869	49.0611
5.60411	-0.0656646	0.13869	49.0611
4.60065	-0.0422393	0.112567	16.1553
4.60065	-0.0422393	0.112567	16.1553
3.99207	-0.0303565	0.0967117	19.7908
3.99207	-0.0303565	0.0967117	19.7908
8.07977	-0.130976	0.211802	6.74632
8.07977	-0.130976	0.211802	6.74632
6.88747	-0.10762	0.175656	29.8618
6.88747	-0.10762	0.175656	29.8618
6.85925	-0.0806004	0.188778	14.0098
6.85925	-0.0806004	0.188778	14.0098
5.35721	-0.062974	0.131674	35.081
5.35721	-0.062974	0.131674	35.081
4.23608	-0.043512	0.102428	15.8342
4.23608	-0.043512	0.102428	15.8342
4.19894	-0.0385702	0.103341	23.1088
4.19894	-0.0385702	0.103341	23.1088
8.24683	-0.115419	0.2191	6.71685
8.24683	-0.115419	0.2191	6.71685
7.55277	-0.0922356	0.205948	8.8379
7.55277	-0.0922356	0.205948	8.8379
6.19396	-0.0902508	0.156867	29.2003
6.19396	-0.0902508	0.156867	29.2003
4.78334	-0.0563538	0.118258	23.535
4.78334	-0.0563538	0.118258	23.535
4.70798	-0.0524346	0.113785	27.6258
4.70798	-0.0524346	0.113785	27.6258
3.82127	-0.044337	0.0916178	19.0063
3.82127	-0.044337	0.0916178	19.0063
8.24683	-0.115419	0.2191	6.71685
8.24683	-0.115419	0.2191	6.71685
7.55277	-0.0922356	0.205948	8.8379
7.55277	-0.0922356	0.205948	8.8379
6.19396	-0.0902508	0.156867	29.2003
6.19396	-0.0902508	0.156867	29.2003
4.78334	-0.0563538	0.118258	23.535
4.78334	-0.0563538	0.118258	23.535
4.70798	-0.0524346	0.113785	27.6258
4.70798	-0.0524346	0.113785	27.6258
3.82127	-0.044337	0.0916178	19.0063
3.82127	-0.044337	0.0916178	19.0063
8.07977	-0.130976	0.211802	6.74632
8.07977	-0.130976	0.211802	6.74632
6.88747	-0.10762	0.175656	29.8618
6.88747	-0.10762	0.175656	29.8618
6.85925	-0.0806004	0.188778	14.0098
6.85925	-0.0806004	0.188778	14.0098
5.35721	-0.062974	0.131674	35.081
5.35721	-0.062974	0.131674	35.081
4.23608	-0.043512	0.102428	15.8342
4.23608	-0.043512	0.102428	15.8342
4.19894	-0.0385702	0.103341	23.1088
4.19894	-0.0385702	0.103341	23.1088
7.71385	-0.14835	0.20114	8.35146
7.71385	-0.14835	0.20114	8.35146
7.43427	-0.12219	0.19042	13.9979
7.43427	-0.12219	0.19042	13.9979
6.42283	-0.0798456	0.178476	17.6708
6.42283	-0.0798456	0.178476	17.6708
5.60411	-0.0656646	0.13869	49.0611
5.60411	-0.0656646	0.13869	49.0611
4.60065	-0.0422393	0.112567	16.1553
4.60065	-0.0422393	0.112567	16.1553
3.99207	-0.0303565	0.0967117	19.7908
3.99207	-0.0303565	0.0967117	19.7908
8.07977	-0.130976	0.211802	6.74632
8.07977	-0.130976	0.211802	6.74632
6.88747	-0.10762	0.175656	29.8618
6.88747	-0.10762	0.175656	29.8618
6.85925	-0.0806004	0.188778	14.0098
6.85925	-0.0806004	0.188778	14.0098
5.35721	-0.062974	0.131674	35.081
5.35721	-0.062974	0.131674	35.081
4.23608	-0.043512	0.102428	15.8342
4.23608	-0.043512	0.102428	15.8342
4.19894	-0.0385702	0.103341	23.1088
4.19894	-0.0385702	0.103341	23.1088
8.24683	-0.115419	0.2191	6.71685
8.24683	-0.115419	0.2191	6.71685
7.55277	-0.0922356	0.205948	8.8379
7.55277	-0.0922356	0.205948	8.8379
6.19396	-0.0902508	0.156867	29.2003
6.19396	-0.0902508	0.156867	29.2003
4.78334	-0.0563538	0.118258	23.535
4.78334	-0.0563538	0.118258	23.535
4.70798	-0.0524346	0.113785	27.6258
4.70798	-0.0524346	0.113785	27.6258
3.82127	-0.044337	0.0916178	19.0063
3.82127	-0.044337	0.0916178	19.0063
8.63546	-0.105122	0.233156	8.93239
8.63546	-0.105122	0.233156	8.93239
8.63546	-0.105122	0.233156	8.93239
8.63546	-0.105122	0.233156	8.93239
4.48602	-0.0579959	0.109219	23.0638
4.48602	-0.0579959	0.109219	23.0638
4.48602	-0.0579959	0.109219	23.0638
4.48602	-0.0579959	0.109219	23.0638
4.03066	-0.0399229	0.095871	25.515
4.03066	-0.0399229	0.095871	25.515
4.03066	-0.0399229	0.095871	25.515
4.03066	-0.0399229	0.095871	25.515
8.63986	-0.114039	0.231562	8.8096
8.63986	-0.114039	0.231562	8.8096
8.23563	-0.085912	0.223305	8.64487
8.23563	-0.085912	0.223305	8.64487
5.16002	-0.071357	0.128137	32.2489
5.16002	-0.071357	0.128137	32.2489
4.43898	-0.049913	0.106637	27.25
4.43898	-0.049913	0.106637	27.25
4.10164	-0.0492964	0.098294	19.3351
4.10164	-0.0492964	0.098294	19.3351
4.08062	-0.0471616	0.0987943	20.3623
4.08062	-0.0471616	0.0987943	20.3623
8.24683	-0.115419	0.2191	6.71685
8.24683	-0.115419	0.2191	6.71685
7.55277	-0.0922356	0.205948	8.8379
7.55277	-0.0922356	0.205948	8.8379
6.19396	-0.0902508	0.156867	29.2003
6.19396	-0.0902508	0.156867	29.2003
4.78334	-0.0563538	0.118258	23.535
4.78334	-0.0563538	0.118258	23.535
4.70798	-0.0524346	0.113785	27.6258
4.70798	-0.0524346	0.113785	27.6258
3.82127	-0.044337	0.0916178	19.0063
3.82127	-0.044337	0.0916178	19.0063
7.76284	-0.125156	0.206298	7.39984
7.76284	-0.125156	0.206298	7.39984
7.05957	-0.0986964	0.194057	16.2773
7.05957	-0.0986964	0.194057	16.2773
6.93674	-0.101216	0.176534	25.4676
6.93674	-0.101216	0.176534	25.4676
5.33223	-0.0658919	0.132743	27.6418
5.33223	-0.0658919	0.132743	27.6418
4.79258	-0.0539227	0.116068	26.8494
4.79258	-0.0539227	0.116068	26.8494
3.72056	-0.0341284	0.0888833	18.6971
3.72056	-0.0341284	0.0888833	18.6971
8.24683	-0.115419	0.2191	6.71685
8.24683	-0.115419	0.2191	6.71685
7.55277	-0.0922356	0.205948	8.8379
7.55277	-0.0922356	0.205948	8.8379
6.19396	-0.0902508	0.156867	29.2003
6.19396	-0.0902508	0.156867	29.2003
4.78334	-0.0563538	0.118258	23.535
4.78334	-0.0563538	0.118258	23.535
4.70798	-0.0524346	0.113785	27.6258
4.70798	-0.0524346	0.113785	27.6258
3.82127	-0.044337	0.0916178	19.0063
3.82127	-0.044337	0.0916178	19.0063
8.63986	-0.114039	0.231562	8.8096
8.63986	-0.114039	0.231562	8.8096
8.23563	-0.085912	0.223305	8.64487
8.23563	-0.085912	0.223305	8.64487
5.16002	-0.071357	0.128137	32.2489
5.16002	-0.071357	0.128137	32.2489
4.43898	-0.049913	0.106637	27.25
4.43898	-0.049913	0.106637	27.25
4.10164	-0.0492964	0.098294	19.3351
4.10164	-0.0492964	0.098294	19.3351
4.08062	-0.0471616	0.0987943	20.3623
4.08062	-0.0471616	0.0987943	20.3623
8.63986	-0.114039	0.231562	8.8096
8.63986	-0.114039	0.231562	8.8096
8.23563	-0.085912	0.223305	8.64487
8.23563	-0.085912	0.223305	8.64487
5.16002	-0.071357	0.128137	32.2489
5.16002	-0.071357	0.128137	32.2489
4.43898	-0.049913	0.106637	27.25
4.43898	-0.049913	0.106637	27.25
4.10164	-0.0492964	0.098294	19.3351
4.10164	-0.0492964	0.098294	19.3351
4.08062	-0.0471616	0.0987943	20.3623
4.08062	-0.0471616	0.0987943	20.3623
8.24683	-0.115419	0.2191	6.71685
8.24683	-0.115419	0.2191	6.71685
7.55277	-0.0922356	0.205948	8.8379
7.55277	-0.0922356	0.205948	8.8379
6.19396	-0.0902508	0.156867	29.2003
6.19396	-0.0902508	0.156867	29.2003
4.78334	-0.0563538	0.118258	23.535
4.78334	-0.0563538	0.118258	23.535
4.70798	-0.0524346	0.113785	27.6258
4.70798	-0.0524346	0.113785	27.6258
3.82127	-0.044337	0.0916178	19.0063
3.82127	-0.044337	0.0916178	19.0063
7.76284	-0.125156	0.206298	7.39984
7.76284	-0.125156	0.206298	7.39984
7.05957	-0.0986964	0.194057	16.2773
7.05957	-0.0986964	0.194057	16.2773
6.93674	-0.101216	0.176534	25.4676
6.93674	-0.101216	0.176534	25.4676
5.33223	-0.0658919	0.132743	27.6418
5.33223	-0.0658919	0.132743	27.6418
4.79258	-0.0539227	0.116068	26.8494
4.79258	-0.0539227	0.116068	26.8494
3.72056	-0.0341284	0.0888833	18.6971
3.72056	-0.0341284	0.0888833	18.6971
8.24683	-0.115419	0.2191	6.71685
8.24683	-0.115419	0.2191	6.71685
7.55277	-0.0922356	0.205948	8.8379
7.55277	-0.0922356	0.205948	8.8379
6.19396	-0.0902508	0.156867	29.2003
6.19396	-0.0902508	0.156867	29.2003
4.78334	-0.0563538	0.118258	23.535
4.78334	-0.0563538	0.118258	23.535
4.70798	-0.0524346	0.113785	27.6258
4.70798	-0.0524346	0.113785	27.6258
3.82127	-0.044337	0.0916178	19.0063
3.82127	-0.044337	0.0916178	19.0063
8.63986	-0.114039	0.231562	8.8096
8.63986	-0.114039	0.231562	8.8096
8.23563	-0.085912	0.223305	8.64487
8.23563	-0.085912	0.223305	8.64487
5.16002	-0.071357	0.128137	32.2489
5.16002	-0.071357	0.128137	32.2489
4.43898	-0.049913	0.106637	27.25
4.43898	-0.049913	0.106637	27.25
4.10164	-0.0492964	0.098294	19.3351
4.10164	-0.0492964	0.098294	19.3351
4.08062	-0.0471616	0.0987943	20.3623
4.08062	-0.0471616	0.0987943	20.3623
