The repeat distance of the unit cube is 43.4167Å.  
The four numbers in each line gives the four neighbours of each silicon atom.
Here i goes from 1 to 4096; in this case there are a few 4 fold rings.

 2560 1604 2617 2563
 3667 3590 3589   13
 1545 1045 1475    9
 1023   10 1161 4048
  449  954  965  456
 1032 1034  639 1161
 3576 4087 3642  512
  528 1612 2051 1676
  909 3661    3  906
    4  571  964 3661
 3641  458 4094 4035
 3726   76 1056  154
    2   88  150 3651
   22  529  395  976
 3638 3590  447 3519
 1611 1154  578 1212
  157 3629 3609 3991
 3167 4056 3684 3757
  480  153 1054  549
 3608 3154  464 3160
 1041  538  480 1121
  470  977  590   14
 1036  145 3158  663
  675 1674  665 1157
  485 4055 3624 4070
 3740 3733 3165 3143
  482  983   36 4080
 3986  977  990  910
 1162  455  519   67
 3480 1505  429  411
  666 1697  980  102
  219  670 1175  227
 1005  492 3511 4073
 3682 3680 3102 3093
  553 3689  428  994
  488 4071  944   27
  546 3603 3676 4071
 3120  488 3621   41
 3584 3120 1137   43
 3676 4059  609 4076
 4065 3116   38   42
 3630 3762 3584   41
   39  120 3628  568
 3180 3056 3125 3563
 2737 2236 1205 1152
 1517  494 4008 3051
 3189 3694 3632 3758
  561  490  960  554
  567  566  701  520
 3694 3128  121   57
  954 4091  570  562
 3189 3115  171 3197
 1076 3628  563  114
  561 4091 4078  500
 3709 3626   57 3710
  554 1073 1004 1009
   55  309   50  178
 4030 4094  511 3594
 1076  701 3592  633
 4079  691 3626 3124
 4085 3186 3584  999
  563 3702  500  633
  457 3534 3469 4039
   66  183 1154  577
  593   79 3651 3654
  569   64  506 3724
   29   79 1148 1102
 3651 3728  514 3645
 3254 1012  512 3124
 1228  580 1153  129
 1153 1100  585 1148
   77 1109 1162  195
 3076 3270 3663 3323
  139 1025  150  525
 3096 3595  460 4046
 3688 3618 1103   12
   72  603 1043  532
 1170  653 1158  650
   67   88   65  975
 1037 1665 1048  989
  464  400 2976 3598
  992   86 1697 3677
 3605 3155  549 3688
 3618  651  519 3150
  472 1103  532  530
  546  153  157   82
   93 3796  675 1110
   79   13 1025  967
  591  660  535  605
  541 3991 3048  609
 4076 3116 3623 3112
 3687 3678  101  162
 1237 1157 1109   87
  591 1748  675  588
  177 3808 3739  226
  224 3746  740  613
 3734 1106  551  145
  227  286  740  747
 3685  980  944  606
 3748 3751 3693 3739
 1713  173   92 3696
   31  546 3685  663
  112 3748 3759 3181
  158 3746  165 3158
 3632 3110 3687 3621
  623 3704 3699  241
  753  122  181 3829
 3756 4071 3685 3621
 3762 3632  171 3128
 3178 3197 3636 3191
  688  682  125  696
 3693 3761  103 3305
 4092 3973 3520 4024
   53  630  640  558
  689 3628  309  630
  674  616  125 1713
  548  988 1512  474
  558  587 1209  577
 3188 3833 3200 3699
  640   43 1009 4085
   50 3696  751 3640
  107  189 3754 3768
 3134 3652 2565 3721
 3771  249 3724 3714
  689  116 3696  111
  247  185  634  192
  644  514  583 3717
  695 3715  249  697
 3669   70  644  761
 1210 1151 1273 1725
 1106  596 1181 3796
 3210 3277  210 3639
  272 3853 3788  344
  849  276  778 3415
 3215  201 3786 3207
 1271  702  703 1275
 3774 3720 3208  716
  536  455  213  713
 1032 1148  578   74
 3147 3656 3721 2567
  255 3216  198 3768
  532 1556 1028 1612
  214 3796 1237  589
 3733 3737 3168 3219
  157   23 3677   97
 3275  705 3790 3795
  639 1095  513 1101
 1268  200 1221  311
  849  207  785  727
  514  506   13   74
  211 3741  730 1804
 3795 3349 3280 3415
 3990 3607   86   19
   12 1110 1106 3677
 3748 3757  168  156
 3227 3673  155  166
   86 3688   17  145
  104  613  551  605
  551 3673 3158 3684
 1555 2259  741 1186
  286 3746 3807  166
  599 1129 3756   92
 3736  596  659 3091
 3252 3235 2741 3831
  612  104 3678  599
 3739 3678  161  156
 1836 1261 1258 1253
 3158  155 3620 3678
 3623 4065 3181 3621
  687 1196  752 1330
 3694   52 3709  109
  173 1191  751  687
 3640  172  101  226
  291 3874  176 3878
  686 1194  692  632
 3378 3883 3320  174
 3750  225   95 3704
 3650  753   57  623
  688  753  309  247
 3710 3775  189 3650
  314  193  763  107
 1210 1195 1266 1141
 1212  634  695   64
 1780  810 1249 1330
 3703  126  753  249
  629  635 1210  698
 1160  592 1685  711
 3830 3891 3775 3838
  249  180  198  122
  697  761  200 1271
 3706 3720 3201 3766
  246  697 1273  126
  885  253  181 3837
 3916 3851 3922 3282
 1153   72  649 1301
  710  664  727  344
 1785 2238 1726 1722
  141  189 3715 3774
 3788 1228 3669 3790
  312  148  190 1207
 2765 3802 3267  135
 3916  398  273  408
 1270 1730 1738 1275
 3282  274  324 3852
  261 3770  762 3904
 3790  213  533  649
  283  149  277 3744
  772 3854  271 1282
 1300  228  732 3801
 3076 2509  132 3080
  728 3795  849  151
  221 3809 3222 3304
  138  265  206 1162
  671  143  658 1111
 3987  852  917  780
  782  338 1377 1367
 3230 3807 3799  231
  620  299  811  867
  600  740   32  736
 3365 3422 3861 3862
  212 3737  282 3798
 1300 3741  735  733
 1257  802  287  747
 1804  596   96  676
  177 3821 3878  745
  678  173   95 3686
   98  612   32  690
 3809 3799 3861  209
  287  742 1300  293
  693  680  552  690
 3752  217 3739 3228
  670  744  736 1187
 3828 2736 2663 3379
 3823 3874  353 3317
 3827  641  315  253
 2206 3870 3383  353
 3866  684 3825  281
 1758 1258 1322 1841
 3820 3773 3760 3826
 1316  726  861  802
 3811 3200 3694  106
  811  291  745  281
  809 3893  291  305
 3760 1191  681  245
  811  302 1330  244
  192 1207 1268  254
  698  126  179  763
  708  374  317  890
  128  185  189  124
 3768 3827  770  310
 3333 3894 3382 3390
 3445 3903 3773  307
  235 1268  193  704
  694  246  763 1151
  141 3912  762  256
  311  310  268  255
 1225 3970  330  825
  317  269  384  383
 3452 3908 3917 3794
  324  316  261 3970
 3785  779  205  260
  330  328  331  264
 1283 1745 2393 1876
  262  707 3981  825
  583  213 1153 3669
 3851 3278 3784  324
 3968  913  383  325
  256 3981 3853 1225
  836  258  708  827
 3780 3723 3669 3717
  334  755  208  833
  717  133 1225  779
  321  327  202  336
  204  778  321  779
  720 3803  788 3918
 3800  134  327 3282
  780  207  786  846
  787 1374 3792  283
  732  293  347 3422
  608  723  283 1241
 1329  242  237  809
  730 3280  221 3803
  797  280  278  207
  288  908  790 1820
  608  742 1369  735
  161  287   98 3686
  286  229  223  684
  915  844  345  284
 3870 3294 3358 3365
 3804 3931  881 3871
  243 3760  242  174
 3312 3722 3365 3818
 3866 3867  279  229
  881  866  818  813
  310  303 3903  315
  358 3422 3866 3383
 3320  377 3884 2278
  362  353  358 3888
 1330  743 1252  218
 4013  362 3886 3433
  363  875 1379  355
  365 3837  245 1249
  295 3894  707 3961
 1900 1345 1272 1913
 3823  368  243 3901
 3386  377 3892 3264
 3382  252 3832 3946
 3957  439  433 2937
   57  115 3703  179
  295 3782  250  256
  641  148  256  766
  434  200  702  755
  381  821  369  812
 1268  641  697  181
  235  295 1221  320
 2776 3900 3260  260
  248  948  707  258
  840  372  886  370
 3648  329 4042  452
  704  884  315  820
  717  330  273  274
  384  325  390  827
  719 1419 1226 1286
 3839  266  260  204
  322  892  267  326
  341 3965  325  903
  276  273  780  655
  836  831  262 3781
 3971  899  319  341
  321 3839  257  262
  262  708  334  336
 3984  852 1415  911
  775  926  853 1226
 3981  271  331  717
  402 3914  393 3539
  331 3925  273  969
 3928 3470 3879 4051
 1286  216  846  787
  898  396 1411  394
 3928  985 3482 3930
  329 3408  898  326
  348 3918 3879  473
 3976  398  396 3338
  656  196  706  133
 1370  288  848  869
 1820  918  847 1490
  279  801 3924  793
 1380  342 3924  404
  917 1420  908  844
  351 3880 4000  360
  937  879 1384  350
  876  550 1500 1388
  234  298 3364  236
  365 1331 1336  821
  938  828  301  437
 3927 3462 3417 2967
 4000  800  429  415
  298  296 3877 3931
 3812 2922 3870 3937
  865  350 3885 3949
 2799 3317 3958 2910
  300 3885  940  298
  373  371  812  301
  829  955 2492 1458
  354  302  817 3820
 2460 2021 2399 2906
 3908 3405 3857 3333
  305 3773 3946 3320
  820  313  771 3832
  812  318  771  945
  443  363  432  886
  318  375  892  383
  828 3898  431  363
 1277 1274  248 1279
  945  889  372  438
  881  437 3885 1001
 3439  297 2296  306
 3507 3510 4084 2995
  397  444  974 3920
 3507 3008 3951 3516
 3901  313 3893 3433
 1021 1413  912 3646
  267  372  258 3841
  322 1279  840  258
  893 4021  439  441
 3408  510 3965  446
 2948 2887 2877 3458
  855 1475 1356  976
  405  845  461  919
 1405  894  891  322
 3341 3393 3855 3784
  510 3895 3969  507
 3915  335 3529 4043
  969  398  339  852
  919  466  916   14
  899 3984  343  339
  982  923 4061  379
  394  343  202 3781
  521  529  906  516
  526   81 3150 4047
 3789 3458 3399 4025
 3980  982  335 3928
  985  406  982 4064
  469 3779 4051  348
 4043 3469  389  444
 3924  403 3934 3879
 4070  417 3936 3996
  202  410 3922 3779
  417 1505 3992 3995
  408 3926  852 3976
 3975  996   30  990
  468  983  545 4041
 3978 4043  864 3602
  801 3934 3931 3880
 3614  357  424 1505
 4041 3607  990 3998
  407  409 4050  478
  476  545  421 1057
 4012 4016 4008 3952
 4018  868  494 3886
  493 4072  418 4016
  950 1387  877 2474
 4006  483  937 1500
  468  415  476 4006
 1001  865  483  484
 3430 3938  868 3942
 1408 1020 1402 1522
   35  479  492 3630
   30  357  923 3944
 3691  431  495 3960
  373  501  432  430
  431  371  883  496
 3963  824  308 3898
 1282  758  312  833
  508  446  886  442
  503  452  954 3965
  355 3433  757  376
 3895  446  900  375
  308 4027 4026  385
  490 1967 2048 1519
  385 4019 3848 3452
  435  945 4027 3898
  826  953  371 1529
 3976  379  405 3984
  896  883  501 4033
  438  435  386  892
   15  575  963 3586
 1516  956 4033  505
 4035  453 3648    5
 3146 3595 3601 4039
 1018  965 4022 3661
  436  319  965  839
 1018  449  458  571
 3707 3589 3588 3641
   29  593  138 3662
  964 3667    5  520
   63 3972 3967 4094
  453   11 3085 3534
 3655 4053  910  461
   75 3549 4053  524
  529  389  459 3534
  847  841 1497  860
  920 1539  981 1535
   81  651 3727   20
 3549 4050 3602 3986
  395 1359  845 1356
  924 1951 1896 1443
  412  863  424 1057
  982 3926  404  869
  984  480   22  990
 3550 2600 3039 3554
   85  521 4048 1557
 3800  342 3910 4051
 1511  117  925 4080
 1951 1559 1482 1497
 3995  418 3952  424
  594 1046  530 1493
 3998 3986  979  417
  428 3116  488  489
   21   19  542  470
 3949 3880 1375  796
 1057  489   27 3689
  423 4067  876  425
  941  495  425  938
 3099   25  979 3048
  878  497 1522 1967
 1517  493 4010  492
   38  479  994   36
  479  482  493 4076
 1010  440   48 1004
  531 1500  934 3614
  487  428   33  943
  489  421 4068  487
  865   46  420  495
  484  828  494  430
  938  823  432  875
  949  561  486  883
 3120 3110  568  616
 4085  554  500  932
  499   54  502   62
  445 4078  508  431
  575  998  999  500
 3648  436 4030 3974
 4082 4023 3634 4090
  448  883 1522  953
   66  581  701  150
 3974 3979 4031  392
 4083  501 4093  435
  518  573 1721  586
 4093 4092  392  386
   58 4035  963 3519
   69  579    7 3777
 2035  147 1033 1035
 3724   68  150  127
 1019 1022 1460 1523
  399 3611 3655 3085
  518 1538 1035 1476
 1101  517 1156  509
   84  544 1043   29
  456   49 3590 3586
  590  472 3155  399
 1611 1173 1032 1100
  638 1034  567  586
  526 3655  460 3536
 1154  587   74 1034
  400 3096  524 3611
 1203 1602 1624 2508
  584    8 1164 1677
  909  461   14  399
  549   85  477 3726
 1492  925  491 1447
  142 1056   77   85
  589  705  206 1181
 1121 1566 1049 1563
  588 1125 2137   89
 3214  705  138  729
 1697  539  617 1113
 1482  987   21 1492
  537  605  663 3677
  599  666  660  615
   90 4058 3668 3749
 4041 1492 3990  480
  610 2065 1054 3990
  975  519 3665 3611
 3998 4059  412  418
   86   37  102 1036
  557  555  991 1073
  614 1069 1502  117
   19   83  590  530
  929 1511  352  557
   97  158  159  596
  230 1713  612  615
  932  999   35  943
   56  499   48 1530
 1004  547  614 1003
 3120 1130  994 1009
  547  550 1008 1002
  114 1011 1031  118
 1706 1194  674  696
 1502 1072 1067 1514
   54 1516  497   48
 3702 3586   51  566
   62   53 4085 1530
 3520 3638 4023  575
  621 1015 1127 1200
   49 1413 1208  562
  523  964   49 1025
  689   43 1127  498
  691 3771 3703   66
 1532 1081   51 3646
  906  453   10  967
 1394 1538 1027 1476
 1075  576 1527  509
 2061 1040 1601 2263
 3182  564  447  502
 1469 1538 1533  573
  627 1076  118   64
  139  644   16 1100
 4096  512  581 3590
 1275 1170   70 1100
  628  579  691  506
 1203  654  643 1104
  265 1148  127  593
  528 1173  643 1730
 1233 1032  603   71
  587  509  523 1208
  118  525  701  586
  535   94 1189 1239
  533  143 1804  728
  549   22  521 1045
  600   94   89  670
 1266 1214 1142  187
  455 2625  583   65
 1557 1556 1487  477
 1064  611  674  615
  224  131  551  163
 1676 1682 1432 1108
 1053 1115 1046 1049
  162  663  540  165
  591 1111  613  219
 3660 3100 3168 2712
  617 1575 1628 1064
 1028  585   77 1102
 2527 1115 1570 1563
   89  158 1110  539
 1055 1127   99  616
 1180  660  679 1628
  733  669  280  285
 3624 3623   90   40
 1641 1123 1697  543
  595 1628 1202 1193
  227  165  552 3686
   96 3796  600  158
  555 1508 1130  548
  595  552  540  679
  498  116 1129  606
  660  602 2137  537
 1200  619 1202 1133
  618 2080 2082  673
  218  678  684 1257
  565  689  696 1206
 1536 1150 1585 2037
  106  178 3829  751
 2155 2031 1134 1659
 3191 4082 2607 4044
 1071 1508 1127 1009
  577  635 3703  630
  581 3124 3771 3645
 1132  186 1206 1145
  114  115 1206  627
  683 1135 1259 1195
  696 1259  175  698
 3182   59   62 3586
  183  126 1273  635
  186  627 1215  634
 1016 2039 1521  960
 1091 1155 1650 2047
 1413  523 1476  973
 1028  147    6 1023
 1530 1071  114  120
  314  311 3768  235
 1673 1093 1654 2194
  584 1089  582 1790
  129  578  127  695
 3925 1286 3854  902
 1624 1742 1097 1677
 1227 1743  787  786
 1864 1862 1796  712
 1237  653  206  195
 1092 1753  715   78
 3662  464  729   84
  721 3267 3280 3288
  710 1228  649   78
 1729  582 1670 1143
  327  727  778  656
  655  784  717  344
 1228  706  702  761
 1297  214 1241  785
 3729  676  163 3673
   89  617  607  540
 3214 3672 3736 3679
 2708 2267 1825 2193
  102  539   23  599
  724  728 3790  196
   24 1675 1239 1108
  540 1064   31 1129
 1112 1748 1693 1240
 1188 1758  744  731
 1244  722  736  608
   32  232 1180  591
  723 1804  214  733
 1193  677 1689 1690
 1013 2028 1126  619
  559  116 1200  595
   87 1693   24   94
  659  730  224 3859
 1070  672 1700 1781
  620  745 1191  226
 1193 1175  615  607
 1194  230 1169  752
  244 3837 1196 3829
 1713  111 1194  687
  698 1151  631  686
  620  287 3808  237
 1070 1185 1124 1766
 1201  683  175  765
  693  172  170  682
  111  179  751 1196
  568  115  125  621
 1188  230  227 1175
  581 1076  569   60
 1135  175 1255 1265
 1257 1252  230  687
  254  765 1777  885
  128  183  644 3724
  621  632  559  111
  192  314  190  128
  683  186  247  632
 1140 1075 1721 1031
 1217  777  702 1158
  506  587   59   49
  312  657  136  700
  136 2309 1672 1160
  253  819  320 1276
  533  146 3736  536
  344  657  777  755
 3841  317  264  303
  269  835  248  331
 2496 1466  830 1401
  196  653 1743  777
  187 1273 1212 1271
 1289  648 1406 1421
 3275 3663 3723  138
 3977 3797 3917 3784
 1674  718  650 1671
 2696 3324 3766  137
  321  334  272  656
  715 1092 1679 1731
 1220 1283  725  323
 3288  275 3415 3910
 3802  652 3152 3222
  726  669  794  857
  785  280  671 3923
 3778  664  778 3795
 1222 1167  719 1740
  240 1761  722 3873
  196  149  786  655
  664  211  785  589
  536  651 3091 1181
 3736  151  676  282
 1761 1841  668 1307
 3918  279  735  209
  222  740  671  608
 3618 1181 1162 1109
  222 3923  285  732
 3873  219  232  669
 1316 1264  743  738
  737 1188 1252 1197
 1325 1378  806 1381
  733   98   96  219
 2202 1190  160 1687
  747 1308  229  285
  737  754  299  810
  232 1690  668 1175
  225 3808  678  242
 1139 1136 1205 1192
   98 3873  223  742
 1336  754  817 3824
  765 1135 1846 1261
 1204 1139 1637 1144
  623  172  121  688
 1265 1252  170  680
  179  107  185  178
  867  743  813  748
 3853  312  271  706
 2737 1124 1251 1204
  437 1379 1336  814
  768 1224 2309  434
  810 1327  873 1331
 1842 1224 1777 1338
  129  766  190  657
 1225  205  255 3902
  254  247  181 1201
 1845 2804 1850 2364
  694  686 1780  749
 3853 3912  311  761
 1217 1231 1227 1740
 1340 2247 1339  758
 3391 3966 2947 3905
 3216 3845  250 3830
  948 3961  369  370
 1227  784  208  777
 1726 1339 1338 1792
 1425  782  926 1994
 1289 1354  333 1361
 1412 1924 1038 1361
  700  706  710  772
  724  274  655  134
  272  274 3778  261
  215  327 3925  277
  902 1415  907  969
  216  914  774 1226
 2313 1222 1234 2201
  772  656  786 3925
  149  728  723  658
  727  784  277  647
  278 1167  338  647
 3744  275  849 3923
 1381  872 1371 2394
 1364  880  284  854
  797  846 1367  848
 1938 1812 1287 1425
  862 3867 1369  347
  722 1755 1757 1309
 2271 1954 1328 2332
 3478  481 3994  985
  851  791  799  283
  921 4064  800 3880
 1369 1370 1380  797
  922  798  357  937
 3871  921  414  347
  223  867  240 1308
 1316  870 1323  813
  874  818 1884  870
 1775 2236 1261 2290
 1841  739 1250 1314
 3312 3876 3701 3361
 1313  857  861 1372
  243  281 3874 3888
  759  743 1783  184
  817  245  242  218
  824  370  363  313
 1269  754  803  294
  950  875  757 1849
  870 1396 1325 1442
  993 1441 1438  937
  811 3893  748  365
  879  887  294  804
 1331  704 1249 1267
 3903  369  320 3820
 1379 1321  354  313
 1284 1348 1346 1293
  878  939 1002  496
 3943  433  812 4021
 3405  264  257 3794
  840 1321 1844  443
  904  322  897  269
  495  373 3886  355
 2474  364 1344 1900
 1920 1332 2361  709
 3841  328 3968 3794
 1913 1327 1783 1889
  434 1277  890  271
 1288 2373 1526 1982
 3854 1417 1284  708
  269  328  969  913
 1213 1332 1466 1399
 1980 2431 1285 1406
  903  452 1467 1414
  826  318  948  384
  984 1041  976  462
  907  853 1865 1362
  913 1411  903  897
  288  974 3926  349
 3984  389 4014  466
  791  917  277  338
  462  916  346 1422
  791 1380  345 3987
  149  211  134  788
 1305  858 1377 1425
  797 1374 1309 1311
  332  394  215  410
  842 1404  902  333
  856  790 1436 1292
  388  970 1422 1483
 1445 1759 1896  854
  808 1369 1309  722
 1294 1292 1311  850
 1167 2313 1745 1377
 1559  462  970  986
  866  808  240 1308
 1370 1372  793  921
  468  929  925 1500
  413  910 3988 3480
  494  425  360 4005
  294  861 1884 3871
 1329  218  802  754
 3950  940  420  426
  345 3924  469 4064
  815  803 1313  804
 1386 1389 1382 1446
 1317  789 1313 1755
 1336 1263 1269  759
 1383 1442  804 1961
  301 1529  814  496
  483  352  939  993
 1382  422  942  939
  486  942 1008  823
  993  351  818 1001
 1373 1438  790  922
  290  376  294 3824
 3336 3946 3943 3884
  505  432  445  497
  320  948 1321 1274
  193  694 1201 1249
  435  318  896  371
 1269  818 1396  950
 1402 1977 1463 1520
 3452 3841  375 3961
 1221  833 3981  248
  951  953 1844  390
  446  896  325  372
 3448  385 3336 2937
  390 1017  904 1401
 4032  898 3968 3781
  445  953  892  886
  907  843  827 1468
  339  913  341  895
  396 4014  329 3469
 3979  438 3968 3408
 1019 1288 1524  959
  645  853  781  914
  843  326 1993  839
 1279  894 1293  827
 1409  966 1414 1357
  571  399    9 4048
  842  897  781 1417
 1367 1994  349  284
 1356    9  529 1018
   28  864  459  919
  332 1359 1420  974
 1471 4022  962  382
  267  898  843  836
  978  782  917  902
  918  923  922  288
  395  847 3975  984
  846  215  914  349
  915  974 3975  346
  389 3920  910  395
 1991 1931  463 1416
  801 1384  798  862
  915  880  997  800
  397 4064  915  429
 1373  931  467 1385
  531  474  983  863
  333  774  978 1424
  930 1447 1388 1450
 1874 1433 1937 2271
  991  550  863 4067
 1901  931  927 1507
  934  930  924 1482
  553  935  499 1073
 1000 2065 1121 1498
  997  491  931 1441
 4078  949 3960  932
 1067 2080 1055 1069
  351  816  423  800
 1849  355  484  496
  877 1849  823  876
 3364 3816  362  868
  484 3960 4067 1002
  878  952 1461  877
 3697  492 4086  553
   99 1130 1512   36
  442  370  375 4021
 1977 1962 2542 1006
 2485  952 1962 1386
  317  771  884  840
  497 1002 1010  935
  422  814  887 1263
  891 2492 1349 1401
  942 1408  947 2474
  891  505  443  896
    5   51  963  436
 1459 1332 1844  364
  448 1019 1405 1349
 1919 1970 1972 1975
 1864 2441 1929 1038
 2043  901 1349 1017
 1407 1523  636   48
 1471 1537 1027  981
  912 3661 1052 1024
  447  954 4092  511
 1413  567   10  456
  452 3646  451    5
 4022 1356  905 1473
 3649 3667  571   88
 1534 3071 2551 1586
  336  781  394  836
 1428  855  860  972
 1935 1360 1424 1354
 1495 1494 1478  970
  638 1533 1208 1021
  918  911  379  844
 3659 3649  544   79
   14 1045  841  388
 3655   22   28 3605
 1362 1420  914  926
 4059  485  478 1042
   31 1512 1069   99
 1052  463 1368  961
  402  469  403  397
 3603   27  925  412
  841  470  916  987
  403  340 3944  796
 1366 1881  860 1951
  996 1497  538  984
 2065 2020  117 1123
 1039   80 1609 1030
  470  416  411   28
 3689  547  929 4080
 3726   82 1113 1050
  816  876 1961  879
  556 3584   35  488
 1455 1510 1956 1903
  997  411  987 3614
 1490  996  934  922
 3697 3959 4078  502
   61 3622  553  502
 1569 1503 1506  933
 1849  376  425  879
  557  823  949  941
 1502 1065  555 1525
  555   56  490 1007
   33 4010 3051 3568
 1463 1448  946 1462
 1508 1065 1004 1068
 1519  557  878 1010
  626  120  556   56
  949 1073 1008  490
 1527 3592  558 2039
 4082 4079 4096   69
 1066 1067 1015  673
 1453 1392 1457 1921
  565 1133 1013 1080
 2034  636 1533 1527
 1993 1468  959  894
 4042  451  909  453
 1081  901  515  956
 1516 1460 1407  427
 1394  382  973 1081
 1394 1919  515 1533
  639 1024    4 1545
 1023  962 1476 1535
   88 1161  567   74
 1603 1155 1594 1029
 1539  572  961 2503
  639  603 1557  142
 1598 1534 1026 1480
 1546  989 1618 1105
  699 2041  558 1145
  585  522    6  139
 1927  513 1609 1037
 1101  523  525    6
  513 1535  517 1088
   23 3742  546 3756
 1033 2051   80 1556
 1935 3018  776  958
  989 1053 1044 1487
 2505 2056  574 2552
   21 1559  841 1495
 3676 3609 3607  979
  519   77 1103 3659
 1039 1991 1478 1423
    3  976 1495  590
 1050  477 1116  598
 1489 1478 1437 1566
   80 1098 1053 1432
  534 1493 1489  598
  992 1054 1046 1063
 1569 1514 1123 1119
  981 1473 1475  962
  598 1039 1048 2008
  543   19 1050 1121
  936 1064 1200  606
 1235 1109   12  532
  418 4077  482  468
 1957 1573 2524 2479
 1074 1564 1072 1504
 1575 2082 2207 2089
 1066 1585 1072 1577
 1126 1647 1644 1710
 1115 1641 1050 1633
  602  666 1055  595
 1003 1072 2048 1007
 1061 1068 1150 1013
  560  936 1013 1508
 1007 1066 2044 1964
  936 1123  980  548
 1768 1695  685  677
 2044  640 1080  626
 1061  560 1059 1065
  932   56  547 1010
 1580 2030 1059 1582
  699 1652  573 1138
   53  577  691   59
 1521 1970 1462 1407
 2037 2034 1138 1590
 1138 1528 1131 1211
 1206 1146 1015 1071
 1019 1531 1021  570
 1083 2503 1599 1603
 1586 1082 1469 1534
 1996 1599 2993 2559
 1646 1715 1149 1140
 1598 2056 1155 2050
 1423 1934 1998 2512
 1603 1539 1035 1540
 1164  643 1667 1988
 2611 2940 2110 2107
 1480 1723 1594  637
 1301 1157  718  650
  642 1159 1216 1232
 2258 2770 2241 2695
  147 1164 1173 2051
 1721 1149 1667 1156
 1676 1679 1617  646
 1165 1618 1048 1567
 1556 1432 1116 1235
  580   71  578  522
  518 1034 1667  147
 1161   67 3659  603
 1043 3155   76   85
 1613 1677 1673  582
 1030 1165 2053 2179
  154  131 3618   97
 2597 1186 1543 2203
 1177  597  665 1679
  734 1056   72   93
  605  154   87 1125
 1244 1693  600  214
  667 1171 1243 1674
 1125  537 1633  992
 2267 1560 1751 1666
 1063  598  604 2007
 1046 1099 3726 1625
 1619 2200 2202 1554
 1239 1235 1125 1625
 3042 1631 1051 2080
 1746 1179 1189 1687
  534 1054   21  933
 2723 1771 2851 1692
 1051  610 1069  988
  756 1255 1700  685
  535 1110 1113 1118
  673 1062 1133 1637
  626  606  568  565
 2777 2596 2673 2723
 3685  162  616  666
  944  556  614 4080
 1663 2108 1079 1646
 1144 1259  629 1141
 1015  618 1144 1126
 1577  624 2040 1643
  631  692  749 2737
 1705 2225 2745  746
 3633 3128   39 3626
 1078 1079 2041 1075
 1645  750  746 1251
 1663 1085  699 1214
 1663  182 1192 1132
 1790 1149  592 1716
  654 2047 1149 1147
 1132  750 1647 1133
  629 1663 1146 1031
 1528 1080 1536 1145
 1723 1715 2114 1143
   67  139  583   71
 1096 1085 1143 1142
 1066 1643  622 1528
 1198  254  683  130
 1698 1251 2176   45
   71   70  265  195
  525   16 1209   64
 1026 1999 1086  637
 1988 1594 1096  518
 1092 1177   93   24
   78  700 1270 1231
 1672 1270 1217 1093
 1725  187 1608  703
    4    6 1102 1025
   72   29  734  213
 1999 2050 2179 2508
 1095 1089 1602  528
 1242 1105 1665 1098
 1229 1232 1222 2379
  787 1248  859  725
 1220 1306 1400 1798
 1247 1255  680 1193
  580 1301   78 1730
 1297 3792 1248 1112
 1619 1625 1432 2007
  584  522 1233 1095
 1675 1679 1684 2196
  679   32  744  690
 1636 1746 1307 1187
 1235 1612 1157 1108
 1704 1298 1826 1939
 1120 1748 1825 1245
  607 1690 1189  670
  729  131  533  734
 2129 1634 2089 2202
 2891 2839 2772 2716
 1699 1572 1190 2668
 1251 1769 2275  685
 1572 1107  160 1634
 1240  232 1748 1176
  738 3873  690  668
  588 2079 1180 1120
 1256 1689  741 1184
  172 3704  244  678
 1669 1141 2108  746
  672  611 1169  679
  680  559  175  682
  631  182 1198 1205
  688 1201  170  681
  738 1258 1247 1265
 1846 1785 1151 1195
 2293 1281 1846 1774
  565  618 1055  674
  885 1196  686  763
  611  618 1706 2145
 1551 2047  527  582
  750 1259 1706  756
   45 1664  746 1195
  630  629  621 1080
  246  200 2309 1271
  586  973  566 3592
 1154  118 1215 1721
  186 1214  182  130
 2161 1079 1590 1986
   16  711  183 1215
 1340 1346 1842  837
 1210  592 1140 1215
  635 1209 1214 1212
 2208 1798 1093 1218
  767 1282 1159  700
 1400 1805 1216 1339
 2813 2810 1779 2314
 1740 1351  719 1168
  890 1276  315  148
 2953  725 1166  783
 1851 1281 1842 1272
  758 1276  760 1340
  762  257  268  272
  323  782 1745  333
  647  772  767 1286
  199   70  653  657
 1166 1734 2194 2249
 2804 1799 1866 1800
  767 1743 1236 1158
 1166 1740 1236 1093
 1612 1173 1301  585
 1666 1358  783 1686
 1118 1099 1056 1177
 1671 1232 1248 1231
  649 1753  143   93
 1298 3792 1757 1240
 1619  665 1118  588
 1238 1187  667 1244
  658 1244  280 3792
 2123 2633 1165 2127
 2201 1734 1112 1803
 1111 1241  669 1240
 1302 1179 1675 1803
 2138 1756 1746 1256
 1197 1758 1700 1169
 1236 2201 1171 1167
  819  184  885  302
  806 1313 1761 1316
 1139 1185 1152  756
  299  752  693  738
 1834  167 1905 2362
 3295 1262 1822 1760
 1169 1124 1706  692
 1695 1190 1246 2259
 3686  223  620  693
  238  167 1197 1264
  631 1132  632 1204
 1281 1333 2350 1772
 1333  167  805  749
 1694 1254 1823 1318
  950  873 1335 1337
 1783 1258  737 1314
 1197  692 1780  752
 2100 1725  182  592
  819 2350 1399 1777
  246  148  253  314
  873 1889  887  813
  203 1159 1158 1654
 1207  190  711  136
 2350  304 1223 1332
  711  130  634  192
  374  884 1276 1399
  580 1685  136  203
  704 1221 1224 1274
  374 1340  833 1284
 2812 2298 2299 2748
  374 1466  904  384
 1403 2376 2361 2496
 1260 1777 1223 1199
 1217  434 2247  208
  263 1306  719 1347
  835 1277 2247  822
 1860 1421 2370  838
  645  323  338 1227
 1365 1876 1875  792
  834 1471 1922  901
 1347  712  775 1410
 2699 3140 2711 3735
 1617 1742 1736 2318
  858 1938  854 1994
 1417  822  904 1350
 1953 1445 1317  858
 2393 1867 1358 1875
 1855 2422 1858 1421
  658 1171 1743 1753
 1178 1762 1238 2201
 1808 1867 2827 1752
  222 3807  229  209
 1233 1092  195 1170
 1245 2193 2200 1684
 1882 2325 1812 2832
 1364 1372 1317 1759
 1953 1939  850 1812
 1808 1168 1283 2953
  731 1756 1318 1176
 3867  742  861  802
  851  857  794 1317
 1831 1829 2463 2331
  851  858 1364 1367
 1946 1366 1434 2387
  872  870  808 1250
 1264 1323 1905  806
 1826 1371 1755 1318
 1250  240  737  803
 1309 1304 1294  872
 1315 1307 2329 1262
 1513 1890 2545 1883
 2808 2228 1827 1834
  821 1393  826  884
 1781  238 1827 1764
 1889 1325 1314  803
 2351 1883 1701 1835
 1323  739  815 1837
 2361 1851 2364 1395
  759 2350 1337  832
  795 1888 1371 1953
  867 3804 3824  281
  170  245  184  299
 1393  759  819  354
  837  830  955 1272
 1260 1780 1261 1783
 2346 2353 2545 1835
 1529 1263 1459 1379
  757  748  873  354
 1327 1900 1263 1459
  773 2309 1785  760
  768 1672 1218  773
 1213 1277 1224  768
 1848 1907 2924 1390
 1799 2807 2303 2287
 2305 1805 1850 1792
 1920  829 1848 2485
  304 1843 1848 1847
 1213 2305 2496  822
 1289 1910 1283 3846
  822 3846 1860 1410
  959 1470  956  951
 1865 1980 1410 1293
 3846 2247 1419 1220
 3019 2380 1429 2382
 2382 1864 1509 1863
  971 1864 1876  775
 1424 1426 1881 1422
  466  909  388  966
 1468 1412 1524  905
 1363 1295 1234 1815
  911 1422 1409  466
 1434 1940 1365  971
  776 1865  775 1929
  842  978 1415 1409
 1874 1358 2321 1818
  790 1311 1304 1370
 1863 1360 2325 1287
 1440 1312 2000  986
  216 1311  791  908
 1933 3018 1931  981
  857  285  799  793
  799  345 1364  862
  789 1328 1823 1315
  862 1304 1884  808
 1490  880  924 1436
  278 1757 1377  851
 4003 3995 4000  481
 1828 1902 1892 2460
 1374  850  859  216
 1835  739 1905 1838
  757  301  821 1335
  348  848  799 3744
  739 1694  789 2351
  871  877 1396 1961
 1759 1385  874 1438
  921 1884  351 1438
 1441 1456  924 1383
  947 1895 1387  871
  422 1386 1396 1452
  352 1441  927 1449
 1442  871 1397 1435
 1341 1857 1906 1978
 2036 1837 1773 1452
 1504 2468 1014 1903
 1399 1459 1331 1321
  572 1022 1021 1471
 1326 1843 1845 1861
 1382  887  815 1387
 1890 1895 1837 1389
 1520 1403 1920 1907
 1267  837 1274 1393
 3846 1218 1168 2378
  709  951 1465  894
 1470 2492  427  888
 1465 1280 2431 1398
 1410 1419  853 1417
 1993 1532  956  390
 2436 1929  838  712
 1077 1967 1020  960
  427 1454  952 1977
 1362 1359 1924  905
 1350 1348 1404 1289
 1414 1415  339  843
 1922 1357 1473  776
  638  382  566  964
  905 1411 4014  839
  781  332 1411 1362
 2510 2512  920 1992
 1404 1293  835  907
 2973 1945 3412 1430
 1404  323 3854 1351
  911  978 1426  349
 1910  712 1296 1285
  847 1359 1355  855
 2068 1087 1044 1546
 1924 1355  971  926
  792  774  850 1745
 1420 1994 1355 1820
 2973 1886 2460 1499
 2009 1933 2000  970
 2895 1352 1872 2897
 2522 2387 1418 1952
 1440 2522 1960 1950
 1172  597 1099 1048
 1873 2325  928 2956
 1881 1938 1312 1360
 1451 1444 1890 1389
 1820 1373 1881  854
 1440 2076 2010 1047
  816  880 1384 1383
 1566 2002 1498 1943
 1431 1943 1366 1437
  934 1385 1388  816
  815 1897 1389  874
  467 1501 1901 1885
 1456 1435 1499 1897
 1294 1888  856 1882
  871 1449 1518 1455
 1511  531  927 2020
 1965 1921 2543 1006
 1446 1456 1961 1388
  927 1510 1518 1525
 1455 1435 2025 2021
 1391 1889 1900 1387
 1014 2048 1965 1462
 1408 1462 1457 1967
 1446 1451 1901  995
 1385 1444 1901 1449
 1454 1962 1461 1014
  364 2474 1529 1522
 1393  955 1337 1335
 1470 1970 1020  515
  942 1518 1457 1519
 1006 1454 1077 1453
 1970 1472 1006  888
 1965 2548 1585 2040
 2043 1403 1980 1401
  709  837 1279 1844
 3646  839 1524 4022
  897 1017 1865 1357
  576 1083 1919 2034
 1982 1460 1402 1349
 1288  961 1394  912
 1975 1463 2428 3007
 1052 1483 1412  966
 1922 1929 2373 2043
 1052    3 1494  388
  638 1024  517  572
 1485 1996 2555 2046
 1044 1047 2009  972
 2510 2441 1481 2555
 1651 2106 1091 1029
 1485 1926 1479 1868
 1498  475  931  538
  855 1473 1924 1933
 1927 1494 1545 1487
 2442 1481 2434 1477
 2062 2058 2636 1550
  594 1493 1039 1484
 3081 2569 2504 3066
 1562 1047 1563 1049
  346 1497 1373  997
 2380 2446 2059 3029
 2065  538  542  531
 1495 1049  477 1487
 1475 1931 1484  972
 1493  972 1045 1041
 2608 2662 2017 2535
  987 1490  475  462
  933 1439 1507 1482
 1444 1896 1427 1885
  491  423  352  863
 2014 1943 1507 1443
 1003  560 2020  548
 1000 2015 1957 2002
 1510 2479 1392 1059
 3998  415  409   30
 1581 2020 1000 1514
 1501  930 1498 1581
 1007 1067  626  614
 1353 1935 1880 1940
 1450 1504  995 1581
 1447  474  550 1525
 3603  980  117  944
 1319 2477 2906 2033
 1564 1051 1506  560
 2094 2537 2528 2475
  561  448 1523 1020
   46 4086 4077  487
 1903 1446 1450 1461
 1008 1525  440 1461
 2428 1978 1398  888
 1972 1964 1077  636
  427  486 1458  505
 1531  515  960 1516
  901 1993 1467 1357
 1450 1519 1511 1003
 2503  834 1919 1984
  573 1016 2041 1011
 1146 1150 1647 1079
  443 1335 1458  875
  640 2039  554  563
 1081 3702 1523 4091
  570 4033 1405 3965
 1016 1022  973  576
 1083  968 1590 1029
  463 1927 1024 1035
  622 2041 1146 2044
 3018  961 1922 1916
  517  576 1603  572
 1027  463 1088 1992
 2005 1999 2073 1088
 2166 2624 2560 1989
 1565 3020 2506 2444
 1107 1555 1568 1554
 2106 2552 2049 2620
 1484 1557 1023    3
 1547 1423 2062 1030
 1546 2179 1552 2005
 1591 2189 2066 2499
 2121 2062 2053 1615
 1486 3023 2187 1998
 2689 1203 2055 1670
 2512 2058 1547 2073
 2756 2115 2243 3730
 1117 1634 1616 1543
 2708  160 2200 1543
  142 1037  594 1099
 1028  472 1545  594
 1632 2071 2069 1561
  475  860 1041 1566
 1803 1114 2262 2193
 2594 1620 2527 1558
 2527 2008 2068 1489
  534  604 1489 2002
 1631 1514 1573 1059
 2511 1542 1615 2520
 1559 1047  534 1439
 1682 1616 1098 2633
 1629 1543 2158 2139
 1000 1570 1051 1641
 1627  604 1569 2015
 2063 2016 2516 2580
 2713 1184 2217 1186
 1564 2017 1058 2015
 2097 2028 1709 2153
 1060 2080  602 2146
 2150 2092 1656 2721
 1580 2028 1134 1061
 2097 2275 2154 1699
 2111 2667 1583 2675
 1577 1074 2023 1642
 1507 1510 1506 1957
 2479 1074 2468 1959
 2666 1579 2103 1708
 3055 3577 1589 3558
  622 1061 1464 1964
 2993 2487 1083  968
 2163 3060 2487 2420
 2591 1708 2092 2155
 2544 2537 1584 3047
 1211 1534 1078 1652
 1548 2061 2619 2136
 1639 2153 2155 2162
 2611 3060 1912 3580
 1156 1026 1091 1652
 2547 3071 1986 2013
 1714 1705 2165 2681
 2993 1984 1971 1981
 1599 1086 1029 2049
 2046 1598 1084 1082
 1668 2269 1670 2183
 3730 2508  574 2499
  527 2035 1610 1164
 1026 1082 1538 1088
 3070    1 3082 2440
 2304 3202 1678 2241
 3078 2702 3084 2648
 2208 2194 1809 2269
 1160 1716 1718 1738
  989 1033 2005 1610
 1665 1602 2051 1609
 1685   16  522 1667
    8 1177 1233  142
 2254 2055 2269 1104
 2118 3666 3145 2691
 1565 2066 1549 2186
 1620 1554 1567 2069
 2633 1684 1097 1291
 1098 2008 1030 2004
 1682 1172 1239 1117
 1616 2008 1561 2007
 2650 1623 2135 2185
 2205 1630 2646 3084
 1621 2204 2212 2273
 2127 2055  527  646
 1118 1116 1633 1172
 2191 1760 2135 2266
 3042 2594 2129 1570
 2207  611  607  602
 2766 2128 2188 1568
 2141 2156 2139 1622
 2023 2028 1119 1564
 1634 2134 2140 1558
 1113 1625 2149 1063
 1632 1186 1182 1554
 2190 2029 2653 2589
 1176 1762 1825 2329
 1126  750 2145 1644
 2088 2018 2472 3035
 2032 2222 1592 2608
 2335 2198 2133 2836
 1063  610 2146 1569
 2155 2538 1580 2530
 1134 1150 1986 1710
 2097 1637 1062 1645
 1644 2209 1139 2225
 1131 1723 1085 1652
 2108 1528 1062 1144
 3041 2032 3170 2101
 1659 1653 2675 2547
  637 2689 2508 2056
 2681 1480 2616 2161
 1594 1646 1075 1590
 1649 2175 2031 2103
 1731  642 1270 1671
 1728 1662 2627 1714
 1576 2162 2595 2154
 2823 2569 3002 3010
 2220 2225 2170 2175
 1708 1649  624 2013
 2543 2546 2163 2544
 2498 2119 2632 2234
 2235 2690 1655 1720
 1145 1141 1131 1140
 1669 1711 1205 1722
 1676   80 1610 1165
 1114 1691 2842 1234
 1101 1611 1096 1089
 1600 2178 2241 2113
 1715 1192 1705 1664
 2114 1600  654 1551
 1236 1654  715 1734
 1718 1159 1339  703
  642 1738 1104 1719
 1675  715 1112   24
 1245  665 1174 1674
  597 1097    8 1665
  528 1731 1104  646
 2316 1605 3274 2269
  718 1108 1097 1174
 1744 2230 2314 2304
 2699 2835 3735 2833
  597 1567 1619 1684
 2267 1811 2842 1760
 1174 1302 1617 1682
 1790  187 1611 1275
 1752 2834 1234 2249
 2138  741 1120 2200
 2775 2772 2267 2135
  672 1190 1766 2207
 1180  744  672 1746
 2772 1666 1811 1818
 1767 1769 2284 1122
  667  675 1111 1753
 1841 1765 1262 1381
 1256 2668 1696 1070
 2266 1703 2144 1695
   31   82  610  537
 2808 1769 1775 1152
 1184 1709 1578 1766
 1124 1836 1247  677
 1778 1947 1324 1838
 2204 2198 2780 3159
 1768 1696 2216 2851
 1178 2332 2329 2842
 1136 1669 1596 1728
 1204 1202 1255  559
 2183 2120 1782 1722
 1583 1659 2098 1588
 2082 1699 2217 1574
 2171 1062 2031 1643
 1664 2176 2744 2159
 2292 2086 2723 2595
  682  101  116  552
 1596 3193 2170 1655
 2100 1085 1669 1147
 1142 2100 1729 1608
 2236 2238 2807 2293
 1608 1726 1672 1719
 1729 2208 1673 1718
 3265 1662 2119 2740
 1096 1209  699  509
 1664 2100  197 1707
 1147 1091 2681 1646
 1739 1809 2244 2379
 1266 1160 1785  130
 1788 1718  773  197
 2369 1805 1793 1800
 1705 2159 2120 1655
  654 2183 1716 1719
 1731 1170  584  203
 1677 1730 1654  718
 1801 1869 1858 2383
 2314 1739 1793 1802
 1229 2196 1243 1671
 2818 2831 2768 2245
 1291 3140 2264 2127
 2208 2183 1786 1788
 1790 1608 1673  203
 1724 1733 1744 2827
  725 1232 1220  767
 2230 2181 2693 2241
 2196 1291 2254  646
 1231  710  647 1297
 1739 1754 3202 1680
  263 1226 1425  859
 1246 1120 1690 1176
 3078 2566 2641 2192
  667 1187 1179   94
 2763 2174 2762 3221
 2772 2261 1806 1751
 1750 2778 1114 2711
 1299 2379 1686 2953
 1693  650 1297 1237
 1744 2703 2371 2260
  872 1315 1761  794
 1246 1781 1822 1307
 1374 1238  794 1826
  238 1247 1781  668
 1897 1304  856 1383
 1254 1626 1683 2329
 1250  731  726 1755
 1298 2842 1636 1803
 3236 2729 2791 2286
 1765 1822 1322 2216
 1694 1764 1838 1778
  685 2145 1689 1699
 1692 2401 2808 2867
 1827 1070 1703 1769
 1698 1768 1692 1185
 1894 2988 2907 1969
 2668 2596 2275 1122
 1260 1784 1913 2362
 1391 1847 1913 1905
 1792 2238 1199 2237
 2737  805 1836 1698
 2907 1840 2932 1947
  694  760 1267 1281
 1878 1765 1701 2342
 1219 2386 1918 1801
 1265  184  765 1333
 1758  677 1756 1322
 2748 2744 2682 1707
 1264  832  810 1333
 1851 2293 1772 2735
 1725 1338  197 1198
 1737 2181 2304 1800
 2295 2371 2810 2317
 1737 2682 1805 1726
 1852 2430 3447 2865
 1738  643 1685 1142
 2298 2746 2291 2734
 1842  773 1774 1343
 1809 1798 1733 1727
 1914 3457 2300 2422
 2768 3330 2759 2817
  648 2383 1871 1876
 2446 2390 2898 2333
 1793 2379 1216 1168
 2682 1230 1850 1342
 1230 2314 1727 1786
 2295 1779 1732 1802
 1801 1733 2369 1808
 1560 1762 1245 1243
  151  224  671  589
 1218 1788 1727 1343
 1750 2315 2260 2833
 3296 1821 3850 3409
 1802 1306 1299 2383
 1724 2304 1793 1607
 2703 1813 2833 2197
 1819 1691 1817 1683
 1303  792 1937 1305
 1810 3202 2260 2244
 1871 1867 2845 1869
 1358 1937 2332 1939
 3474 2965 2783 2963
 2404 2270 1811 2332
 2891 2834 1363 1691
 2285 2716 1891 1811
  284  346 1436 1426
 2961 3297 1807 2374
 2266 1756 1764 1254
 1371 1262 1878 1954
 2404 2784 1829 2271
 2138  662 1179 1636
 1757 1178 1953 1315
 1320 1322 1768 1836
 1886 1376 2330 1954
 2457 1310 1824 2330
 3298 2343 2288 2281
 1310 2339 2903 3354
 2283 2806 2872 2929
 1947 1894 1899 1883
 1253 1838 1320 2279
 1378 1334 1837 1324
 1775 1700 1827  167
 1325 1397 1391 1835
 1701 1765 1378 1834
 1895 2407 2412 2545
 2790 1776 2228 2345
  238  806  731 1694
 1223  760 1213 1792
 2924 1395 1345 2735
  826 1466  891  955
 2287  764 1852 1395
 1199 2236  749 1198
 2359 2353 1345 1773
 2036 1341 1345 1344
  938  814 1001  939
 2237 1799  764 1343
 2237 1223 1784 1326
 1845 2308 2354 1789
 2916 2400 3354 1893
 2430 2356 1861 1909
 2386 2370 1859 1296
 2539 1857 2417 2994
 2478 1390 1909 1856
 3457 1732 1296 1862
 3388 2300 2430 1855
 1348 1285 2378 2305
 1907 1395 1854 2376
 2436 2377 1858  648
 1365 2969 1872 1353
  958  648 1354 1353
  842 1361 1350 1468
 2813 2298 1230 2181
 1814 1299 1295 2321
 1932 1481 2451 2380
 2955 2295 1732 1814
 3850 2827 2834 2321
 1872 2377 1814 1796
 1873 1863 1871 1429
 2845 1872 1875 1433
  928 1877 1363 2404
 1295 1937 1287 1873
 1354 1796  263 1287
 1874 2784 2381 2909
 1887 1778 2351 1823
 3412 3424 1952 2956
 2510 2451 1509 1934
  986 1355 1434 1436
 1445 1303 1938 1946
 1892 1833 1324 1319
  804  866 1384 1372
 1499 1950 2021 1443
 1427 1888 2832 1828
 2457 2339 1878 1892
 1328 1886 1445 2394
 1269  832 1323 1452
 1435 1902 1319 1397
 1819 2270 2405 2903
 2033 1883 1376 1887
 1853 3346 2334 2213
 2339 2338 1770 1833
 1397 1386 1839 2025
 1499  467  856 1946
 1759 1444 2394 1442
 2539 2353 3001 2924
 1833 2467 3442 2360
 1452 1337  304  829
 1456 1455 1443  930
 1376 2394 1890 2351
 1955 1392 1518  995
 2452 2466 2085 2523
 1314 1378 1253 1773
 1390 2412 2542 2485
 1861 1398 1341 2361
 2430 2367 2999 2938
 1857 3447 2924 1854
 1347 2383 1421 2378
 3442 2413 2919 1974
 1593 3064 2940 3517
 1772  832  304 1773
 2494 2433 1794 2490
 2431 2433 2422 2376
 1537 2441 2373 2042
 3457 2443 2945 2876
 1779 2945 3388 2831
 1526  957 1022 1469
  830 1344 1398 2492
 2925 2411 1448 1014
 1474 1288 1412 1537
 1987 1926 2441 2436
 1483 1409 1424  776
 2433 2497 1981 1987
 2382 1481 2372 1923
 1484 1033 1991 1535
 3079 2112 2447 3067
  958 1474 1361 1406
 3860 1942 2526 3493
  920 1494 2009 1368
 1868 2187 2957 2434
 1368 1483 1428 1935
 2076 1087 1880 2009
 1933 1038  971 1509
 2683 2624 2500 3130
 1815 1812  928 1875
 1292 1882 1434  792
 1815 1305 1178 2313
 1509 2000 2969 1360
 2384 2380 2372 1990
 1930 2977 2918 2458
 1439 1440 1951 1501
 3086 3022 2958 3493
 2399 2396 1418 1948
 1882 1896 1312 2973
 1833 2346 1701 1776
 1963 2326 2990 1945
 2516 2006 2529 1960
 1431 2399 2973 1885
  986  475 1943  467
 1430 1997 2458 1879
 1294 1328 1305 1826
 2457  795 1828 1823
 2411 2025 1962 1903
 2479  995 2011 2471
 1581 1503 2014 1058
 2908 2524 2011 2026
 1582 2530 2022 2472
 1949 2014 1431 2908
  874  993 1382 1449
  946  947 1457 1955
 2033 1948 2460 2330
 2048 1068 1521 1585
 1453 1448 1464 2030
 2542 2411 2095 2407
 1454  440 1407  486
 2074 3041 3026 2608
 2932 3442 1770 2929
 1463  957 1077 1460
 2042 1996 1597 1987
 2548  957 2034 1521
 2033 2913 2338 2331
 2406 2417 2418 1911
 2487  957 1472 1984
 3468 2884 3072 2504
  888  946 1408 2485
 2356 2027 1520 1390
 1984 1982 2497 2428
 1350 2496  838 1465
 2358 1925 2423 1597
 2043 1979  834 1470
 3071 2611 2084 2163
 1975 1597 1526 1979
 2551 2620 2110 2547
 1595 1643 1211 2037
 1971 1925 1923 2490
 1156 2047 2035 1089
 2557 2562 1541 3070
 2892 2333 1941 3394
  920 1927 1044 2005
 2073 2555 1539 1416
 1524 1017 1405  903
  908 1292  774 1426
 2501 2045 2112 2058
 1084 1971 2489 1477
 2453 2895 2059 1952
 1087 2517 1550 2001
 1155 1163 2035 1540
 1940 2076 1428 1366
 2513 1998 2954 2076
 1563 2006 1439 1503
 2010 2516 2513 2517
 2053 1618 2012 2520
 1547 1991 1609 1540
 1949 2010 2077 2002
 1172 1620 2129 1115
 1562 1620 1053 1618
 1478 1931 1428 1934
 2006 2003 1437 2068
 1956 1958 2014 2021
 2132 2004 2511 2069
 1659 2084 1595 2040
 1960 1501 1957 2011
 1570 1503 2536 1573
 2535 1571 2529 2536
 2023 1496 2472 1573
 3053 2530 2608 1638
 3052 2407 2094 2415
  988 1502 1447 1506
 1885  366 2011 1451
 3035 2528 1959 2466
 1580 2153 2017 1631
 3054 3047 3049 2591
 1955 3050 1451 1895
 2471 2466 1958 2388
 2542 1978 3007 2427
 1631 1577 1574  673
 1635 2644 2072 2659
 1074 2925 2538 1965
  624 1710 2162 1653
 3053 1648 2092 1639
 1963 1513 1892 1973
 1972 1469 1016 1078
 1999 1602  513 1988
 1848 2412 2353 1391
 1078 1986 2548  622
 3061 2437 3517 2540
 1530 2044  636 1011
 1464 1134 2538 2013
 1536 1031 1138 1527
 2503 2555 1971 1916
 1465  959 1474 1982
 1536 2039 1068 1071
 2046 2050 1995 3067
 1477 1599 2045 2073
  637 1988 1203 1143
 1453 1964 1065  440
 1544 2551 1598 2557
 1086 2505 1163 2045
    8 1610 1037 1095
 2504 2881 2820 3521
 1105 2123 1549 2004
 3479 2581 2647 2571
 1624 1551 3274 1613
 1650 1040 2106 1086
 3037 2971 3538 2392
 1995 2434 1552 1486
 2456 1997 1491 3034
 2691 3078 2634 2124
 2177  574 2115 1591
 1549 2520 1486 1546
 2067 2077 1571 2071
 3524 3009 2642 2574
 1492  988  543  933
 1615 2634 2257 1548
 2517 2068 2520 2063
 1562 1423 2010 2067
 1558 1616 2156 2012
 2590 2651 2571 3036
 1558 2660 2063 2130
 2029 2455 2131 3026
 1992 2046 1540 1552
 2662 2075 2222 1968
 2589 2644 2074 2151
 1437 2000 2001 1934
 2063 2536 2006 2527
 2147 2093 3170 2142
 2202 2207 1189 2137
  936 1119  619 1575
 2391 2452 3025 2516
 1709  619 2145 1060
 2533 2452 2580 2088
 2544 2013 2098 1983
 3028 3035 1904 2533
 2673 2787 1712 2150
 2601 3170 2726 2091
 2535 2083 1638 3026
 1182 3042 1060 2217
 2996 3043 3055 3054
 2593 3123 2087 2602
 1576 1588 2666 2032
 3551 2078 2601 3556
 2095 2019 3500 1515
 2482 2094 1966 2481
 2153 2662 2217 3164
 2162 1644 1578 1574
 2675 1708 3055 2084
 2432 3577 2541 2482
 1715 1722 1716 1266
 2157 1648 2150 2222
 2615 2500 2498 2168
 1653 2164 2721 1583
 2998 3505 3114 3559
 2490 2489 3002 2358
 1544 2056 1480 2169
 1090 2557 2437 2560
 1647 2171 1192 1131
 2731 2164 2167 3193
 1090 2612 2675 1985
 2164 2612 2679 1579
 2442 3021 1995 1928
 2173 1668 2239 2180
 1670 1147 2173 2120
 2061 2645 2691 1553
 3652 2294 3712 3201
 2498 2694 2177 3130
 2136 2701 2622 1614
 1720 1661 2167 2686
 2114 1728 2178 1707
 2501 2499 1549 2179
 2699 3212 2698 2125
 2189 2053 1242 2132
 2257 2060 3084 2714
 2122 3218 2251 3221
 2257 2205 2511 2583
 1736 1242 1624 3730
 2778 2318 1629 2193
 1627 2149 2007 1182
 2455 2511 2659 2071
 2142 2072 2653 2525
 2123 2257 2141 2012
 2638 3203 2717 1640
 1632 2597 2156 2644
 2285 1626 1621 1688
 2634 2118 2575 1591
  535 2079  617 2149
 1825 1246 2191 1687
 2265 2597 1630 1568
 2660 2594 2662 1632
 2132 1630 2766 2714
 2131 2078 3041 2585
 2791 3231 2858 2792
 2276 2210 2650 1696
 1202 1766 2082 1637
 1575 2149 1641 3042
 2593 2609 2599 2078
 2718 3162 2605 3738
 1633 2146 2129 2137
 2086 2101 1576 3567
 2157 3090 2075 2713
 3119 3508 2670 3755
 2096 1574 1592 2023
 1578 2596 3164 1656
 1642 1592 1588  624
 1630 2069 2659 2134
 2101 3172 2151 3111
 2185 2708 1568 2775
 1711 1728 2235 2745
 2656 3184 3233 2664
 2547 1211 1651 2165
 1656 2097 1592 2031
 3577 1587 1983 1660
 2603 2103 2111 2109
 2171 1596 2175 2161
 2500 1541 2612 2620
 2119 2627 2500 2109
 2679 2102 2686 2739
 2681 2106 2683 2173
 1658 2745 2685 1714
 1710 2108 2165 2225
 2240 2861 2753 2740
 2114 2113 2169 2689
 1749 3337 2250 2258
 1658 3193 2165 1653
 1711 2219 1152 2347
 2701 3015 2117 2061
 2120 2748 2690 1668
 1547 1105 1163 2121
 3130 2770 2263 2113
 1786 1741 1866 2748
 3268 2764 2749 2815
 1737 1707 1600 1729
 3776 3713 3379 3318
 1621 2198 2203 2158
 2501 2636 2574 1615
 1550 2456 2577 1932
 2705 2715 3735 1629
 2630 1548 2123 3730
 2646 3090 2268 1635
 1626 2138 2708 2259
 2702 3232 2655 1747
 2128  662 1560 1302
 1607 2254 1229  642
 2586 2604 2205 2653
 1174 2262 1734 1742
 3218 1810 2319 2699
 1640 1702 2185 2719
 2566 3793 3232 3151
 1302 1117 1687 1555
 1243 1298  783 1248
 2079  741 1117 1182
 2185 2218 1107 2654
 2215 1623 1702 2836
 2659 1622 2126 2195
 3317 3876  236 3426
 1060 2079 1628 1689
 1737 1719 1216 1607
 1645 2595 2284 2275
 2211 2668 2259 2144
 2596 2210 2218 2713
 2285 2771 1623 2786
 3352 2783 1893 2849
 2357 2276 3298 2853
 2273 2204 2841 2789
 1703 2228 2324 1764
 2096 1709 1572 2089
 2650 2203 2211 2777
 2176 2284 2745 2248
 2595 2229 2721 1658
 2722 2654 3111 2725
 2101 1639 3164 2074
 2233 3234 2240 2674
 2796 2232 2674 2867
 1136 1658 2171 1645
 2560 3185 2612 3132
 3144 2739 2672 3705
 2216 2401 1840 1320
 2220 2676 2685 2292
 2692 1741 1680 2830
 2860 3243 3311 2863
 2224 2724 2357 2286
 2809 2223 2863 2291
 1661 2687 2798 2695
 2159 2248 1662 2299
 1846 1717  805   45
 1851 1774 2287 1850
  197 2682 1774 1717
 2632 2113 2695 2690
 2223 2172 3887 3265
 1094 1668 1605 1741
 2761 2250 2640 2629
 3212 2630 2264 1553
 2316 1724 1813 2249
 2883 2880 2814 1735
 2312 3335 2894 3348
  768 1284 1282 1351
 3234 2219 2685 2235
 2262 2244 1229 1686
 2764 2687 2242 2174
 2697 2645 2641 2125
 2700 2709 2833 3286
 2830 2734 2746 2306
 1742 2316 2194 1613
 2826 2814 3391 2768
 2870 2366 2869 3438
 2124 2126 2066 2132
 1094 3218 2692 2174
 2210 2191 1256  160
 1806 1754 2834 1813
 2835 1750 2839 2335
 2318 2196 1560 2249
 2689 2180  574 2756
 2243 1736 2319 3274
 2139 2646 2638 2719
 2280 1696 1822 1626
 1114  662 1688 1683
 2725 2190 3098 3157
 1600 1678 1613 1607
 1817 1891 3295 2457
 1824  795  928 2832
 3813 3287 3355 3868
 1623 2215 2281 2780
 3731 3497 3226 2277
 2209 1578 1185 1771
 2214 2281 2144 2851
 3240 2789 2843 2274
 3317 3956  297 3764
 2359 1834 2289 2345
 2337 2281 2266 2324
 1830 2273 2276 2280
 2863 2425 3381 2796
 2790 2907 3298 1832
 2209 2292 2219 1692
 1819 2337 2135 2212
 1763 2232 2872 2853
 2409 1845 1342 2237
 2806 2853 1830 2841
 2290 2297 2409 2279
 2293  805 2362 2289
 3311 3887 1791 2233
 2801 2284 1712 2229
 1784 2290 1717 1199
 2678 3144 2684 2116
 2827 1801 1787 1869
 2942 2677  377 3307
 2289 2347 2425 2808
 1278 2303 1866 1791
 2732 2744 1278 2235
 1794 2945 2999 1859
 2354 2426 2863 3377
 2426 3311 2366 2757
 2308 1342 2298 2809
 1786 1605 1809 1680
 1343 1346 2364 1860
 3380 3389 2253 3330
 2704 2773 3403 3868
 1852 2426 2320 2303
  703  758 1207 1338
 2883 2831 2317 2826
 2762 3395 2371 2759
 2246 2826 2947 2449
 1939  783  859 2393
 1219 1733 1680 1800
 2891 2709 3850 1806
 2254 2319 1678 2244
 2310 1787 2885 2443
 2262 2711 1291 2128
 2711 2316 2264 2197
 2308 2813 3388 2804
 1867 1363 1870 3409
 2352 2366 2818 3459
 2829 2905 2773 2700
 2280 2342 2216 3298
 2387 1433 1303 1365
 3424 2331 2918 1948
 2774 3237 2771 3497
 3993 3301 2962 2469
 1760 1704 1636 1318
 1963 1829 1828 3412
 2400 2326 1973 1310
 1817 1704 1815  795
 3019 2952 1990 1797
 3427 3939 1893 2852
 1640 2715 2261 2775
 2844 3416 2847 2838
 2343 3295 2280 2285
 1973 2921 3354 1894
 1894 1831 1887 2340
 2339 2343 2342 2907
 2920 2850 2916 3352
 2324 1778 2340 3295
 2337 2349 2340 1830
 2849 3292 3362 3416
 2410 2279 1840 2425
 1947 2410 1334 2360
 2732 2176 2807 2297
 2926 3385 2888 2944
 2903 2402 2343 2786
 1267 1272 1260 1327
 1381 1902 1324 1878
 2367 3453 2322 2363
 1847 1334 2036 1898
 2365 3244 2301 1852
 2435 2423 2433 2356
 1854 2478 1978 2355
 2232 2790 2214 2401
 2105 1981 2476 3060
 2735 1847 2279 2362
 2484 2417 2346 1899
  830 1280 1907 1326
 1772 2290 2359 1253
 2368 2352 2865 3271
 2305 2370 1326  764
 2354 2418 3001 3447
 3271 2322 2256 2302
 2352 2754 2880 1908
 2824 3447 2406 2363
 1727 2386 2378 1802
 2376 2364 1855 1285
 1754 2311 1787 2829
 1941 2389 1926 3019
  834 1474 1916 2497
 3335 1821 2946 2885
 3457 2377 2955 3019
 1915 2370 1280 1861
 1862 2375 1871 2382
 1860 1400 1910 2369
 1752 1798 1166 1724
 1941 1491 1352 1868
 3027 2961 3409 1877
 1926 1353 2377 1352
 1808 1796 1732 1910
 2491 2442 2957 1941
 3287 3731 3360 3858
 2804 1855 2369 1779
 2969 1312 1430 2325
 2026 2990 2415 2906
 2823 2372 2445 2490
 2946 2897 1797 2961
 2523 2081 2396 2908
 3484 3860 3550 2057
 2313 1295 2953  263
 1902  789 1888 1897
 3550 2902 3033 3481
 1945 2522 2391 2458
 3033 3352 2918 2469
 3956 2930 3316 2911
 1945 1950 2908  366
 2331 1853 3352 3423
 2357 2851 2228 1767
 2988 2806 2349 3939
 3240 2864 2800 2841
 2405 1824 1817 1874
 2909 2716 1891 2404
 3446 2368 1974 2473
 3050 1839 2019 1966
 2465 2970 2918 3423
 3244 2287 2289 2735
 2932 2346 3001 2345
 1966 1921 1955 2475
 2539 1906 2036 1839
 3435 2917 2911 1911
 3368 3940 3359 3376
 2019 3373 2388 2477
 2919 2459 2921 2467
 1974 1856 3001 2360
 2365 3381 3377 1974
 2866 3444 2871 3436
 2423 1587 2432 3007
 2866 3059 2882 2470
 1296 1915 1794 2436
 2420 2355 1981 2428
 2989 2554 2438 3059
 2282 2297 3244 2345
 2308 2302 2865 2301
 2432 2027 2478 2481
 2423 1520 1979 1472
 3909 3514 2821 3472
 1789 1908 1854 1859
 1403 2497 1915  838
 2099 2420 2427 2438
 1925 1914 2355 1915
 2058 3023 1485 1932
 2938 2494 2476 2355
 1406 1862 1923 2422
 2107 2493 2038 3580
 2424 2476 2432 3064
 3608 3092 3612 3089
 1604 3015 2631 2615
 1923 1916  958 1479
 2384 2112 1485 2445
 2946 2955 2317 1917
 2577 2643 1542 2968
 2442 2569 2489 2389
 1797 2895 2901 1491
 3460 3024 3066 1928
 3932 2899 2781 2848
 3464 2883 2312 2943
 2515 2961 3420 3474
 3023 1880 2954 1868
 2083 2081 2529 1904
 3420 2901 1997 3493
 3032 3461 4052 3530
 3031 2580 2130 2072
 2187 2461 2059 2954
 1829 1887 2270 1954
 2966 1942 1952 2396
 3498 2416 3373 2980
 1427 1376  366 1963
 2456 2643 2513 2966
 3566 3440 4075 4017
 2963 1310 2784 3424
 4002 3373 2985 2997
 2408 2523 2990 2997
 2022 1904 2997 2026
 1899 2477 2416 3052
 2475 2925 1392 1582
 2397 2965 3493 2328
 3057 2421 2554 3945
 2026 1956 2475 3050
 1638 2524 2017 1959
 3059 3436 2406 2531
  422  952 1458  829
 2471 2411 1515 2468
 2358 2438 3506 2435
 2415 1513 2467 2913
 2427 2824 2356 1857
 1582 1956 1504 1058
 2556 3005 2989 3558
 2541 2427 2095 2994
 2543 2099 2537 2095
 3492 3436 3057 2989
 2545 2360 3052 2539
 1344 1977  947 1906
 2494 3397 3002 3506
 1586 2546 1587 1975
 3115 3174 3683 3183
 2445 2105 1996 2495
 2105 1987 2389 1914
 3069 2569 2892 2384
  951 1402 1920  364
 3066 2437 3575 3070
 1914 2999 2486 2435
 2559 3580 2489 3066
 1280 1346 1980  709
 1979 2431 2373 1925
 2684 2117 2102 1661
 2505 2121 1548 1601
 2166 2167 1936 2102
 3079 2186 1995 2121
 4052 2592 3524 3531
 1082 2042 1027 1526
 3010 1976 1488 2052
 1040 2499 2619 2050
 3031 3479 2583 1542
 3148 3012 2592 3153
  527 1650 1601 1163
 2565 3657  210 2567
 1416 1479 3018 1880
 2130 1565 2012 2126
 3023 1087 1552 1416
 2001 2522 2461 2003
 3034 3086 3029 2901
 2901 2450 2898 3022
 1571 2003 1949 2081
 1998 2643 2067 2003
 3479 2971 2572 2968
 2647 3148 2582 2583
 2062 2067 2004 1565
 2964 3031 2534 2968
 2513 2396 1431 1430
 1904 2977 2391 2465
 1058 1958 2472 2529
 2579 2131 3046 3540
 2966 2968 3034 1930
  604 2077 1561 1562
 3065 1515 2022 3047
 2452 2524 1949 2016
 2018 1642 3047 1959
 2919 2994 3572 2473
 2600 4004 3028 2970
 2981 2085 2083 3038
 2580 2521 2643 3025
 2088 2016 1496 2660
 2015 2594 2077 2016
 2482 1589 2925 1515
 2544 1642 2040 2030
 2412 2484 1898 1856
 2996 2038 3132 2940
 2481 3500 2989 2099
  946 2027 1966 1906
 3007 1660 1448 2482
 1589 1660 2084 2538
 1334 1319 2484 1839
 2487 3071 2548 1660
 1985 1649 2161 1595
 1464 2546 2037 1972
 3122 3061 3113 2563
 2563 3571 3585 3077
  968 2611 2049 1985
 2562 1040 2624 1544
 3081 3016 3075 3521
 3006 2470 2935 2424
 1479 2042 1992 1477
 3064 3006 2996 2480
 2049 2559 2107 1989
 2881 3398 3472 2949
 2557 3067 1084 2495
 2107    1 1541 2226
 3016 3537 2828 4052
 1989 2570 3067 2552
 2550 2549    1 3575
 3254 3178 2607 2618
 3711  123 2509 3139
 2199 1747 2584 2697
 2509 3719 3083  140
 3134 3712 2623 3144
 2445 2491 1488 1657
 2635 3015 2619 2562
 2070 3161 2054 2959
 2576 2518 2581 3086
 3092 3999 3161 2582
 2186 2064 2575 3079
 2136 2574 2635 3012
 2572 3020 3017 2577
 2444 2187 2576 3034
 3595 3530 3097 3919
 2964 2525 3038 3548
 2534 2083 2455 1571
 2054 2642 3463 2572
 2573 2651 2519 2648
 2506 2586 2519 2126
 3213 2566 3206 3142
 2142 3038 2933 2599
 3540 2651 2195 2583
 2599 3046 3551 2657
 3599 3551 2649 3105
 3172 1635 3041 2075
 3543 2070 4060 3037
 2024 2602 3053 1588
 3161 2502 2507 2647
 2147 3044 2091 2933
 1561 2140 1627 2536
 2220 1712 1656 2209
 2154 1771 2211 1128
 2139 1107 2134 3090
 3183 3692 4074 3245
 2147 3108 2587 2585
 2981 2532 3548  471
 3117 2609 2087 2093
 2091 2591 3043 2666
 2743 2621 2742 2164
 2195 3098 3217 3163
 3169 2148 3615 3225
 4015 3063 3525 2996
 3192 2564 3564  625
 1968 1639 1496 2018
 2147 3123 2658 2601
 3721 3576 3777 3708
 1593 2551 1983 1090
 2111 2110 2226 2166
 3073 3122 3518 3585
 3250 3126 3196 3194
 2102 3144 2440 2617
 2620 3193 2683 1651
 3185 2615 3118    1
 2623 3250 3705 2564
 1591 2505 2570 3079
 1544 2616 2166 1985
 3241 2721 2787 2603
 3527 3153 3711 2118
 2568 2618 3118 3127
 1936 1541 2552 3015
  593 3719 3728 3723
 3139 3134 3077 3074
 2632 2683 2167 1655
 3145 3138 2701 2637
 3277 3772 3138 2242
 2189 2243 3140 2714
 2440 2701 2678 3583
 3130 2239 2627 1661
 2766 1617 1567 1242
 3148 2060 2066 2136
 3460 3583 2570 2575
 1486 3020 2186 3021
 3277 3711 2678 2628
 2133 2715 2655 2265
 2719 3159 2717 3157
 3199 2763 2242 3268
 3212 2251 1747 2691
 2647 3020 2064 2581
 2444 2534 2517 2461
 2029 2075 2134 2660
 2251 2752 2694 2115
 2190 2265 3217 1622
 2054 2519 2642 2592
 1606 3220 2582 3544
 3098 2710 2588 3104
 1621 2780 2144 2218
 2070 2652 2586 2582
 2651 4060 3105 3095
 1635 2131 3098 2195
 2221 2203 2719 3090
 3084 2192 2705 2638
 2160 3567 2673 3111
 3496 3557 2587 3554
 2609 4062 3177 3555
 2029 2205 2156 2130
 2535 2071 2140 2644
 3692 3176 3169 3305
 2096 2140 1496 2074
 3248 3253 3319  233
 2160 3242 2729 3231
 3245 3759 3623 4069
 3241 2602 2092 1583
 1579 3132 3043 3187
 2210 1771 1184 1695
 3238 3757 3166 3227
 2152 2738 2802 3321
 2736 3247 2859 3769
 2227 3141 2684 3201
 2086 2656 3246 1128
 2224 2680 2223 3243
 2098 1649 1579 2110
 2229 2787 2743 2788
 3310 3319 3261 2296
 2631 2637 2294 3134
 2742 3185 2111 2168
 2861 3236 2674 3248
 2169 1651 1596 1723
 1799 1788 1782 2238
 2627 1936 2616 2169
 3138 2672 2498 2294
 2248 2170 2229 2740
 2168 2803 2731 2119
 2250 3138 2234 2694
 2750 3720 3324 3652
 1551 2263 2173 1650
 2812 2239 2178 1662
 1614 2641 2060 2115
 3202 2230 2258 2762
 1741 2695 2812 2758
 2117 2687 2770 2645
 2234 1094 2239 2693
 3326  716 3836 3770
 2251 2566 3145 2761
 2835 2122 3286 3232
 2197 2122 1681 1290
 2323 2252 2825 2703
 2177 2628 2631 2118
 1606 3276 2192 3213
 2762 2700 1754 1810
 2307 3286 2840 3223
 2714 3212 2188 2655
 2717 3165 3276 3281
 2843 3733 3229 3162
 1555  662 2158 2191
 2773 2840 2315 2252
 2649 3107 3156 3163
 1751 2318 2319 1290
 3213 3793  601 3272
 3164 1572 2151 2211
 2630 2141 2705 2124
 2638 2835 2188 2335
 2405 1183 1819 3237
 2133 2639 2706 2720
 2148 2792 3233 3231
 2265 2639 2198 2654
 3226 3229 2717 3872
 2103 1576 2621 2220
 3233 3345 2221 3159
 1712 2724 1128 1122
 2232 3246 2723 2801
 3172 2733 2268 2221
 2087 3508 3175 3241
 2785 3253 2802 2794
 3939 2786 3497 2841
 3246 1763 3289 2664
 2796 3325 2872 3243
 2743 2686 2740 2109
 2347 2299 2809 3234
 3233 3225 3106 2725
 2253 1791 2813 2757
 1784 2409 2359 1843
 3763 3258  233 2671
 1135   45 1775  756
 2670 2785 3175 2787
 2227 3190 3250 2168
 2172 1720 2731 2685
 3253 3258 3299  164
 3321 2679 2603 2747
 2676 2603 3133 2731
 2807 2299 1782 1711
 2170 1136 2219 2159
 1791 2253 2751 2758
 2742 3241 3187 3171
 1278 2178 2181 1782
 3897 3380 3776 2182
 3080 3208 3147 2688
 3204 3887 3380 2746
 2645 2756 2770 3218
 3713 2172 3247 2803
 3388 2367 2818 2865
 3852 3349 3267 3260
 1553 2263 3274 2752
 2734 2818 3389 2302
 2693 2798 3337 2746
 1795 2311 2830 2810
 3199 3344 3387 2837
 2697 3205 3221 2242
 1749 2311 2703 2692
 1749 2815 2819 2640
 2250 2182 3328 2798
 3339 3403  201 3342
 1629 2141 3140 2633
 3221 3266 3151 2825
 3389 1795 1735 2255
 3802 3290 3215 3223
 2752 1094 2180 2694
 2327 2836 2212 2839
 1691 1688 1183 1750
 2899 2307 2323 2709
 3347 3287 2840 2327
 2335 2158 1688 2778
 3342  316 3278 3791
 3345 1128 2218 3111
 2775 1751 2128 3735
 3810 3818 3302 3360
 1702 2273 3345 2650
 3297 3515 3335 2448
 3350 3347 3353 2848
 3993 2213 3350 1816
 2463 2956 1877 1824
 3242 2727 2795 2738
 2349 2212 3237 2728
 2086 2738 2621 2676
 2676 2801 2861 2795
 3872 2792 2215 2277
 2283 2796 1840 2357
 2864 3695 2143 1763
 2718 3289 2789 2143
 3690 3299 3761 3306
 3133 2861 3247 2727
 3246 2785 3236 2788
 2282 2790 2730 2224
 3307 3243 3313 3319
 2758 3204 2234 2764
 3359 3956  361 3303
 3356 2403 3810 2855
 2867 2788 2724 2292
 2859 3179 2670 2727
 3133 2686 3190 2753
 2320  764 2386 1230
 3695 3235 3814 3239
 2402 2288 1832 2855
 2744 2347 1342 1717
 2297 1320 1767 1698
 2732 2233 2303 3244
 1787 2759 2831 1219
 3896 2927 3964 2931
 1278 3265 2693 2690
 2734 2320 1219 1866
 2873 2245 2255 3459
 2182 3337 3330 2763
 3327 3897 3269 3263
 3332 3348 1795 2826
 2757 2754 2322 1735
 2825 2763 3395 2837
 2949 2052 3008 3072
 3450 2873 2429 2874
 3900 2886 3332 3384
 2939 1657 2892 2389
 2478 2938 3059 2368
 2819 2700 2767 3403
 2255 2312 2310 2817
 1739 1870 1299 2295
 2561 3004 2877 3069
 3850 2323 2371 2885
 3337 2759 2230 2253
 1918 2810 2310 1735
 1886 1303 3412 2271
 2252 1810 1806 1681
 1686 2260 1818 1870
 2698 1681 2715 2261
 2204 2771 1640 3226
 3339 2819 2760 3900
 3362 2336 3369 3881
 2840 1183 2771 2261
 2709 2839 2774 2704
 2288 2728 2215 2403
 1762 1666 1683 1704
 2277 2707 3309 3308
 3470 2336 2904 3434
 1814 1873 3409 2897
 3294 3367 3426 3812
 3351 2336 3813 2848
 2900 2782 2448 2847
 2852 2344 2213 2850
 2341 2849 3545 2856
 2276 1703 1122 2401
 2849 3367 2334 2916
 2214 2286 3289 2288
 3751 3761 3239 3738
 2800 3316 2915 2806
 2850 3547 3376 3812
 3253 3242 3695 3236
 3309 3240 3814 2143
 3121 2802 3190 2671
 3377 2231 3315 2869
 2794 2680 2172 2788
 2911 3370 2871 3446
 2233 2231 2282 2301
 2791 3300 2403 2915
 2754 2363 1789 2426
 2419 3446 2926 2421
 2224 3234 2801 1767
 3958 3443 3439 3843
 2860 2256 3370 2942
 3386 2875 2256 2931
 2862 3443 2419 2917
 2915 1832 2286 2730
 2814 2821 3398 2943
 3393 2821 3465 2947
 3370 2926 2870 3843
 2939 2952 2883 1917
  387 3394 3467 2828
 2926 3449 3453 3459
 3398 3397 3453 3329
 2367 3329 2245 2945
 3514 2950 2558 2052
 2935 2421 2941 3453
 2245 2449 2876 2310
 3580 3517 3002 1976
 2317 2374 3348 2829
 2822 2905 3285 3342
  387 3464 2892 3451
 3449 2941 4028 2348
 3438 3314 3953 3380
 2894 3340 3343 3515
 3296 1183 2315 1818
 2887 2491 1990 2823
 3911 3399 3467 2896
 3285 2246 3855 2890
 3027 2446 1429 1997
 3997 4049 2893 3032
 2390 1429 2955 2845
 1797 3404 2515 3394
 3347 3353 2773 2448
 2848 3474 3993 3477
 2446 2514 2453 2515
 3547 3418 2395 3545
 3346 1891 2349 1831
 3351 3985 3477 2844
 2323 2886 3395 3348
 2388  366 1513 3050
 2340 2283 1770 1776
 1958 2399 2391 1960
 2405 3296 2963 1877
 3950 4013 3364  361
 2862 3315 2413 2398
 3462 3473 3997 3414
 2990 2477 1973 3423
 3545 3927 3428 3416
 2872 2855 2930 2864
 2341 2852 3368 1853
 3940 2936 2413 2871
 2408 1942 2397 2326
 1911 2416 2936 2531
 3429 2980 3481 2341
 3419 2338 2416 3442
 3478 3935  359 3816
 2928 3441 3385 2937
 1341 1843 1909 1898
 2030 1921 2468 2537
 2866 2348 2875 2878
 3448 4019 2811 3396
 2982 2923 2944 3951
 3435 1969 1832 3325
 3371 2398 3307 2915
 3401 2811 2870 3459
 3381 1969 2410 1776
 3053 3049 2585 2593
 4026 3513 3455 3969
 3468 2554 2882 3506
 2917 3498 2919 3436
  308  893 2923 3502
 2435 1908 2824 3506
 2823 3451 2876 3329
 3055 1090 2540 1912
 3945 2949 2882 2888
 2869 3313 3386 2296
 3451 2873 3465 2449
 2928 3945 3444 2348
 2880 1917 1918 2300
 2952 2374 2443 2390
 2312  769 3855 2874
  387 2960 3069 2950
 3468 2558 2820 2941
 3010 2948 3451 2881
 3022 3997 3410 3467
 2946 2333 3464 2876
 1222 2393 1752 1306
 2451 2969 2001 2456
 2443 2375 1869 2897
 1879 3027 1433 2784
 1932 3017 3021 2384
 2971 3860 3407 1944
 3546 2571 3530 3543
 3528 2948 3521 3537
 2381 2390 2450 1821
 3022 3462 2328 3407
 2463 3346 2909 1816
 2521 2981 3538 2579
 2469 3420 1816 3424
 2526 2458 3025 2461
  356 3301 3484 3418
 2444 2518 2521 2526
 2954 2387 1940 1863
 2408 4002 3481 2532
 2057 2958 2518 3546
 2985 3492 3000 2975
 1950 1427 1946 1418
 4001 3547 3935 3933
 2972 4002 4004 3566
 3608   81 3096 3680
 1942 2523 2981 3025
 3444 2987 3057 3440
 2983 3553 2984 3555
 4002 2920 2459 3423
 2977 2600 2964 2533
 3501 2987 2928 4020
 3560 2979 4073 3177
 2979 3561 3489 3565
 4066 2464 2972 3065
 3072 3516 3006 3525
 3510 2978 4017 2982
 2402 3354 3419 1770
 2483 2480 2541 2424
 1948 2913 2388 2465
 3429 3940 3498 3440
 3561 3000 4017 3505
 1586 1597 3060 1084
 1856 3052 2531 2481
  378 4081 3948 3003
 2540 2090 2606 2556
 2466 2465 3028 2464
 3000 2104 3054 3044
 1908 2494 3329 2300
 3005 2992 2972 2998
 1898 2410 2365 2417
 2105 2884 2486 1657
 4088 3951 3957 2995
 3017 3009 2828 3463
 3057 3000 2480 4015
 2556 2986 2554 3517
 2027 1472 2420 2543
 4037 3513 2820  380
 2064 3021 3004 3024
 2504 1657 3397 2950
 3591 3077 3587 4034
 3527 3524 2575 2507
 4037 3571 3456 3058
 3657 3154 3542 3083
 2624 2570 2177 2440
 2561 3535 3522 2553
 3029 2957 2576 3004
 2510 1038 1537 1368
 1352 2372 2375 2333
 2636 2642 2576 1542
 2112 2957 3009 2636
 2515 2962 2951 1944
 2451 1550 2512 2434
 3522 3009 3081 2447
 2081 2977 2534 2966
 1968 2088 2072 3038
 2895 2381 3420 2956
 2532 2997 4066 2085
 3017 2514 3394 1491
 3418 3982 3491 3421
 3540 2521 2455 2506
 2454 4057 3475 2896
 2397 3301 3860 2395
 2059 2526 2514 2577
 2085 3049 2022 1638
 3538 3479 3540 2070
 2057 3613 2590 3941
 2579 2585 3026 2533
  471 3489 3557 4004
 3554 3548 3538 3046
 2142 1648 2589 1968
 1627 1119 2146 2089
 2090 3559 2667 2602
 3045 3562 2593 2998
 3108 3044 4066 4004
 2525 2587 3105 3040
 2528 2530 2024 1589
  485   90 3609 3093
 4066 2024 3035 2933
 2906 2407 2471 2025
 3691 1005 4018   46
 2994 2467 2484 2019
 2032 2933 2018 2591
 2090 2024 3558 2998
 1584 2098 2940 2090
   44 3631 3183 3177
 2470 2483 2978 3005
 3061 3072 3013 3575
 2473 2824 2421 2424
 2993 1593 1587 2358
 3058 2549 2038 3525
 3194 3570 3113 3196
 3113 3559 2606 3129
 3577 1912 2556 2438
 2528 3558 3500 2985
 2495 2447 2493 1488
 2045 2559 2562 1928
 3522 3460 3075 3082
 3081 2491 2948 2828
 3460 1989 2493 1604
 1595  968 1983 2546
 2986 1976 3058 2820
 3973 4095 3571 2613
 3576 4034 3585 2626
 3068 3575 2553 3591
  210 3610 3206   73
 3011 2626 3082 2550
 1606 3666 1747 2060
 1928 2574 2619 2501
  210 2750 3719 3323
 3024 3069 1488 2553
 3068 3583 3077 1604
 3707 3014 3654 2567
 1622 2124 2655 1606
 4046 3649  516  458
 1944 3532 2514 2572
 3616 3674 3598 3167
 3100 3671 3213 3220
 3999 3680 2439 3097
 2190 2654 2597 2151
 3734  729 3224  163
 3596 2439 3094 2573
 3598 3048 3668   34
 3092 3220 3102 3658
 2652 3102 3163 3606
 2976  526 3154   75
 3543 3089 3549 2578
 2649 2653 2268 2604
 3682 3936 4063  485
  601 3674 3088 3273
 4058 3176 3107 3104
 3094 3999   34 3095
 3613 3936 3487 3681
 3556 2649 3101 3225
 2588 2652 3681 3046
 3184 3556 2733 3173
 2710 3745 3101 3740
 3045 3548 2599 3557
 3177 3619 4074 3625
  105 3696 3128  498
 2777 2221 2157 2656
 3624 3619   91 4072
 3132 3063 3062 2549
 2104 3563 3123 3562
 3119 2488 4044   52
   41  479 3625   91
 2601 3183 3692 3508
 3196 2623 3585 2617
 3115 3192 2152 3126
   38   39  498  556
 3250 3192 2859 3249
 2549 2613 3129 3456
 2609 3180 3114 2091
  628 3653   60   69
 3574 3634   44 3512
 3574 2614 3119 3171
 3254 3637 2623 3576
  109   50 3110 1137
 4084 3570 3063 3122
 1936 2117 2632 2180
 3537 3579 4089 3535
 3113 2226 2667 2540
 2803 2743 2794 3321
 2678 2568 2626  123
 3776 3257 3195 3251
 4040 4034 3149 3642
 3593 3587 3647 4040
 2629 2684 2687 2628
 2565 2626 3149 3526
 1290 1736 2630 2766
 3713 2672 3769 3328
 3597 3600 3666 2584
   26 3273 3675 3168
 2568 2227 2294 2615
 1614 2628 3597 2697
 4046 3641  450 3647
 2750 3728 3819  140
 2634 2519 2507 3544
 3707 3139 3721 3136
  400 3688 3629   84
 2199 3215 2767 3286
 3737 3290 3209  721
 4036 2622 2507 3596
 3096 3014   20 3665
   83  521 1103 3611
 2710 3157 3165 3225
 3217 2268 3156 2639
   23  104  168  159
 2722 1702 3872 2639
   20 3610 3725 3657
 2571 2573 3541 2592
 2707 3165 2148 3872
 3604 3095 2710 2604
 2222 2154 2713 2096
 3162   26 2706 3156
 3675 3740 4056 2669
 3224   18 3675 3087
 3281 3143  144  601
 3747 2605 3761 2661
 1648 3173 2078 2087
 3508 3126 2747 3180
 2725 3173 2589 2157
 3106 3567 3172 3170
 3305 3755 3189 2488
 3184 2726 3567 2738
 2661 3101 3759 3615
 2658 2983 3109 3056
  110 3262 3249 2564
 3755 3255 2802 3299
 3123   44 3171 3698
  169 3687  103 3620
 3186 4096  575  633
 3056 2488 2598 3117
 2160 3106 3175 3747
 2679 2617 3194 2226
 4079 4023 3182   61
 3698 2667 3194 2747
 3258 3811  119 3831
   52 3174   47 3690
 3321 2739 2859 2803
 3709  625 3653  110
 2607 3197 3119 3121
 2109 2175 2616 1714
 3062 2614 3187 3185
 3135 3766 3331 3834
 2614 3564 3118 3062
 3255   52 3192  110
 4090 3503 4081 3520
 2640 3266 2760 3732
 3636  119  241 3650
  191 2672 2116 3772
 2692 1605 1744 1813
 3232 3223 3272 2133
 3265 3713 2798 2751
 3266 3732 3210 2761
 2584 3076 3210 3793
  135 3209 3270 3793
 3716 2750 3664  137
 3207 3152 3672 3660
 3597  132 3206 3205
 3672 3270 3275 3349
 2641 2122 2705 2243
 2702 3088 2712 2584
  661  536 3663 3617
 3403 2769  135 3151
 3838  141  770 3836
 3276 3157 2646 2604
 2752 2197 2258 2125
 3729 3675 3679  144
 3088 2648 3094 3604
 1749 2761 2767 2125
  721 3355  212 3291
 3284 2704 2769 3203
 3727 3679 3091 3167
 2733 3156 3104 2605
 3284 2720 2274 2836
  156 3729 3363 2669
 3363 3753  231 3751
 2707 2720 3670 3281
  217 3809 3798 3363
 2664 2143 2718 3239
 2199 2192 3203 2698
 2160 2718 2722 2733
 2223 2248 2867 2732
 3306 3256  164 2805
 2680 1763 2795 2857
 3427 2716 2786 2327
 3817 3615 2669 3748
 3765 2805 2854 3231
 2403 3302 2858 2277
 2726 2621 2747 2666
 2857 2664 3765 2785
 2797 2231 2674 2730
 2809 2409 2354 2425
 2598 3305 3683 2665
 2724 2795 2673 2729
 2671 2794 2753 3248
 3318 2680 2663 3247
 3705 3178 3121 3706
 2618 2739 3121 2614
 3322 3135 3840 3897
 3883 3310  164 3882
 2663 2741 2857 2727
 3127 2564   69 3708
 3179 3258 3690 3197
 3235 3878 3701 3883
 3379 3763 3135 3769
 3255 2736 3188 2741
 3962 3405 3902 3327
 2755 3344 3339  316
 2677 3379 3953 3840
 3775 3653 3643 3178
 3842 3387 2816 3767
 3843 3896 3336  306
 3204 2240 1720 2812
 3786 3199 3205 2767
 3921  201  652 2755
 3331 2640 2182 3387
 3391 3401 3964 2816
 3207   73 3718 3211
 3446 2366 3377 2363
 3281 2712 3203 3290
 3604 3100 3143 3745
 1678 2264 2756 2055
 3849  713 3211  146
 3604 3217 2702 2706
  132 2637 2629 3652
 3384 3285  266 2776
 3932 3342 3868 3921
 3672  152  652  282
 3229 2706 3168 3272
  204 3910  194  276
 3722 3355 3366 3881
 3287 3223 3226 3670
 2894 2886 3932 3278
 2704 2698 3151 2252
 3284 2385 2774 2272
 3304 3865  652  720
 2853 2729 3345 2792
 2769 3670 3152 3272
 3222 3670 3737 3308
 2344 3858 3360 3350
 3351 3865 3470 3929
 3362 3818 2846  289
 2337 2270 2342 1254
 2909 2891 3353 1807
 1821 3474 2781 3353
 2283 2214 2324 1830
 2793 2741 3179 3765
 3814 3371 2864 3356
 2328 3033 3545 2967
 3240 3356 3312 2779
 2799 3443 3392 3940
  212 3805 3803 3288
 2661 3245 3174  112
 3235 3750 2793 3751
 2930 3315 2296 2797
 3806 3731 3291 2843
 2843 3738 3753 2858
 3899 3252 3828 2677
 2231 2291 3438 2302
  292  807 3302 3875
 3438 3953 2942 2797
 3372 2889 3401 3897
 3307 2911 2860 3325
 3435 2398 2855 3425
  361 2206  234 2278
 3248 2184 3887 3953
 2797 3882 2677 2663
 3899  297  176  368
 3133 2670 3190 2742
 3834 3251 3845 3327
 3639   73 3716 3080
 3639 2688  716 3772
 3381 3315 2929 2730
 2696 3387 3904 3834
 3259 3857 3322 2816
 2764 3776 3331 3141
 2879 2880 2939 2999
 2815 1795 3767 2306
 3195 3772 3268 3328
 3767 3395 2822 2817
 4019  251  367 3452
 3989 3913 3977 3781
 2246 2781 3404 2374
 3569  882  893 3264
 2174 2830 2815 2758
 4038  343 3915 3989
 2765 2837 3260 3786
 3458 3404 2890 3410
 3847 3856  391 3343
 3279 2886 2765 2776
 3473 3985 2890 3341
 2760 3783 3260 3904
 3289 2780 2777 2722
 2963 2903 3427 1893
 3813 2774 2899 2782
 2817 2905 2885 2246
 3211  152 2755 3785
 2783 3427 3292 2782
 2904 3932 2847 3293
 2400 2341 2397 2213
 2782 3296 3297 2899
 1831 2338 2988 1853
 3731 3222 3283 2272
 3300 3302 2800 3876
 3992 3482 3994 3982
  289 3862 3869 3863
 2799 2414 3425 3426
 2779 3292 2385 3497
 3825  807 3383 3874
 2344 2838 3294 3428
 3230 3227 3228 3817
 3937  940  353 2910
  289  292 3383  220
 3805 3369 3865 3283
 3425 2852 2846 3810
 2414 3425 3419 2916
 3366 3470 2838 3862
 2869 2875 2862 3439
 3300 2930 3764 3882
 3314 3386 3896 3840
 2415 2464 2459 3572
 3566 3494 3429 3437
 3943 4013 3963 3502
 3815 2414 2856 3429
 2418 2301 2860 3271
 3889 3821 3831  176
 3261 2184  233 3257
 2306 2889 2751 2749
 3325 2418 2932 2282
 3961 3569  307  251
  236  296 3365 3361
 3905 3278 2822 3855
 3448 3843 2348 2923
 2942  306 3372 2870
 3263 3268 3326 2760
 2320 1918 1859 2754
 2768 3401 2306 2757
  251 3857 3445 3896
 2255 3269  769 3767
 3955 3815 3950 3303
 3406 3789 2874  391
 2877 2898 1990 3029
 3332 2819 2905 2311
 3450 3907 3449 2927
 3468 2486 2879 3010
 2873 3449 2558 2879
 3473  401 2893 3411
 3528 3581 3513 4031
 3314 3389 3269 2931
 3411 4038 3906 3856
 2307 3215 2825 2765
 3464 3335 2898 3340
 3259  825 3894  367
 3917 3450 3909 3393
 3413 2958 3484 2962
 3974  386  900  341
 1807 2381 2321 2845
 3515 3473 3340 2951
 3402 3529 3476 3399
 1418 2330 1879 2832
 3407 3997 3488 3475
 3914 2912 3985 3529
  134 3852  720  152
 3993 2336 2344 2914
 3914  356 3482 3488
 2902 3933 2967 3030
 3368 2921 2988 3435
 2965 2453 3027 2450
 3484 3941 3488 3030
  296 3934  220  279
 2980 2913 2408 2400
 1879 2463 2326 2965
 3359 3316 3368 3367
 3937 2206 2846 3359
 3346 3350 3237 2334
 3362 3812 2914 3863
 3376 3374 2991 2920
 3499 4008  426 4018
 3502 4029 3963 3950
 4001 3996 3995 3994
  437 3954  381  300
 2844 3914 3928 3927
 2929 2413 3316 3419
 2936 2483 2473 2419
 3495 4075 3938 3374
 3311 2889 2256 3313
 2868 3956  377 3370
 2462 2978 3501 2991
 2923 3501 3444 3443
 1899 2921 1969 1911
 3441 2871 2868 3303
 2944 2978 3441 2419
 3845 3390  252 3835
 2406 2862 2866 3271
 1789 2368 2365 1909
 3385 4028  893 2927
 2878 3398 2888 3396
 2821 3966 3406 3396
 2950 2939 2887 2943
 3333  441  259  889
 2882 2879 2878 2352
 3523 3973 4037 3969
 2934 3909 3848 3907
 3507 3525 3013 3122
 1917 1858 1794 2375
  401 3340  387 3465
 2878 2931 2322 2814
 3070 2447 3068 2635
 3601 2454 3471 4045
 2962  356 3477 2912
 2581 4052 3004 3532
 2887 2952 3404 2449
 2943 3458 2874 3514
 4031 3967 4089 3906
 2951 2893 2877 3532
 2949 1976 3397 2935
  899  405   63 3533
  337 2844 3293 3369
 4039 3919 3461 3983
 2429 2558 3907 3513
 3343 2912 3410 3399
 1816 3297 2900 2450
 3032 3546 3413 3532
 3411 3533 4045 3983
 2900 3515 3462 2904
 2922 3869 3863  796
 3036 2054 2506 2518
  864 3920 4061   30
 2970 2920 3494 2395
 3417 3357  340 3539
 3486 4057 3543 3941
 2392 3407 3421 2967
 4049 4057 3978 3488
 3483 3936 3982 4050
 4070 3103 3552 3553
 3485 3413 3421 3417
 4054 2984 3566 3039
 4001 3552 4054 3491
 3490 3550 3030 3613
 2483 3572 3498 2972
 1944 2469 1930 2453
 3547 4054 3374 3481
 4054 3437 4012 3565
 3681 3553 4062 2657
 2327 2274 2728 3360
 2459 2936 3492 2991
 4009 4075 3430 3565
 2094 2541 3065 3572
 3955 3440 2982 3441
 3958 2937 3375 3431
 3635 3198 3622 3627
 3560 4009 3573 3511
 3573 2992 2104 4015
 2476 2935 2938 2486
  380 3456  378 3578
 3117 3171 2152 2726
 3957 3947 4083 4011
 4015 2987  378 3516
   33 3504 3568 3627
 3627 4084 3125 4090
 3008 2934 3400 3472
 2429 2881 3528 3465
 3477 2781 2890 3410
 2986 3945  380 3510
 3006 1912 2884 2038
 4087 3637 4090 2613
  511 4024 3642   15
  113 3959  564 3198
 2960 3581 2052 2553
 3024 3016 3068 3524
 3644 4031 3454 4030
 2502 3522 2064 3012
 2986 3456 2606 3061
 4036 3527 3587 3139
 3583 3012 2622 3526
 3400 3514 4025 2960
 3411 3414 4049  393
 3541 2454 2578 2959
 4036 3593 3541 2502
 3475 3086 3463 3467
 4038 3469 3967 3476
 4042  461  458   63
 3016 3593 3587 3131
  524 3986 4063 4047
 3911 3131 2960 2561
 2057 3036 3040 2964
 4061  335 3978 3482
 2525 2586 3031 3036
 3530 3612 3531 3161
 4036 3647 3612 3014
 2590 3483 3097 2959
 3596 2648 3666 3148
 2902 3301 2850 2914
 3941 2971 2959 3475
 2974 2856 2902 3494
 3040 2579 3108 2600
 4063  460 3097  465
 2392 3491 2395  471
 2588 2093 4062 2587
 3487 3996 3490 4016
 2979 3496 3619 3487
 2657 3613  471 3040
 3562 2979 2658 3557
 3104 2093 3692 3106
 2657 3108 3039 3555
 3054 3065 1584 2480
 3698 3043 3063 2104
 2983 3504 3563 3561
 2992 3562 3560 2984
 3114 3555 3044 3561
 3573 3560 3114   44
 2607 3637 3196 3574
 3495 2984 4007 3499
 3489 2462 3374 2975
 2656 3173 2150 3175
 3511 3948 3635 1005
 4021 4019 3382 3336
 3574 3062 3129 3698
 2550 3591 3073 3013
 3373 2531 3500 3492
 3563 3504 3505 4084
 3126 3570 3125 3564
 2493 2563 3058 3075
    7 2610 3127 3074
 2099 2163 1584 3064
 4081 3507 4088 3973
 3581 3591 3644 3131
 1593 2437 2495 2884
 3400 3579 3521 4037
 3789 3844 3909 3906
 2635 3082 3527 2631
   61   39   42  994
 3074 2613 2550 3118
  447  562  633  520
 3526 3535 3137 3011
 3654 3649  454 4046
  454 3642 3656    2
    2  579   15  520
 3011 3075 3579 3571
 1011 1208 3702   59
 3601 3531 3535 3137
   58 4040 3972 3644
  450 2578   75 3612
 3092 3153 3600 3544
 3142 3210 3145 3711
 3093 3629 3087   81
 3606 4055 2588 4058
 3142 3671 3596 3657
 3593 3972 3461  450
  465 4053  413 3919
 3990 1512   37  983
 3220 3273 3276 3163
   83 4047 3607  977
 3668 3599 3745 3095
 3605  153  416 1042
   20 2976 3658 2439
   17 4047 3048 1042
 3617 3076 3671 3160
  544  526  516 3155
 3542 3595 2439 3541
 3491 3037 3554 3103
 4041  491  996  415
 3238 3176 2605 3740
 3087 4056 3745 3668
 3214 3660 3727 3610
   76 1106   84  734
 3553 3112 3109 4068
 3181  168 3756 3743
  105   38  169  108
 4023 3630  999 3503
 2665  169   91  609
 4069   25 3112  609
 3116 3109 3683 3631
   60 3628   55 1137
 3512 3503 3700 3511
   43   53  115 3626
 3150   17 3734 3598
   42  428 3622 3700
 3056 3700 3625 4073
 4065  105   47  109
 1137 3762 3709 4079
 3125 4044  504 3700
 3503 3947 3697 3568
 3891  110 3775 3200
 3564 3518 4082 3127
  564 4087   15 4096
 3323 3732 3324  132
  121  173 3758 3704
 4040  454   11 3146
 3519    7 3136 3589
 3819 3708 3262 3720
 3523 3579 3594 4095
  628 3777   68 3819
  965 1467  382  570
 3146 3707 3137 3542
 4094  449  319  503
 3085  967 3588  975
  180 3200 3754  178
   68   13   65 3656
 2688 3277 2116  123
 3124 3262 3191 3710
 3588 3083 3665   65
  977  516  459  524
 3651  140 3777 3589
 3014 2509 3600 3160
 3674 3608 3094 3671
 1102 4048 1043  975
 3209 3617 3679  601
   10  962  451    9
 3665 3725  455  651
   73 3725 3214  713
 3728 3208 3717 3714
 3662 3154 3654  544
 3142 3544 3078 1614
  967 4035  456    2
 3606 3093 3616  541
  129  265  199  270
 3284 3290 3291 3229
 3088 3610 3600 3658
 3280 3209  661 3211
  659  159  156 3746
 3100 3727 3658 3087
 3167 3143 3166 3219
 1042 3991   37   40
  154  145   82  539
  166  165   92  168
 3219  661 3660 3224
 3089 2976 4063   34
 3105 3496 4055 3103
   34 4060 4055 3099
 2488 4065 3245 3625
 3734   18  159 3742
 1129   99  108  102
  226  286  612 1257
 3181   92  105 3758
  157 3150   83   76
   35  482  991 4086
 3255 3189 3811 2793
 3697  430 3051 4083
 3556 3117 2598 2661
 3758  112  100 3750
   47  241  171   50
 3882 2857 2791 2805
  101  121 3110  125
  998  943 3691 3635
 3180 3570 3559 3187
  119  106 3822 3821
 3634 3631 3630 3627
 3256  807 3814 3753
 3592  562   62 1531
  185  627  569  309
  177  106 1191 3640
 3249 2227 3712 2618
 3891 3769 3249  191
  454 3083 3149 3647
 3254 2610 3643 3712
   55  171 3633 3191
  180   55 3653 3771
 2565 2637 3597 2622
 2116 2568 3705 3708
 3141 2753 2184 3204
 3664  124 3774 3819
 3717 3912  128  198
 3723 3323 3787 3208
  270 3715  127 3664
 3732 3786 3270 3783
 3725 2625 2567 3080
  191 2688  137 3643
  140 2610 3149  123
 3806 3283 3861  292
 2625  713 3716  270
  124  695   66  514
 3663 3662 3719 3160
   12 1116  992  530
  464 3617 3224 3674
 2625 3664   68 3147
 3219 3798  659 3227
 1601 2189 1553 2127
 3308 3355 2274 2385
 3639 3205 3718 3199
 2707 3817   26  144
 3629 3684 3091   97
 1290 1681 2778 2188
  661  163  705  730
  144  221 3291 3152
 2148 3817 3309 2854
  166   95  231  100
   26 3107 3166 3615
  151  222 3801 3923
 1036 3743 3991 3684
 3620 3742 3757 3749
  788  207 3800 1380
 3107 3273 3616 3606
   96 3673  104  161
 3169 3755 3765 3184
 3238  155  103  100
 4056 3743 3759  541
 3693 3811  177 3306
 2854 3228  100 3306
 3878  231 3808 3825
 3701 3309 3228 3875
 3650 3830  122 3822
 3179 3174 3747 2152
  108 1036 3620  162
  155 2669   18 3743
 3687   47 3693 3640
  103 3176 2665 3749
  291  244  239 3821
  112 3169 2793 2854
 3633  109   42 4044
 3891 2736 3833 3257
 3883 2278 3876 3371
 3242 3747 3299 3239
  716 3838 3195  191
 3263 3330 3391 3332
  141  122  641  250
 3141 3257 2671 3706
 3787 2696  205 3783
  628 3710  569  124
 2629 3324 3201 3331
  368  252  239 3889
 3838  137  198 3714
 3636  188  180 3262
 3328 2749 2184 3135
 2610  512 3656 3645
  724 3849  779 3788
 3987 3800  404  408
 3788 3912 3787  270
  328  895 3334  398
 3845 3902 3894  310
 3718 3770 3785 3344
  266  714  391 3847
 3849 3349  261 3783
 3339 3266 3718  135
 3849 3716 3770 3780
 3778  133 3780  199
  401 3393 3582 3856
  206  146  199  664
 3929 3852 3921 2776
 1241 1238 1171  278
 2712 3206 3207 2199
  259 3977  831  825
  146  724  211  152
  613   87  143  131
 3908 3905 3970  714
 3859  221 3230 3729
 3875  228 3825  217
  473 3779  276 3744
 3803 3741 3859  209
  201 2769  721 3868
  282 3801 3304  275
  290 1329 3866 3888
 3366 3918 3861 3304
 3308 3875 3809 3722
 1300 3859  217  161
 3752  745  684   95
 3230  212  228 3806
 3367 3939 2800 2779
 3690 3188  241 3750
 3428 2846 2856  359
 2272 2847 3347 3858
 3701 3300 2858 2805
 3392 3376 3937 3938
 3877 3949 2922  940
 3238 3363 3733 3738
 3881 2779 3294  292
 3643 3714 3147 3645
  820 3832  239  365
  225 3699 3378 3760
 3829 3826 3699 3754
  234 3884 4013  305
  881 1329 3954  748
 3799 3361  237 3752
 3822 3837 3827  239
 3903 3826  235  250
 3831  233 3890 3310
  107  623  681 3822
 3833 3754  770  188
 3828 3188 3378  164
 3901  369  307 3820
  119 3830 3890 3763
 3322 3195 3836 3326
 3445 3892 3890 3840
 2696 3216 3902 3834
  193 3826  681  302
 3774 3216 3766  188
 3916  324 3977  330
 3372 3251 3835 3261
  383  707  889  831
 3263 3962 3900 3905
 2868 2875 3264 3385
 3913 3979 3582 4032
 3322 3782  770 3445
 1347 1351 1348 1400
 3989 3784 3864 3341
 3455 3895 3979  441
 3275 3778 3785 3787
 2829 2315 1870 1807
  266  194 3929 3864
 2755 3415  204 3791
  766  755  133  268
  208 1419  645  835
  391 2947 2894 3384
 3341 3402 3789 3913
 3327 3964 3390  367
 3292 3813 2385 3881
  676 3807 3801 3798
 3033 2392 2958 1930
 3722 3805  220  228
 3358  220 3369 3879
 3428 3930 3478 3358
 3847 3851 3985 3980
 3288 3293 3921 3366
  237 3804  293  296
 3871 1308  793  293
 2307 3279 3802 2272
 3478 3934 3358 3877
  359 3877  289  236
 3867  866  290  801
 3159 2789 3162 2720
  726  747  736 1188
  174  809  234 3361
 3806 3312 3799 3753
 3764 2206 3356  807
 3869  358 3870 3816
  225 3256 3752  174
  406 3862  337  342
  414  798  481  350
 2838 3283 3818 3858
 3371 3319 3252 3695
 3256 3764 3252  176
 3823  882  297 3958
  376  360  362 3931
  300  420 3963  828
 2751 3318 2240 2291
  809  298 3804 3954
 3378 3899 3773 3890
 3828 3835 3833 3889
  188 3706 3763 3636
 3899 3946  306 3835
 3954  243  381  817
  303  251 3405 3782
  438 4027 3848  392
 2811 3372 3390 3264
 2816 2749 3314 3251
 4083  442  433  373
 3889 3892 3320 3310
  316 2837 3842 2822
  381 3832 3943  305
 3782 3836  762 3259
 3827  252  820  295
  205 3326 3344 3962
 3384  769 3797 3842
 3402 3582 4025 3466
 4028 3455 3396 3472
  259  367 3966 3797
 3582 3406 2429 3455
 3929 3282  720  473
 3537 2893 4025 4045
  766  255 3715 3780
 3334 3856 3844 3917
 3417 3414 3434  335
 3976  393 3338 3980
 3989 3839  194  202
  714 3913  259 3406
  342  275 3805  732
 2578 3602 3471 4057
 3975 3480  379  919
 3279 3791 3267 3865
 4051  408 3980  194
  723 3741  788  735
  348  406  347  869
  784  336  780  645
  844  469 3987  410
  356 2914 3434 3930
 3434  337  402  340
 3791 3910 3293 3851
 3933  340 3927 3863
  358  290 3885  414
 3285 2448 3279 3351
 3418 3994 2974 3930
 3422  414  406 3869
 2922 2974 3938 3942
  407 3099 3103 3486
 3364 3426  359 3815
  426 3815 3437 3935
 2402 3810 2334 2728
 2991 3303 2917 2414
 3037 3546 3421 3483
 4003 3935  426 4012
 3375  882 3901  824
 3992  985 4061  429
 2941 2470 2944 3516
 3892  307  368  882
 4081 3509 3959 3635
 4020 2995 4009 3568
 4003  481 3816  360
  868 3392 3431 2910
 3003  380 4026 2928
  419 4003 4005  476
 3261 3313 3318 2889
 3824 3433 3888 3893
 3501 4075 4029 3392
 2398 2799 3439 2278
 3509 4020 3003  308
 3502 2868 3884  361
 3947  998 4093 3520
  430 4086  941  935
  771 3382  889  303
 3904 3970 3842 3259
  433 3431 3375 3886
 2811 3966 3269 3857
  326  436  386 1532
 3964 3908  769 3450
  457 3971 3466 3533
  267  900  831  895
 4088 3454  392 2934
  257  260 3962 3797
  329 4032 3974 3967
 3601  457 3594 4089
  113 3073 3454 3578
 3971  507  503 3408
 3920  411  916  918
 3915  410  343  444
 3794  714 3839 3334
 3988 3485  413 3539
  507 3844 3848  900
  402 3922 3864 3915
  334  268  264  890
 3486 3030 3357 3996
 3476 3471 4043 4049
  396  845  332  444
 2904 3864 3343 3414
  465 3536   28  478
  215  848 3926 3779
 3978 4050 3992  864
 3334 3847 3916 3338
 3603  542  153  543
 3676 3742   90   17
 3357 3944  409 3988
 3416 2783 2900 2328
 3432 3357  796 3933
  409  476 3432 1375
 3982 3432 3552  407
 2951 3413 2896 2912
  416  545 1505  478
 3089 3102 2573 4060
  357 4006  350 1375
 2974 3432 4012 3490
 2464 2970 2980 2975
 1375 3952 3949 3942
 3039 2532 2975 3045
 4006 3952  865 4077
 4005 4000  424  423
 4016 4068 4010 3565
 3430   46  419 4010
 3499 3948 4017 3504
 4008 4007  487 1005
 4088 4027 3509 4093
 4001  419 3495 3942
  300 3375 2910 3823
  845  899 1414 4042
 2606 3505 3005 3510
 4007 3552  421  419
 2992 2462 4009 2987
  420 3051 4029 3430
 2927  441 3333 3569
 3957 3948 2982 4029
  945  385  824 3569
  966  451 1467  912
 3186  564  504 3622
  113 4087 3519 4095
 3911 3906 3528  401
 4028 3951  439 2934
 4011 3895  439  442
 2888 3448 4026 3907
 3955 4018 3431 4020
   58  503 4092 3523
 3400 3523 3466  507
 4038  895 3971 3844
  448  445 4091 1532
 3011 3136 4095 3074
  449  511 3667   11
 3153 3526 3531 3542
 3013 3581 3454 3008
 4032 3338 3533 3402
 4053  450   63 3471
 3137 3641 3594 3136
  412  542  416 3614
 4014 1018  319 3534
 3983  393  413  405
 3634  625 3762 3115
 3461 3476 3911 4089
 3085 3588   75 3146
 3609 3605 3536  400
  906  472    4 3659
 3485 3529 3983 2896
  465  417 3988 3486
  337 3922  404  473
 3463 2561 2502 2454
  459 3602 4039  460
 3490 3495 3494 3489
 3682 3599   25 3681
 3616 3749   18 3166
 3483 3919 3485 3032
 4069 3101 3599  541
 4072   40  545  979
 2590 2652 3682 3999
 3539 3480 3944  397
 3551 4074 3496 2658
 3549 3680 3099 3536
  869  798  923  403
   41 3683  169 3632
 3049 3028 2985 3045
  483  929 4077  941
 4007 4073 3619  493
 3624 4058 4074 2665
  407   25 4072 3487
 4076  108   36   37
  421 4070 4059 3112
   33 2983 3631 4068
 4069 4062 3109 2598
 3499 2462 3955 3437
  489   40   91 4071
 4005 1057 4067 1517
  935  998   54  501
 3186   60 1012 3633
  474   27  991 1130
 2995 3578 3947 3198
  625  504 1012 3637
 3898  508 3509 3691
 3573 3129  378 3512
  120  563   61  499
  943 3689 1517 3960
 3518 3638 4024    7
 3969 3578 3003 4011
 4045 3131 3972 3466
 3198 3512  504 3518
 1531   54 4033   51
  963  113 4030  510
  510 3959 4011  508
 3648   11   58  457
 4034 4024 3073 3644
 1012 3182 3638  579
