0
0
0
0.8888
1.3706
1.7745
2.0819
2.3074
2.4264
2.6338
2.7211
2.837
2.9141
2.9953
3.127
3.1885
3.242
3.3804
3.4107
3.5197
3.5668
3.7044
3.7433
3.8551
3.9091
3.9864
4.0253
4.0697
4.18
4.2765
4.3643
4.384
4.5186
4.5756
4.6015
4.6455
4.7054
4.7889
4.8168
4.8606
4.9219
4.9789
5.0525
5.1298
5.1803
5.2074
5.2337
5.2871
5.3231
5.3651
5.3848
5.4708
5.5042
5.5569
5.6059
5.6644
5.7089
5.8048
5.8218
5.8617
5.9407
5.9903
6.0216
6.078
6.11
6.1612
6.2099
6.2446
6.2515
6.2745
6.3665
6.4157
6.431
6.4654
6.5326
6.5744
6.6396
6.6627
6.702
6.7205
6.7582
6.8037
6.8586
6.9041
6.9383
7.0029
7.0291
7.0758
7.1256
7.1777
7.2186
7.2282
7.2661
7.2838
7.3175
7.3593
7.407
7.4691
7.4859
7.549
7.6127
7.6221
7.6887
7.6986
7.7413
7.7984
7.8272
7.8771
7.8966
7.9275
7.9748
8.0346
8.0703
8.1085
8.126
8.1457
8.215
8.241
8.2493
8.2746
8.3357
8.396
8.3989
8.4362
8.4772
8.5089
8.5109
8.5393
8.564
8.6288
8.6449
8.6774
8.6985
8.7342
8.7724
8.7927
8.8297
8.8839
8.9142
8.9673
9.0103
9.0299
9.0652
9.0729
9.1061
9.1459
9.174
9.2132
9.2392
9.2623
9.3053
9.3358
9.3682
9.3849
9.3977
9.4467
9.4529
9.5048
9.511
9.5734
9.5964
9.6273
9.6637
9.6827
9.6964
9.7287
9.744
9.7641
9.8014
9.8513
9.881
9.9126
9.9273
9.9527
9.9959
10.023
10.073
10.114
10.142
10.204
10.21
10.263
10.28
10.286
10.337
10.367
10.416
10.423
10.448
10.47
10.501
10.519
10.529
10.555
10.602
10.612
10.659
10.679
10.736
10.744
10.792
10.803
10.845
10.878
10.903
10.929
10.958
10.983
10.99
11.038
11.052
11.065
11.106
11.131
11.167
11.204
11.248
11.27
11.299
11.344
11.349
11.359
11.406
11.44
11.484
11.51
11.544
11.558
11.57
11.607
11.62
11.666
11.698
11.709
11.745
11.766
11.809
11.829
11.859
11.864
11.891
11.912
11.961
11.977
12.008
12.039
12.057
12.079
12.101
12.143
12.154
12.186
12.233
12.239
12.274
12.299
12.303
12.321
12.338
12.365
12.404
12.43
12.46
12.5
12.53
12.572
12.584
12.588
12.622
12.653
12.673
12.701
12.738
12.75
12.795
12.813
12.833
12.886
12.913
12.927
12.963
12.967
12.995
13.01
13.039
13.077
13.122
13.129
13.159
13.171
13.21
13.235
13.29
13.295
13.306
13.337
13.382
13.398
13.412
13.436
13.484
13.487
13.51
13.561
13.562
13.587
13.605
13.625
13.664
13.707
13.757
13.772
13.796
13.827
13.85
13.901
13.909
13.917
13.979
13.985
13.991
14.045
14.051
14.084
14.114
14.129
14.144
14.174
14.188
14.219
14.25
14.294
14.304
14.33
14.354
14.378
14.396
14.425
14.465
14.481
14.518
14.563
14.595
14.604
14.624
14.652
14.687
14.71
14.74
14.767
14.779
14.786
14.798
14.875
14.886
14.913
14.951
14.965
14.989
15.014
15.042
15.062
15.08
15.093
15.149
15.166
15.196
15.213
15.236
15.254
15.303
15.326
15.36
15.378
15.394
15.429
15.451
15.466
15.509
15.52
15.56
15.594
15.6
15.65
15.657
15.679
15.726
15.752
15.759
15.803
15.839
15.87
15.882
15.892
15.939
15.96
15.978
15.983
16.033
16.057
16.073
16.087
16.11
16.146
16.169
16.211
16.245
16.259
16.279
16.299
16.373
16.405
16.413
16.431
16.459
16.479
16.53
16.56
16.565
16.612
16.643
16.667
16.682
16.699
16.709
16.76
16.782
16.836
16.85
16.873
16.879
16.913
16.972
16.981
17.004
17.03
17.06
17.1
17.124
17.155
17.181
17.209
17.236
17.271
17.288
17.305
17.324
17.364
17.43
17.439
17.492
17.507
17.553
17.564
17.586
17.599
17.625
17.672
17.707
17.723
17.749
17.776
17.786
17.805
17.845
17.854
17.919
17.961
18.016
18.05
18.068
18.086
18.094
18.14
18.164
18.185
18.209
18.231
18.257
18.287
18.327
18.363
18.389
18.414
18.445
18.487
18.522
18.555
18.568
18.595
18.638
18.664
18.687
18.708
18.739
18.792
18.803
18.832
18.857
18.898
18.926
18.933
18.94
19.041
19.052
19.08
19.12
19.179
19.19
19.212
19.223
19.28
19.296
19.349
19.388
19.398
19.43
19.467
19.475
19.518
19.558
19.568
19.6
19.634
19.671
19.681
19.715
19.771
19.781
19.794
19.83
19.856
19.893
19.918
19.979
19.99
20.017
20.031
20.086
20.102
20.151
20.204
20.218
20.236
20.254
20.276
20.33
20.381
20.41
20.44
20.474
20.497
20.516
20.558
20.562
20.581
20.63
20.669
20.674
20.72
20.741
20.798
20.83
20.859
20.865
20.885
20.938
20.953
21.002
21.03
21.063
21.079
21.117
21.161
21.178
21.207
21.245
21.294
21.341
21.348
21.397
21.411
21.432
21.479
21.497
21.53
21.571
21.626
21.659
21.687
21.738
21.745
21.769
21.797
21.836
21.855
21.884
21.902
21.931
21.968
21.991
22.03
22.053
22.074
22.123
22.169
22.199
22.228
22.299
22.337
22.358
22.406
22.434
22.485
22.512
22.547
22.575
22.615
22.645
22.716
22.746
22.762
22.776
22.795
22.838
22.85
22.892
22.913
22.951
22.998
23.024
23.08
23.119
23.131
23.178
23.216
23.278
23.323
23.362
23.39
23.415
23.469
23.479
23.557
23.564
23.618
23.655
23.684
23.724
23.77
23.818
23.861
23.909
23.923
24
24.055
24.08
24.087
24.165
24.178
24.21
24.222
24.3
24.331
24.37
24.407
24.476
24.509
24.533
24.607
24.649
24.673
24.733
24.757
24.759
24.798
24.827
24.875
24.922
24.946
24.962
24.988
25.06
25.101
25.118
25.185
25.204
25.283
25.325
25.354
25.401
25.425
25.486
25.536
25.598
25.612
25.635
25.678
25.712
25.742
25.768
25.837
25.891
25.919
25.992
26.066
26.113
26.168
26.197
26.214
26.317
26.342
26.381
26.472
26.54
26.614
26.692
26.724
26.815
26.872
26.904
26.988
27.104
27.127
27.237
27.308
27.404
27.46
27.475
27.51
27.58
27.63
27.66
27.748
27.821
27.887
27.956
28.013
28.1
28.113
28.182
28.22
28.287
28.399
28.635
28.669
28.746
28.79
28.874
28.923
28.97
29.022
29.138
29.382
29.576
29.594
29.768
29.792
29.827
29.99
30.297
30.574
30.755
30.783
30.971
31.498
31.728
32.63
