256 256 6.3454 6.3454 6.3454
1 1 0.78816 0.75353 4.8391
2 1 2.5234 1.9409 1.1015
3 1 1.4067 6.3144 1.4719
4 1 5.1047 2.0863 1.8839
5 1 1.3565 4.2599 5.5751
6 1 2.957 5.2057 4.9581
7 1 2.69 4.4207 2.0718
8 1 4.2697 3.3619 5.0715
9 1 5.8541 4.8309 3.3681
10 1 0.33996 0.68615 2.1718
11 1 0.38592 0.11405 4.0441
12 1 1.7162 0.43309 5.8372
13 1 5.2572 6.2488 0.015685
14 1 2.1003 3.7121 4.0278
15 1 2.6666 3.5786 1.3188
16 1 0.8473 2.1474 3.6119
17 1 3.7353 3.7548 4.102
18 1 5.6764 2.1842 4.5697
19 1 3.3989 5.8147 2.8854
20 1 1.8402 2.3471 5.229
21 1 1.5375 3.5349 1.2313
22 1 2.9615 4.4847 4.0285
23 1 5.1117 3.2029 2.0596
24 1 0.87283 2.8938 0.61136
25 1 4.5614 4.2904 4.5512
26 1 3.8828 3.7341 0.72854
27 1 5.2882 2.8195 1.0858
28 1 3.0527 3.2247 0.34766
29 1 0.40149 5.9847 2.3758
30 1 3.9037 2.5794 0.39333
31 1 3.4949 6.1807 4.7422
32 1 1.9343 4.7721 3.7448
33 1 0.44006 4.5196 5.0343
34 1 6.0861 3.4857 0.35299
35 1 2.1058 5.6147 4.3877
36 1 1.9193 3.6361 2.2317
37 1 3.2231 2.6588 1.531
38 1 3.0202 2.1342 3.707
39 1 6.1171 0.89473 1.2992
40 1 1.3858 1.7182 4.4941
41 1 4.4563 2.3473 4.5896
42 1 4.9234 5.1012 3.8712
43 1 2.4723 6.1988 1.3307
44 1 4.5422 0.4313 0.75711
45 1 2.966 0.80022 1.115
46 1 2.0741 2.7103 1.7249
47 1 0.86309 1.6631 2.0045
48 1 1.9183 5.2712 5.4043
49 1 2.0968 2.8336 0.64838
50 1 3.3319 0.13287 1.9101
51 1 4.0535 1.8178 3.7437
52 1 4.3466 1.6687 6.3008
53 1 1.2144 5.7613 6.0551
54 1 2.0654 0.30755 0.48859
55 1 1.8386 2.0861 6.2827
56 1 6.2855 0.14703 0.38913
57 1 5.7057 1.0994 2.2992
58 1 5.4862 3.9748 2.8687
59 1 0.30142 1.6925 4.527
60 1 2.937 3.303 2.3872
61 1 0.18912 4.0627 3.021
62 1 4.4387 6.002 5.3329
63 1 2.6068 0.19324 4.0735
64 1 4.7703 5.5786 0.6933
65 1 1.923 2.1444 3.6372
66 1 3.2974 5.9448 5.7622
67 1 3.6748 0.82373 0.24862
68 1 2.4815 6.0035 2.3745
69 1 3.9696 2.4183 5.5924
70 1 3.7065 4.758 2.3698
71 1 5.5543 6.0363 5.3565
72 1 5.0268 3.6414 0.45752
73 1 0.1418 1.2053 0.28177
74 1 5.7631 3.7849 1.3188
75 1 3.1268 6.2458 0.46322
76 1 5.5477 4.3853 6.2432
77 1 4.609 1.2155 2.3892
78 1 5.0619 1.097 1.4307
79 1 0.2728 1.4294 2.9335
80 1 3.9259 2.8619 3.5008
81 1 1.8848 0.76877 4.8283
82 1 0.11881 4.4482 1.9495
83 1 4.854 3.1827 3.0868
84 1 2.6304 5.294 0.72853
85 1 0.72243 3.8501 0.10033
86 1 1.2661 1.4215 5.545
87 1 4.0316 0.77949 4.4852
88 1 1.774 3.759 0.18767
89 1 6.2969 3.8156 5.6907
90 1 1.897 1.0247 1.228
91 1 3.1812 1.0912 3.8502
92 1 2.8934 3.1728 3.5163
93 1 5.6342 3.2316 4.7047
94 1 5.5116 4.2111 5.0807
95 1 0.14798 1.5236 5.582
96 1 3.6615 5.2595 0.37816
97 1 2.3235 3.0167 5.934
98 1 0.1684 5.9291 5.873
99 1 1.8462 4.825 0.037463
100 1 5.4531 4.0603 3.9818
101 1 0.42171 1.9125 1.0163
102 1 2.2915 5.8703 6.1944
103 1 4.5361 4.1449 3.4697
104 1 1.2046 5.5655 3.5373
105 1 2.5468 1.4335 2.9521
106 1 1.272 4.1344 3.1927
107 1 5.6916 5.894 4.2871
108 1 0.72283 4.9904 2.7034
109 1 2.854 3.6361 4.7437
110 1 3.6707 0.11219 3.7227
111 1 3.9743 5.2016 4.5362
112 1 4.727 3.2853 4.1285
113 1 2.4865 4.0618 5.6831
114 1 4.9704 0.49048 4.9173
115 1 2.7089 4.2183 0.36983
116 1 1.3031 6.1386 5.0284
117 1 2.4015 2.7408 4.3951
118 1 4.4346 1.461 5.2386
119 1 3.4061 1.4751 5.7564
120 1 3.5433 3.9264 3.0369
121 1 2.4712 1.2696 0.28661
122 1 0.64258 0.56239 5.8898
123 1 5.1245 5.5248 1.7484
124 1 5.4716 5.8298 3.2272
125 1 3.8701 4.9618 3.4518
126 1 5.9575 5.2913 2.4271
127 1 1.0086 0.15573 0.47048
128 1 2.4762 1.6901 4.5467
129 1 3.6491 3.8142 1.7854
130 1 5.2897 0.42055 3.8564
131 1 1.8244 3.4354 5.0617
132 1 4.4929 4.0363 2.4278
133 1 0.78628 2.3473 5.2107
134 1 5.0806 0.36192 2.8027
135 1 6.0703 0.47795 4.7976
136 1 5.3731 4.5141 1.9773
137 1 4.2673 2.9308 1.3511
138 1 1.7346 3.1563 3.2357
139 1 3.4861 2.7914 4.5069
140 1 4.4686 4.5623 0.33977
141 1 6.1187 5.3548 1.3563
142 1 5.3007 3.3814 5.7679
143 1 4.0514 3.0591 2.3946
144 1 3.6348 1.3078 2.851
145 1 1.2278 4.386 1.8993
146 1 1.9316 0.40354 3.0219
147 1 4.5575 6.0783 4.27
148 1 5.7918 0.0081251 2.0838
149 1 4.704 0.17723 1.8027
150 1 0.012579 4.5158 0.6624
151 1 0.53535 4.7459 3.7969
152 1 0.31947 6.2968 1.3577
153 1 2.1239 4.4778 4.7592
154 1 1.3252 2.8474 4.309
155 1 4.5065 2.1733 2.8272
156 1 0.10459 3.8439 4.2462
157 1 2.231 5.777 3.3532
158 1 4.6788 3.94 1.3948
159 1 4.1563 6.154 0.0027113
160 1 2.4129 4.0165 3.0726
161 1 3.3226 3.2995 5.6295
162 1 0.52706 5.5425 0.57583
163 1 0.22487 2.7643 4.3634
164 1 6.1681 2.4462 0.22178
165 1 3.5406 1.7059 0.88696
166 1 5.3124 1.4249 3.2244
167 1 2.9314 2.2056 0.059646
168 1 2.9953 0.80717 4.9134
169 1 0.77389 2.0473 6.2959
170 1 6.1171 1.067 3.8806
171 1 4.4244 5.8838 3.2304
172 1 4.6046 1.9395 0.94543
173 1 1.8372 4.9009 2.6746
174 1 4.9566 5.2767 6.002
175 1 5.3327 4.7058 0.93519
176 1 1.1644 4.0434 4.3271
177 1 4.2698 4.9266 1.4115
178 1 1.9588 5.3376 1.7111
179 1 2.8735 5.0013 6.0053
180 1 6.1622 3.3695 2.2366
181 1 1.4674 1.9996 1.0058
182 1 4.1643 5.6941 2.1792
183 1 0.72416 3.4226 5.0815
184 1 3.5981 4.2111 6.1459
185 1 5.4612 0.86618 0.4667
186 1 1.3442 1.1619 0.26093
187 1 4.402 0.8615 3.4756
188 1 2.9833 0.44199 2.9875
189 1 3.9584 0.94692 1.5558
190 1 0.94241 2.7019 1.6676
191 1 6.123 2.1067 3.6062
192 1 1.6072 5.6074 0.71936
193 1 2.8122 0.52294 5.9657
194 1 1.0783 4.608 0.80198
195 1 0.55738 4.8613 6.0817
196 1 4.7977 0.75759 5.9667
197 1 6.1454 2.6666 5.4955
198 1 5.8553 5.4071 0.26555
199 1 1.4371 5.9009 2.5051
200 1 4.9516 1.3975 4.2564
201 1 1.3862 0.7326 2.1706
202 1 1.4149 1.4158 2.9744
203 1 4.9729 2.5807 0.11917
204 1 5.5188 1.6882 6.1692
205 1 0.87024 1.0673 3.8165
206 1 0.87918 3.4644 2.4185
207 1 3.847 0.52698 5.5345
208 1 1.9578 1.6971 2.0555
209 1 3.5445 1.7314 4.6926
210 1 3.0587 1.57 1.9525
211 1 0.28821 5.6851 4.8243
212 1 5.0694 2.3551 3.7158
213 1 6.307 2.8338 1.269
214 1 4.6039 4.2678 5.6447
215 1 3.2992 4.5636 1.1507
216 1 2.3818 2.4707 2.7326
217 1 0.83504 0.92371 1.2018
218 1 2.3394 1.422 5.5785
219 1 5.6902 1.8292 0.94265
220 1 1.4937 0.14423 4.0102
221 1 3.1325 5.423 1.748
222 1 3.4017 2.3159 2.71
223 1 3.9431 5.1177 5.66
224 1 1.3371 2.4202 2.6138
225 1 3.5999 4.2948 5.0681
226 1 4.0304 2.0013 1.8704
227 1 2.0147 1.0839 3.8197
228 1 0.85642 5.3537 1.6154
229 1 2.9069 2.3481 5.3142
230 1 5.9892 4.8929 4.4206
231 1 2.0681 4.4596 1.1605
232 1 4.8515 5.0032 2.7761
233 1 2.4403 6.2364 5.1661
234 1 4.2674 3.3572 6.1295
235 1 5.8998 0.62013 5.8502
236 1 0.87101 0.30155 3.0771
237 1 5.5836 2.4577 2.7444
238 1 5.504 6.2912 1.0714
239 1 4.0234 0.33519 2.6446
240 1 5.9076 3.1742 3.5244
241 1 5.0745 2.365 5.4378
242 1 6.1858 1.9826 1.9372
243 1 2.8549 4.9489 3.0328
244 1 5.0284 5.1872 4.9311
245 1 0.51081 3.7426 1.2483
246 1 1.2003 5.1129 4.5778
247 1 6.136 0.35788 3.0753
248 1 3.9074 5.9892 1.1627
249 1 5.5206 1.3503 5.1685
250 1 3.1079 5.5586 3.9335
251 1 0.30339 2.5527 2.7443
252 1 1.2456 3.0036 5.9414
253 1 5.9749 5.0644 5.5279
254 1 0.69049 3.2468 3.5118
255 1 0.15856 5.6797 3.3771
256 1 2.4437 0.70289 2.0915
